9.432980478646071365e-01 9.273858438737603294e-01 9.389817017768277152e-01 9.197607382382428920e-01 8.937245012768382235e-01 9.450553524498332969e-01 8.463901117086775061e-01
9.850737058039107374e-01 9.927234872707152435e-01 9.938202454254101426e-01 9.911571420268265875e-01 9.697689269932117107e-01 9.661115148311102407e-01 9.024490919209211537e-01
0.000000000000000000e+00 0.000000000000000000e+00 0.000000000000000000e+00 0.000000000000000000e+00 0.000000000000000000e+00 0.000000000000000000e+00 0.000000000000000000e+00
0.000000000000000000e+00 0.000000000000000000e+00 0.000000000000000000e+00 0.000000000000000000e+00 0.000000000000000000e+00 0.000000000000000000e+00 0.000000000000000000e+00
5.270454789924593486e-01 4.877671396842331863e-01 5.818375891126279509e-01 5.022548574622183182e-01 4.006402347865602454e-01 7.879035101731626245e-01 8.862407501503674068e-01
0.000000000000000000e+00 0.000000000000000000e+00 0.000000000000000000e+00 0.000000000000000000e+00 0.000000000000000000e+00 0.000000000000000000e+00 0.000000000000000000e+00
8.933313034197627456e-01 8.943851707999100897e-01 8.821393327292621489e-01 8.351823721531376199e-01 7.297893044535238571e-01 6.827318984524127776e-01 8.158817627438631481e-01
8.648037088835904829e-01 9.230581191023601306e-01 9.523505744797573502e-01 9.284623903107233067e-01 9.131946315228418598e-01 9.472361348319106034e-01 9.423769546534503938e-01
0.000000000000000000e+00 0.000000000000000000e+00 0.000000000000000000e+00 0.000000000000000000e+00 0.000000000000000000e+00 0.000000000000000000e+00 0.000000000000000000e+00
0.000000000000000000e+00 0.000000000000000000e+00 0.000000000000000000e+00 0.000000000000000000e+00 0.000000000000000000e+00 0.000000000000000000e+00 0.000000000000000000e+00
7.504290753628009014e-01 8.273158286923520954e-01 9.082095719632438113e-01 8.899793052934054094e-01 8.151402399737028848e-01 5.589476239693281778e-01 2.864748229878570362e-01
8.783960353569379986e-01 7.387974421364580380e-01 8.364607318280703474e-01 7.755314655615648256e-01 4.566613885102209780e-01 4.972629189531507787e-01 7.406013467877636813e-01
8.084380190215498807e-01 9.027663776174629229e-01 9.414849312410695781e-01 9.498641462487886766e-01 9.623723141633208078e-01 9.263850742408907823e-01 8.731620474125998399e-01
9.785356602636434697e-01 9.849638009283046003e-01 9.902479921946126806e-01 9.927047369857641135e-01 9.874989465369213848e-01 9.654692139615812518e-01 9.834829876704611618e-01
9.857737660407563940e-01 9.901257755641533764e-01 9.924332349415015964e-01 9.876795213148599206e-01 9.126940911257941380e-01 5.101419927442548685e-01 9.792060116840867190e-01
0.000000000000000000e+00 0.000000000000000000e+00 0.000000000000000000e+00 0.000000000000000000e+00 0.000000000000000000e+00 0.000000000000000000e+00 0.000000000000000000e+00
0.000000000000000000e+00 0.000000000000000000e+00 0.000000000000000000e+00 0.000000000000000000e+00 0.000000000000000000e+00 0.000000000000000000e+00 0.000000000000000000e+00
9.737985730790890138e-01 9.781392815202903934e-01 9.785112879360884364e-01 9.678487936103918887e-01 9.109325398785743655e-01 6.744500219667508567e-01 4.393246675181041727e-01
9.801249094968046416e-01 9.860701434767030760e-01 9.890863631875518314e-01 9.883289578648882800e-01 9.746855049754215017e-01 9.258360854797254014e-01 6.143868823398132006e-01
0.000000000000000000e+00 0.000000000000000000e+00 0.000000000000000000e+00 0.000000000000000000e+00 0.000000000000000000e+00 0.000000000000000000e+00 0.000000000000000000e+00
0.000000000000000000e+00 0.000000000000000000e+00 0.000000000000000000e+00 0.000000000000000000e+00 0.000000000000000000e+00 0.000000000000000000e+00 0.000000000000000000e+00
9.440659672395890212e-01 9.558703870285122361e-01 9.672622293687082040e-01 9.777584141906461301e-01 9.751168972278548841e-01 9.479813807992473196e-01 8.301299308208619498e-01
9.756609122874875251e-01 9.774119213457923561e-01 9.648362019941079115e-01 8.247226231484453551e-01 8.025506692334635206e-01 9.121687244839872255e-01 7.073392211771678539e-01
0.000000000000000000e+00 0.000000000000000000e+00 0.000000000000000000e+00 0.000000000000000000e+00 0.000000000000000000e+00 0.000000000000000000e+00 0.000000000000000000e+00
9.360350345097970814e-01 9.219548473659373578e-01 9.028132202683414320e-01 6.641286932146881483e-01 4.388358704472017369e-01 2.298189204775819561e-01 1.599245235666164333e-01
9.604160078894341535e-01 9.743340313455236545e-01 9.827710408438650180e-01 9.840113345272687440e-01 9.784048388594669410e-01 9.749811421513222554e-01 9.149407702248308905e-01
0.000000000000000000e+00 0.000000000000000000e+00 0.000000000000000000e+00 0.000000000000000000e+00 0.000000000000000000e+00 0.000000000000000000e+00 0.000000000000000000e+00
0.000000000000000000e+00 0.000000000000000000e+00 0.000000000000000000e+00 0.000000000000000000e+00 0.000000000000000000e+00 0.000000000000000000e+00 0.000000000000000000e+00
8.053049796365200352e-01 9.166560875817134635e-01 8.652561937175282658e-01 8.611896943462423737e-01 5.618804466493170224e-01 4.194083233091164264e-01 6.003164937320892847e-01
7.762358789629277833e-01 6.965841712104235972e-01 5.276116108784509873e-01 5.852995618535119515e-01 7.963308133718740578e-01 9.175494775704261530e-01 9.224020595160473679e-01
0.000000000000000000e+00 0.000000000000000000e+00 0.000000000000000000e+00 0.000000000000000000e+00 0.000000000000000000e+00 0.000000000000000000e+00 0.000000000000000000e+00
5.734256899846538191e-01 9.101334902463170673e-02 6.058829614144915082e-02 5.690734798070077316e-01 5.870312695057645636e-01 5.428539537796458481e-01 7.839460124610334590e-01
0.000000000000000000e+00 0.000000000000000000e+00 0.000000000000000000e+00 0.000000000000000000e+00 0.000000000000000000e+00 0.000000000000000000e+00 0.000000000000000000e+00
9.470477442756467523e-01 9.441664094375283867e-01 9.219258358572711698e-01 9.086597947508827655e-01 9.333955188017887261e-01 5.998725803200449791e-01 6.991714680901869317e-01
9.513861599508155464e-01 9.665630270531165857e-01 9.732684714599784126e-01 9.687329415220902185e-01 9.687135863737997843e-01 9.485838820696814722e-01 9.665949278339099893e-01
9.781637219778136494e-01 9.856980886845435608e-01 9.892399175882253815e-01 9.826825227242658167e-01 9.612080251452430613e-01 9.532735838008692397e-01 9.288341288381585237e-01
9.776312393397615930e-01 9.871615757678549041e-01 9.920995704331768694e-01 9.933735936601726380e-01 9.907100972154806451e-01 9.781117663960813280e-01 9.058918127835301481e-01
9.619450195381024082e-01 9.792671195921951455e-01 9.857096601339693231e-01 9.885348303495501421e-01 9.858961013098412884e-01 9.818121998161657427e-01 9.208862111915593340e-01
8.537902173447621257e-01 8.300373102612673692e-01 8.807061759844028170e-01 9.437718054673239765e-01 9.656884837586534598e-01 7.455681444300488181e-01 5.945244893870007541e-01
0.000000000000000000e+00 0.000000000000000000e+00 0.000000000000000000e+00 0.000000000000000000e+00 0.000000000000000000e+00 0.000000000000000000e+00 0.000000000000000000e+00
9.749049318549027898e-01 9.825209108901634680e-01 9.896741143615381819e-01 9.890425080674608571e-01 9.769964764023004733e-01 9.507815006382315248e-01 9.393745774352726396e-01
0.000000000000000000e+00 0.000000000000000000e+00 0.000000000000000000e+00 0.000000000000000000e+00 0.000000000000000000e+00 0.000000000000000000e+00 0.000000000000000000e+00
0.000000000000000000e+00 0.000000000000000000e+00 0.000000000000000000e+00 0.000000000000000000e+00 0.000000000000000000e+00 0.000000000000000000e+00 0.000000000000000000e+00
7.682191410457600567e-01 7.659581310101836182e-01 6.560872809329983957e-01 3.893734674027183318e-01 2.043961923894143384e-01 5.319188063316129256e-01 9.467190360396320337e-01
8.529492951805991430e-01 9.176562146034689116e-01 9.510784308961222067e-01 9.577632607598176584e-01 9.332975971495314216e-01 9.637860882253100892e-01 9.798265699521054861e-01
9.568748165137463957e-01 9.607450028511538287e-01 9.656202555336170779e-01 9.725411560429936264e-01 9.868683896409196077e-01 9.654218252900814701e-01 8.609466454876139041e-01
8.671398540736572347e-01 7.176427199257626732e-01 5.003765257754884122e-01 8.091730390927007743e-01 4.526343993208454264e-01 6.708718316283562855e-01 8.150883014379168845e-01
9.059552270142463559e-01 7.579501381511771774e-01 6.097200899559491738e-01 7.171283342067711342e-01 6.935530746216589382e-01 7.452150422462148205e-01 8.968634023788046861e-01
9.879930818380243673e-01 9.916921765903751185e-01 9.926943102041184686e-01 9.883807863268595506e-01 9.901531698312798779e-01 9.837106836291248380e-01 9.837089237635644468e-01
0.000000000000000000e+00 0.000000000000000000e+00 0.000000000000000000e+00 0.000000000000000000e+00 0.000000000000000000e+00 0.000000000000000000e+00 0.000000000000000000e+00
9.487023368662672596e-01 9.442416507711440810e-01 9.594975681134247925e-01 9.630494207714362931e-01 9.714766031402563007e-01 9.751687578936200085e-01 9.886274220300164117e-01
9.486767207423648651e-01 9.310282098937806561e-01 9.408781463755504504e-01 8.216681244407240126e-01 8.482158431488323602e-01 8.806215533665475714e-01 9.554530243933524458e-01
8.611425017260860848e-01 9.267006741570196215e-01 9.445101048453138359e-01 9.148161273209460820e-01 9.396414357082378821e-01 9.426282389344615709e-01 9.665105584967638164e-01
7.335527835532530405e-01 5.949904160916970053e-01 7.942051527195945759e-01 8.478069481363236237e-01 8.949510334735024664e-01 9.428860957485490912e-01 9.863746557165478102e-01
9.818470741137920177e-01 9.870662029073716814e-01 9.889563239001163408e-01 9.887179133388225294e-01 9.819680482550419143e-01 6.544163401652562939e-01 4.992471617335050849e-01
9.828731831451397172e-01 9.852029862740440125e-01 9.803778442334146748e-01 9.572943072674020559e-01 9.418344129090350236e-01 9.385539183422877407e-01 9.148735116467164863e-01
9.824025897862611600e-01 9.847392428122874186e-01 9.904338130816301433e-01 9.927086706829167939e-01 9.923072297657263841e-01 9.827894503665788317e-01 9.085884521306669681e-01
9.823709576738347549e-01 9.847375144203441844e-01 9.905056244697023615e-01 9.927203178043304543e-01 9.922818715418858515e-01 9.825306262538436863e-01 9.076620887291815265e-01
0.000000000000000000e+00 0.000000000000000000e+00 0.000000000000000000e+00 0.000000000000000000e+00 0.000000000000000000e+00 0.000000000000000000e+00 0.000000000000000000e+00
9.817200871524593975e-01 9.843005778646706228e-01 9.859468954869742285e-01 7.927654447206426980e-01 4.325586409658493392e-01 6.744019225262453121e-01 8.744550994722071202e-01
0.000000000000000000e+00 0.000000000000000000e+00 0.000000000000000000e+00 0.000000000000000000e+00 0.000000000000000000e+00 0.000000000000000000e+00 0.000000000000000000e+00
9.331683152536373038e-01 9.309957399331859618e-01 9.496110006293796424e-01 9.626973347100563627e-01 9.746051942609090801e-01 9.764782075519095050e-01 9.704153058799003251e-01
0.000000000000000000e+00 0.000000000000000000e+00 0.000000000000000000e+00 0.000000000000000000e+00 0.000000000000000000e+00 0.000000000000000000e+00 0.000000000000000000e+00
9.505172849962271187e-01 9.292284366855152467e-01 6.801655484464174117e-01 4.240860027061560955e-01 3.189546553544682639e-01 2.839183721978911223e-01 2.373709588066095777e-01
0.000000000000000000e+00 0.000000000000000000e+00 0.000000000000000000e+00 0.000000000000000000e+00 0.000000000000000000e+00 0.000000000000000000e+00 0.000000000000000000e+00
0.000000000000000000e+00 0.000000000000000000e+00 0.000000000000000000e+00 0.000000000000000000e+00 0.000000000000000000e+00 0.000000000000000000e+00 0.000000000000000000e+00
9.963684919364519388e-01 9.965084248504438857e-01 9.944170205059165157e-01 9.859382442843656058e-01 9.648907386960863253e-01 7.271943462850833928e-01 2.586807915796536239e-01
9.274717392212763478e-01 8.943279011874109008e-01 8.739149573206194122e-01 9.019774985559982916e-01 8.496278754131227906e-01 7.190994555988737824e-01 4.537151178361179538e-01
9.698914658480716211e-01 9.862009234923826417e-01 9.876783236295607615e-01 9.794988900942830368e-01 9.541572674004278332e-01 9.006727627676194281e-01 9.372563392968497054e-01
0.000000000000000000e+00 0.000000000000000000e+00 0.000000000000000000e+00 0.000000000000000000e+00 0.000000000000000000e+00 0.000000000000000000e+00 0.000000000000000000e+00
8.922363444081036210e-01 8.614960313325713548e-01 8.073312828530441188e-01 6.904229562635557649e-01 5.220815912662263303e-01 3.565334458820863528e-01 4.336751463156465758e-01
0.000000000000000000e+00 0.000000000000000000e+00 0.000000000000000000e+00 0.000000000000000000e+00 0.000000000000000000e+00 0.000000000000000000e+00 0.000000000000000000e+00
0.000000000000000000e+00 0.000000000000000000e+00 0.000000000000000000e+00 0.000000000000000000e+00 0.000000000000000000e+00 0.000000000000000000e+00 0.000000000000000000e+00
7.316316417223825974e-01 8.556446443758685128e-01 9.229118480998138585e-01 9.674955853734460431e-01 9.357029603385311756e-01 4.400121849058483692e-01 4.568227347977608099e-01
0.000000000000000000e+00 0.000000000000000000e+00 0.000000000000000000e+00 0.000000000000000000e+00 0.000000000000000000e+00 0.000000000000000000e+00 0.000000000000000000e+00
9.014590024174127247e-01 9.096776689813537153e-01 9.006284204079825217e-01 7.382528172782467646e-01 5.891757469374105938e-01 5.521664489675454091e-01 4.733431334196381846e-01
8.135111447624511216e-01 7.942595981693370000e-01 7.575910707115032228e-01 6.989473739498530680e-01 5.832267559363403242e-01 6.269170695235387614e-01 6.350213630607648430e-01
8.625941505135035214e-01 8.590081613666555871e-01 8.270487301702762473e-01 7.725169252292394262e-01 7.420397269733927104e-01 8.796437683046365308e-01 7.462544877731681625e-01
8.370266363939774523e-01 7.280847401419622278e-01 7.657634554772277946e-01 7.068782046461730140e-01 7.013933482024040655e-01 5.190861045362051840e-01 3.647883211722190433e-01
9.188345500649581776e-01 8.531865322002342156e-01 8.120804292836202309e-01 8.861892275106275640e-01 8.577791551371211076e-01 8.458777183181245274e-01 7.769579367193503172e-01
0.000000000000000000e+00 0.000000000000000000e+00 0.000000000000000000e+00 0.000000000000000000e+00 0.000000000000000000e+00 0.000000000000000000e+00 0.000000000000000000e+00
9.058494592530341727e-01 9.512894777295992643e-01 9.670322707077525504e-01 9.062262512445745655e-01 9.494532633001501187e-01 9.861444506335167448e-01 9.808599254276605395e-01
9.774004274296209660e-01 9.652081211498417801e-01 9.606027741928190311e-01 9.408316445322628674e-01 8.335244611193595166e-01 6.132156865609975638e-01 3.276933882162557654e-01
9.800109960359028038e-01 9.732269828569705128e-01 9.774149456054002094e-01 9.849848793858544393e-01 9.875105861676897190e-01 9.539564265662920928e-01 8.367206801695324936e-01
5.971524139800939990e-01 5.585668049253500467e-01 8.820997236263594665e-01 9.493394257471683417e-01 9.234024524007126145e-01 9.312796762446430288e-01 9.587424889216753510e-01
9.902361316170078531e-01 9.931733411955758761e-01 9.909354685379234695e-01 9.820785986720734773e-01 9.674032211604841613e-01 9.358986479661844937e-01 9.323752910435998409e-01
9.902078182285153352e-01 9.930900247580687346e-01 9.901436882158164421e-01 9.821285868518965234e-01 9.659577696606574948e-01 9.350589879549634498e-01 9.307914945608632973e-01
9.379360352514872767e-01 9.466160968607774118e-01 9.534672249669789990e-01 9.718180871125777776e-01 9.796709090164035239e-01 9.733257177498423340e-01 9.393372085920974612e-01
0.000000000000000000e+00 0.000000000000000000e+00 0.000000000000000000e+00 0.000000000000000000e+00 0.000000000000000000e+00 0.000000000000000000e+00 0.000000000000000000e+00
0.000000000000000000e+00 0.000000000000000000e+00 0.000000000000000000e+00 0.000000000000000000e+00 0.000000000000000000e+00 0.000000000000000000e+00 0.000000000000000000e+00
0.000000000000000000e+00 0.000000000000000000e+00 0.000000000000000000e+00 0.000000000000000000e+00 0.000000000000000000e+00 0.000000000000000000e+00 0.000000000000000000e+00
8.510462061043854165e-01 7.600668003159652963e-01 6.301714613743545357e-01 6.976971503022803001e-01 5.833549942354913087e-01 2.929589992804805809e-01 3.946014890796816221e-01
4.949299027812397167e-01 7.024918905892912901e-01 3.978210531400921401e-01 3.809734905619065470e-01 1.664573563125687772e-01 3.504777163946125595e-01 6.537603274158967359e-01
9.712122179495727980e-01 9.664760822154443431e-01 9.525565583732958919e-01 9.535281777251477520e-01 9.803973521859571383e-01 9.893917460204788572e-01 9.772408919334011346e-01
0.000000000000000000e+00 0.000000000000000000e+00 0.000000000000000000e+00 0.000000000000000000e+00 0.000000000000000000e+00 0.000000000000000000e+00 0.000000000000000000e+00
9.652748199858895983e-01 9.812453563707137505e-01 9.887100552007453969e-01 9.876934630643217083e-01 9.798200776680726642e-01 9.680009567195362319e-01 9.711553468464196870e-01
8.716632917779328915e-01 8.460258799616301451e-01 8.503953759253478628e-01 9.265964265545049150e-01 9.338632257188165253e-01 8.034958346978869903e-01 8.134655311022066515e-01
7.657989590058995599e-01 8.328938008775612634e-01 8.643663493241477980e-01 9.497849317041737738e-01 9.721449231670491464e-01 9.793854296183504005e-01 9.628807035739138653e-01
9.653834060599506550e-01 9.680165224739429863e-01 9.669995328566597381e-01 9.618013295906235882e-01 9.375245556852888074e-01 9.027891618721494149e-01 9.093312139823113149e-01
9.829385124554469444e-01 9.595810206698928146e-01 9.334332097325885869e-01 9.108338023552099427e-01 8.542088631559959788e-01 8.844702677199155483e-01 9.601367258908223290e-01
9.764170779242095088e-01 9.465500739736304459e-01 9.010560687110132916e-01 8.723798341766404452e-01 8.179869272894990662e-01 9.386072104598236487e-01 9.713032121683494724e-01
9.699510516717763098e-01 9.160314144428803873e-01 8.352673004745392316e-01 7.742535927191563916e-01 7.869952951088862170e-01 7.970630312685227370e-01 9.230057170341425810e-01
9.694377181824833656e-01 9.777385793927603208e-01 9.665617725303153884e-01 9.284238478196752409e-01 9.370876584857227298e-01 9.032706031490544962e-01 9.083442471228925230e-01
9.730510137735873810e-01 9.715232409424268134e-01 9.767288639207432066e-01 9.804282588760908634e-01 9.743771249350510200e-01 9.346019678363129968e-01 8.389819652087220359e-01
8.146396627500317456e-01 8.582799757924990391e-01 8.565018703359864594e-01 8.474731457915175570e-01 8.882685890984245436e-01 9.851827372459968091e-01 9.797223953301189558e-01
0.000000000000000000e+00 0.000000000000000000e+00 0.000000000000000000e+00 0.000000000000000000e+00 0.000000000000000000e+00 0.000000000000000000e+00 0.000000000000000000e+00
8.586635629580398055e-01 9.229873159521032600e-01 9.018012217673899711e-01 7.231549871247522354e-01 3.159439436278986268e-01 3.697807658384792973e-01 8.533546625388864493e-02
9.034287416278573568e-01 8.166628522090964015e-01 9.094832260555540948e-01 9.338785205306178172e-01 9.285545133769514958e-01 6.729781820401197212e-01 6.121587628284849147e-01
9.688232549405284555e-01 9.784105010918634493e-01 9.722807846045966595e-01 9.716855130140960028e-01 9.826453205437383209e-01 9.797135167734144501e-01 9.403320059680508880e-01
9.018332289540555990e-01 9.378882531964488622e-01 9.539854047620507371e-01 9.378686415488874939e-01 8.829654895453040719e-01 9.521315651525613655e-01 8.871156331613135881e-01
5.165478836899296544e-01 7.078642825168072195e-01 4.696282300261359621e-01 6.512594534601622298e-01 8.202345401675046332e-01 6.976476139157568035e-01 5.837698498575412120e-01
0.000000000000000000e+00 0.000000000000000000e+00 0.000000000000000000e+00 0.000000000000000000e+00 0.000000000000000000e+00 0.000000000000000000e+00 0.000000000000000000e+00
0.000000000000000000e+00 0.000000000000000000e+00 0.000000000000000000e+00 0.000000000000000000e+00 0.000000000000000000e+00 0.000000000000000000e+00 0.000000000000000000e+00
8.239511605688349949e-01 8.231112934366427991e-01 8.310205007369082519e-01 8.662395054605835920e-01 8.461878084234889519e-01 8.352730118806260817e-01 8.601214877987897189e-01
0.000000000000000000e+00 0.000000000000000000e+00 0.000000000000000000e+00 0.000000000000000000e+00 0.000000000000000000e+00 0.000000000000000000e+00 0.000000000000000000e+00
9.826333988083453264e-01 9.882303757104579089e-01 9.911993351176467959e-01 9.916685774405635811e-01 9.911912341794827386e-01 9.664901982862612595e-01 9.597487252007999015e-01
8.723537137229050442e-01 8.958275213864207442e-01 8.886045200888955664e-01 7.123855721270716534e-01 5.146052427235011661e-01 4.193338403552091531e-01 3.672737586118197672e-01
9.801149923429472999e-01 9.850166850520163386e-01 9.888796577190642756e-01 9.818670703546239498e-01 9.522426229911816753e-01 6.058335814116450058e-01 4.396912053942435561e-01
0.000000000000000000e+00 0.000000000000000000e+00 0.000000000000000000e+00 0.000000000000000000e+00 0.000000000000000000e+00 0.000000000000000000e+00 0.000000000000000000e+00
9.735431217987082775e-01 9.748954201195874081e-01 9.723674393404174721e-01 9.677918105073721744e-01 8.998616017667953049e-01 5.641676201731564699e-01 8.973948797120901988e-01
1.974797806536697231e-01 3.467440913770644673e-01 3.205139220447639214e-01 1.377885695510997210e-01 1.198353974681855838e-01 2.284554080795831443e-01 2.239196407681944834e-01
9.898518761196858362e-01 9.928908676028914693e-01 9.883904570615014151e-01 9.821152006869297013e-01 9.789784413258433293e-01 9.584058279618337117e-01 8.113622422955486524e-01
9.694404406301436739e-01 9.566080735821980152e-01 9.215218761454184726e-01 6.385581667322243193e-01 6.953663926727160494e-01 8.453691359726265286e-01 9.854288223880232067e-01
9.549662730241302855e-01 9.246137092698265558e-01 9.344168075017893482e-01 8.467177867528599133e-01 7.413709965728824125e-01 6.279857183078847438e-01 5.070706766827621781e-01
9.358730164447394140e-01 9.374429680935396636e-01 9.697663335978216059e-01 9.742551636901356504e-01 9.699599403727707791e-01 9.561076253177736017e-01 9.161336123936213438e-01
9.754069065979987796e-01 9.830410404788398893e-01 9.886646558246797722e-01 9.916646490405199854e-01 9.900091746164768614e-01 9.679409526690496701e-01 9.150803651065775313e-01
8.605645433413059431e-01 9.058326721269371884e-01 8.751111970783831406e-01 8.634217548992362268e-01 8.413582948604808598e-01 6.049489178087660290e-01 2.585388435288114017e-01
9.537671530894793470e-01 9.631326835838995848e-01 9.668350393445415136e-01 9.677450929775874844e-01 9.710868789976435655e-01 9.628647525509709260e-01 9.022561424213524361e-01
6.544898163911995193e-01 3.040715676284646563e-01 4.128637627652074205e-01 5.918613319891092850e-01 9.004058944584846236e-01 9.692282588320858538e-01 9.919778369594612899e-01
9.893176622594319625e-01 9.912653901355680253e-01 9.876585895639634627e-01 9.741172211745595666e-01 9.509856529281219828e-01 9.370530010107299690e-01 8.781086956232559970e-01
9.273087325718277762e-01 9.353757649770170213e-01 9.513571638592501767e-01 9.774276056517203770e-01 9.812668735305170031e-01 9.631527365973047150e-01 9.743768915357680083e-01
9.492257352793889158e-01 9.533843748946545515e-01 9.421294768938625053e-01 9.131324487684796543e-01 8.941060529978789306e-01 9.363043461384463750e-01 9.581980366190588905e-01
8.456748320614682068e-01 8.823600580293083917e-01 9.082255400401288981e-01 9.338712789842040785e-01 8.481240582515108262e-01 4.677014232000374361e-01 5.929618685475199769e-01
8.734260230748525089e-01 9.124800758154346658e-01 9.471033243967172943e-01 9.624947730585475814e-01 9.641890527272950484e-01 8.657670399083496893e-01 9.610390270601185669e-01
8.834886398583718936e-01 7.309892042819619018e-01 6.687092497085671550e-01 7.678443865302601035e-01 9.083876117563756125e-01 8.946231957812554869e-01 9.417546640228665611e-01
0.000000000000000000e+00 0.000000000000000000e+00 0.000000000000000000e+00 0.000000000000000000e+00 0.000000000000000000e+00 0.000000000000000000e+00 0.000000000000000000e+00
8.402536426754108057e-01 8.832597344172432585e-01 8.734353272673651691e-01 7.582905362713446840e-01 5.733949272006761966e-01 5.811660252506830604e-01 7.212846174728222426e-01
8.607335353831556679e-01 8.173199609043845237e-01 7.285570001072475543e-01 5.805980381463118345e-01 5.307216731870416648e-01 5.471371109570242197e-01 8.127382056275529454e-01
9.914682819591322804e-01 9.898214830268059483e-01 9.883508277224678507e-01 9.597419025795843606e-01 8.260988575516633459e-01 8.107922946875036896e-01 8.251568335101783225e-01
0.000000000000000000e+00 0.000000000000000000e+00 0.000000000000000000e+00 0.000000000000000000e+00 0.000000000000000000e+00 0.000000000000000000e+00 0.000000000000000000e+00
9.712397192300781246e-01 9.851851491824220597e-01 9.933233872809265064e-01 9.950863028142284961e-01 9.944442421382458930e-01 9.923513199302222976e-01 9.891230417617199455e-01
0.000000000000000000e+00 0.000000000000000000e+00 0.000000000000000000e+00 0.000000000000000000e+00 0.000000000000000000e+00 0.000000000000000000e+00 0.000000000000000000e+00
5.455225171396248518e-01 5.907699984508160140e-01 2.588536722678475566e-01 4.123050810846826675e-01 3.478398041048920142e-01 7.087749305393824528e-01 5.424731040573100849e-01
9.766545319384151158e-01 9.795108033634218891e-01 9.845268298762414050e-01 8.750201358092414283e-01 4.234633356937281268e-01 4.093971150449196017e-01 4.591007827151481480e-01
0.000000000000000000e+00 0.000000000000000000e+00 0.000000000000000000e+00 0.000000000000000000e+00 0.000000000000000000e+00 0.000000000000000000e+00 0.000000000000000000e+00
0.000000000000000000e+00 0.000000000000000000e+00 0.000000000000000000e+00 0.000000000000000000e+00 0.000000000000000000e+00 0.000000000000000000e+00 0.000000000000000000e+00
0.000000000000000000e+00 0.000000000000000000e+00 0.000000000000000000e+00 0.000000000000000000e+00 0.000000000000000000e+00 0.000000000000000000e+00 0.000000000000000000e+00
9.730119697455066330e-01 9.858558040248908139e-01 9.920112936412806004e-01 9.887227654245097641e-01 9.753485742295476824e-01 9.436376341962056102e-01 9.175902736722933994e-01
0.000000000000000000e+00 0.000000000000000000e+00 0.000000000000000000e+00 0.000000000000000000e+00 0.000000000000000000e+00 0.000000000000000000e+00 0.000000000000000000e+00
8.461171381027828842e-01 6.563162070533862247e-01 5.994780054376732670e-01 5.421672205174906667e-01 9.400704759247698883e-01 9.849195635714489416e-01 9.929854658914507581e-01
0.000000000000000000e+00 0.000000000000000000e+00 0.000000000000000000e+00 0.000000000000000000e+00 0.000000000000000000e+00 0.000000000000000000e+00 0.000000000000000000e+00
7.122846478210882459e-01 7.643068530746353062e-01 8.734479034040599776e-01 9.382620574063244012e-01 9.564191057974502641e-01 9.735142111516066343e-01 9.771404072032625621e-01
9.634325027136736441e-01 9.691926948650066986e-01 9.862462649302964346e-01 9.523389477372559142e-01 8.817357161742326310e-01 9.145307346706238460e-01 4.360786871526619035e-01
7.301000673053444912e-01 5.496175736564318237e-01 5.505747946858308151e-01 4.832846777126941773e-01 8.375357911741475592e-01 7.393789773477077443e-01 7.640992802684531959e-01
5.486731528078168107e-01 5.352822368887001359e-01 8.816396806554515075e-01 9.764674441467805499e-01 9.906983813072142153e-01 9.630643890320501610e-01 9.799397589343380455e-01
6.274087660809787304e-01 6.602529143665020195e-01 5.406924777312928088e-01 4.440960189454444262e-01 5.554608132871351467e-01 4.097645430436487879e-01 3.432331854700805263e-01
9.733932125676952873e-01 9.819188770510907105e-01 9.734267674414800453e-01 9.248016557804953353e-01 9.119389986483759092e-01 5.990569621316127469e-01 5.352544228377444924e-01
9.283320530420768879e-01 9.327695051004842863e-01 9.755122716239746916e-01 9.795124123971549190e-01 9.700157952027497199e-01 7.776992904734287837e-01 9.119360301805305991e-01
0.000000000000000000e+00 0.000000000000000000e+00 0.000000000000000000e+00 0.000000000000000000e+00 0.000000000000000000e+00 0.000000000000000000e+00 0.000000000000000000e+00
0.000000000000000000e+00 0.000000000000000000e+00 0.000000000000000000e+00 0.000000000000000000e+00 0.000000000000000000e+00 0.000000000000000000e+00 0.000000000000000000e+00
9.734896327828738150e-01 9.856250421621596258e-01 9.836399041910071084e-01 9.664228367862840452e-01 9.469616919729041404e-01 8.586959437602258438e-01 9.460412180861924591e-01
9.765987951827879154e-01 9.835037898440417425e-01 9.755528438167010430e-01 9.458881954554412275e-01 9.605659159771494648e-01 6.652005889780717718e-01 8.294561808813205595e-01
9.348458670949745253e-01 8.966334061432117419e-01 8.204319182028105839e-01 7.668922929807332478e-01 9.374470015704576831e-01 9.361098519557711217e-01 9.720053500215570796e-01
9.655100983033108042e-01 9.676507627572329406e-01 9.627542298080016270e-01 9.628974238931454765e-01 9.191696075238569019e-01 4.193620172951728065e-01 8.998592335782386042e-01
0.000000000000000000e+00 0.000000000000000000e+00 0.000000000000000000e+00 0.000000000000000000e+00 0.000000000000000000e+00 0.000000000000000000e+00 0.000000000000000000e+00
9.290829129234433603e-01 9.141392461103570177e-01 9.029700910729149266e-01 9.126442203108936502e-01 9.638448508959932548e-01 9.648456510896389338e-01 9.389801301371860642e-01
8.257215177290686547e-01 8.122453717703327358e-01 9.165313278132775077e-01 9.292128226016534986e-01 9.306728443519333149e-01 8.424236258272032041e-01 4.316390541408906545e-01
8.592757750568921216e-01 8.476543303246574235e-01 8.267115580280780529e-01 8.879401125856097865e-01 9.549279824582649345e-01 9.180450452062194344e-01 8.627344438365439627e-01
0.000000000000000000e+00 0.000000000000000000e+00 0.000000000000000000e+00 0.000000000000000000e+00 0.000000000000000000e+00 0.000000000000000000e+00 0.000000000000000000e+00
0.000000000000000000e+00 0.000000000000000000e+00 0.000000000000000000e+00 0.000000000000000000e+00 0.000000000000000000e+00 0.000000000000000000e+00 0.000000000000000000e+00
0.000000000000000000e+00 0.000000000000000000e+00 0.000000000000000000e+00 0.000000000000000000e+00 0.000000000000000000e+00 0.000000000000000000e+00 0.000000000000000000e+00
0.000000000000000000e+00 0.000000000000000000e+00 0.000000000000000000e+00 0.000000000000000000e+00 0.000000000000000000e+00 0.000000000000000000e+00 0.000000000000000000e+00
0.000000000000000000e+00 0.000000000000000000e+00 0.000000000000000000e+00 0.000000000000000000e+00 0.000000000000000000e+00 0.000000000000000000e+00 0.000000000000000000e+00
0.000000000000000000e+00 0.000000000000000000e+00 0.000000000000000000e+00 0.000000000000000000e+00 0.000000000000000000e+00 0.000000000000000000e+00 0.000000000000000000e+00
0.000000000000000000e+00 0.000000000000000000e+00 0.000000000000000000e+00 0.000000000000000000e+00 0.000000000000000000e+00 0.000000000000000000e+00 0.000000000000000000e+00
0.000000000000000000e+00 0.000000000000000000e+00 0.000000000000000000e+00 0.000000000000000000e+00 0.000000000000000000e+00 0.000000000000000000e+00 0.000000000000000000e+00
0.000000000000000000e+00 0.000000000000000000e+00 0.000000000000000000e+00 0.000000000000000000e+00 0.000000000000000000e+00 0.000000000000000000e+00 0.000000000000000000e+00
0.000000000000000000e+00 0.000000000000000000e+00 0.000000000000000000e+00 0.000000000000000000e+00 0.000000000000000000e+00 0.000000000000000000e+00 0.000000000000000000e+00
0.000000000000000000e+00 0.000000000000000000e+00 0.000000000000000000e+00 0.000000000000000000e+00 0.000000000000000000e+00 0.000000000000000000e+00 0.000000000000000000e+00
0.000000000000000000e+00 0.000000000000000000e+00 0.000000000000000000e+00 0.000000000000000000e+00 0.000000000000000000e+00 0.000000000000000000e+00 0.000000000000000000e+00
0.000000000000000000e+00 0.000000000000000000e+00 0.000000000000000000e+00 0.000000000000000000e+00 0.000000000000000000e+00 0.000000000000000000e+00 0.000000000000000000e+00
0.000000000000000000e+00 0.000000000000000000e+00 0.000000000000000000e+00 0.000000000000000000e+00 0.000000000000000000e+00 0.000000000000000000e+00 0.000000000000000000e+00
0.000000000000000000e+00 0.000000000000000000e+00 0.000000000000000000e+00 0.000000000000000000e+00 0.000000000000000000e+00 0.000000000000000000e+00 0.000000000000000000e+00
0.000000000000000000e+00 0.000000000000000000e+00 0.000000000000000000e+00 0.000000000000000000e+00 0.000000000000000000e+00 0.000000000000000000e+00 0.000000000000000000e+00
0.000000000000000000e+00 0.000000000000000000e+00 0.000000000000000000e+00 0.000000000000000000e+00 0.000000000000000000e+00 0.000000000000000000e+00 0.000000000000000000e+00
0.000000000000000000e+00 0.000000000000000000e+00 0.000000000000000000e+00 0.000000000000000000e+00 0.000000000000000000e+00 0.000000000000000000e+00 0.000000000000000000e+00
0.000000000000000000e+00 0.000000000000000000e+00 0.000000000000000000e+00 0.000000000000000000e+00 0.000000000000000000e+00 0.000000000000000000e+00 0.000000000000000000e+00
0.000000000000000000e+00 0.000000000000000000e+00 0.000000000000000000e+00 0.000000000000000000e+00 0.000000000000000000e+00 0.000000000000000000e+00 0.000000000000000000e+00
0.000000000000000000e+00 0.000000000000000000e+00 0.000000000000000000e+00 0.000000000000000000e+00 0.000000000000000000e+00 0.000000000000000000e+00 0.000000000000000000e+00
0.000000000000000000e+00 0.000000000000000000e+00 0.000000000000000000e+00 0.000000000000000000e+00 0.000000000000000000e+00 0.000000000000000000e+00 0.000000000000000000e+00
