0.000000000000000000e+00 0.000000000000000000e+00 0.000000000000000000e+00 0.000000000000000000e+00 0.000000000000000000e+00 0.000000000000000000e+00 0.000000000000000000e+00
9.866431291715851426e-01 9.845890382527793250e-01 9.759723303682398265e-01 9.536019333550960209e-01 9.480902886482452940e-01 9.530250584575826744e-01 9.510761807125396317e-01
8.895171604972034185e-01 8.114560964126164011e-01 8.010574445523356291e-01 7.493206529130191917e-01 8.940327371207721363e-01 9.371228079518686416e-01 9.348028576451127281e-01
9.906862144141868054e-01 9.928732919639298160e-01 9.848314541230155372e-01 9.766852346348899871e-01 9.648039277799613789e-01 9.217444301648826110e-01 9.171297981359876061e-01
9.835375602938373207e-01 9.708585987310853760e-01 9.666770608465636849e-01 9.366162437280078912e-01 8.964330078619000552e-01 8.004385386986607731e-01 8.751570488596235320e-01
9.542381332851620490e-01 9.755734327988475618e-01 9.859428394552359753e-01 9.918237015249707911e-01 9.863731376445608046e-01 9.609768905779715320e-01 9.595476701817856613e-01
9.865569800328927164e-01 9.914331659218115211e-01 9.863709642578828429e-01 9.399151174127454711e-01 7.342511449506454735e-01 6.153487455347823598e-01 8.590497793883139499e-01
9.669859940647609342e-01 9.643573074684311797e-01 9.375966538475177803e-01 7.563893494018996133e-01 4.474006023640611507e-01 4.471454505346557085e-01 5.423934597416507630e-01
0.000000000000000000e+00 0.000000000000000000e+00 0.000000000000000000e+00 0.000000000000000000e+00 0.000000000000000000e+00 0.000000000000000000e+00 0.000000000000000000e+00
9.104121806777556447e-01 8.411206013427132699e-01 8.174286943569460950e-01 7.552842336031506676e-01 8.911535106570652731e-01 8.083075508130219688e-01 8.781934817086184397e-01
9.552855552911786452e-01 9.161357370988753024e-01 8.550905754197931641e-01 7.238031635878638959e-01 5.018828017656145057e-01 3.741627179281012960e-01 4.841219692609802783e-01
6.860431604110532877e-01 6.140657300916434469e-01 4.127007576190266924e-01 3.998455207330605110e-01 4.984967373513275457e-01 5.386227585629853598e-01 2.900943062114683113e-01
9.647348966680218130e-01 9.410073937374514585e-01 9.329510157918036173e-01 7.178354790316380241e-01 5.610948115605708386e-01 7.026927012076450429e-01 6.479430153377752077e-01
0.000000000000000000e+00 0.000000000000000000e+00 0.000000000000000000e+00 0.000000000000000000e+00 0.000000000000000000e+00 0.000000000000000000e+00 0.000000000000000000e+00
9.877221161668779947e-01 9.910722539777123696e-01 9.927194469039762881e-01 9.916314146530997853e-01 9.921963785396150648e-01 9.865567591850944451e-01 9.843222416415879916e-01
0.000000000000000000e+00 0.000000000000000000e+00 0.000000000000000000e+00 0.000000000000000000e+00 0.000000000000000000e+00 0.000000000000000000e+00 0.000000000000000000e+00
0.000000000000000000e+00 0.000000000000000000e+00 0.000000000000000000e+00 0.000000000000000000e+00 0.000000000000000000e+00 0.000000000000000000e+00 0.000000000000000000e+00
0.000000000000000000e+00 0.000000000000000000e+00 0.000000000000000000e+00 0.000000000000000000e+00 0.000000000000000000e+00 0.000000000000000000e+00 0.000000000000000000e+00
0.000000000000000000e+00 0.000000000000000000e+00 0.000000000000000000e+00 0.000000000000000000e+00 0.000000000000000000e+00 0.000000000000000000e+00 0.000000000000000000e+00
0.000000000000000000e+00 0.000000000000000000e+00 0.000000000000000000e+00 0.000000000000000000e+00 0.000000000000000000e+00 0.000000000000000000e+00 0.000000000000000000e+00
9.717339125577473258e-01 9.614767193492382846e-01 9.368630917992258889e-01 9.057516049930057767e-01 8.771224014460780039e-01 8.074034803758038947e-01 8.382457021214607673e-01
9.693909761602788056e-01 9.877139975232896996e-01 9.921781732547886312e-01 9.918357130864036142e-01 9.730630152585184600e-01 8.046144712128079357e-01 9.555179959464443762e-01
8.934793911558420731e-01 8.459329381632522127e-01 8.186602258089747952e-01 8.016677281687417667e-01 9.181585174072804945e-01 9.474813992218494851e-01 9.555384470435679400e-01
9.502873036344042790e-01 9.770756767162643852e-01 9.928446053511341685e-01 9.960167618253642496e-01 9.900046917971981886e-01 9.827094527744094643e-01 9.511738320160820770e-01
6.758606077866351480e-01 5.443365678487599446e-01 5.046377138553718167e-01 6.629852741236453850e-01 7.929060413876066749e-01 9.357948264504161173e-01 9.486828396118427431e-01
9.565608499638218465e-01 8.685314872050372559e-01 6.141547025699615192e-01 6.948521769625036759e-01 8.423737696833092370e-01 6.642617164369695182e-01 5.269465095141305788e-01
9.776912036252705107e-01 9.758990010221435529e-01 9.738835005318502436e-01 9.724064891793701149e-01 9.763136312879096002e-01 9.740873913457827049e-01 9.678955309510463012e-01
0.000000000000000000e+00 0.000000000000000000e+00 0.000000000000000000e+00 0.000000000000000000e+00 0.000000000000000000e+00 0.000000000000000000e+00 0.000000000000000000e+00
9.524174901150116446e-01 9.411592245156635839e-01 9.655899722420201448e-01 9.789973668691497322e-01 9.758611086977918569e-01 9.821480493342662488e-01 9.765286105312146470e-01
6.891387389137872965e-01 7.924569204807854206e-01 8.187282457665382429e-01 4.653048817673212101e-01 3.829645118720121366e-01 2.684326078786175573e-01 2.838947439608209278e-01
9.862134237890926025e-01 9.846384021606692238e-01 9.746866840079003724e-01 9.306308316861897634e-01 8.120470853338738193e-01 7.164719056244470696e-01 8.255827092107461684e-01
9.036558892803243648e-01 9.135530093636977655e-01 9.013948574715306972e-01 8.212944280140537234e-01 8.042416833329114612e-01 6.962929255806540318e-01 3.326456257557691698e-01
0.000000000000000000e+00 0.000000000000000000e+00 0.000000000000000000e+00 0.000000000000000000e+00 0.000000000000000000e+00 0.000000000000000000e+00 0.000000000000000000e+00
7.273583954006755947e-01 5.411542702857925491e-01 6.733419942298400906e-01 6.779426948969092814e-01 8.456582985049533319e-01 9.102069382516214668e-01 9.359412574187483402e-01
9.814913280235763038e-01 9.805937435140538172e-01 9.103492911850210589e-01 6.485769489338515381e-01 5.169886485198845749e-01 4.673211554217225894e-01 8.869775377891256918e-01
2.328859394759186241e-01 2.112605674101826203e-01 4.032966412606256990e-01 4.366204853510438633e-01 3.805313558065588353e-01 4.388884160282176539e-01 2.828986994909556407e-01
7.113590511241941750e-01 7.781720212222104083e-01 8.944151938774710375e-01 9.555555876487588085e-01 9.826415978257945216e-01 9.507803672865738909e-01 9.576745512880437960e-01
9.887953054092885052e-01 9.822827410906470602e-01 9.333958913303678218e-01 8.497462969831883761e-01 7.716999340622423542e-01 5.852957670812617419e-01 3.167107695277566748e-01
7.928399622706669980e-01 7.424559533034562619e-01 7.313721871274814212e-01 7.244994885052452593e-01 5.436046753844008261e-01 4.304855912817149854e-01 4.677385422154257677e-01
