0.000000000000000000e+00 0.000000000000000000e+00 0.000000000000000000e+00 0.000000000000000000e+00 0.000000000000000000e+00 0.000000000000000000e+00 0.000000000000000000e+00
6.728880898445682712e-01 7.690532830468946868e-01 7.390014626438907719e-01 6.736381794265898781e-01 6.692665181194832336e-01 9.011888844315883995e-01 7.667444260140043877e-01
5.535468673439937204e-01 6.425003780082491067e-01 5.441297341724247172e-01 6.481507903127858850e-01 7.136124176510799666e-01 7.725774899798594220e-01 8.823228685662189985e-01
7.442553587683432559e-01 6.813030835605929925e-01 7.930270085469378616e-01 8.885105023121231405e-01 9.394525339023702681e-01 8.784295877914877204e-01 7.155643151084817299e-01
8.772079925397983091e-01 7.453253582808624378e-01 8.385037327689358611e-01 9.151474376028360114e-01 9.345644426661998683e-01 8.794984962179173138e-01 7.633608017719170080e-01
7.786539309451843138e-01 8.718740310346146938e-01 9.524846132729212211e-01 9.573305323841185821e-01 8.908470676137432154e-01 6.792984607592739144e-01 5.886027317722328789e-01
8.735102510153254229e-01 8.284492932230853590e-01 7.978867385872826512e-01 7.681607407138268950e-01 7.909988213605219087e-01 8.126162351032039100e-01 4.301293621575395520e-01
5.450980463256871467e-01 5.263497512334041062e-01 7.831166402078846289e-01 8.798179842013382768e-01 8.246911696861642938e-01 6.358026990116619759e-01 6.939115959491282126e-01
0.000000000000000000e+00 0.000000000000000000e+00 0.000000000000000000e+00 0.000000000000000000e+00 0.000000000000000000e+00 0.000000000000000000e+00 0.000000000000000000e+00
6.849711310112792662e-01 6.971777082762958822e-01 5.353229825278348342e-01 7.272998792342290075e-01 8.718073624700315438e-01 8.759104944174539442e-01 9.156497540913849376e-01
1.756001887747215551e-01 5.409066544566916157e-01 5.180803112699698953e-01 5.741123024439941380e-01 5.696178926010178056e-01 2.209473659537828094e-01 2.014018034815314162e-01
1.644505733621798860e-01 1.420021374534104486e-01 1.536730542355305429e-01 4.026224840572449337e-01 2.518612653701794435e-01 2.091213123472725477e-01 5.146751545954354468e-01
5.949860605243599831e-01 5.920202722876672929e-01 5.150824883343692040e-01 6.467582849183376448e-01 8.009030482745651547e-01 9.438196786457534460e-01 9.277792270071371084e-01
0.000000000000000000e+00 0.000000000000000000e+00 0.000000000000000000e+00 0.000000000000000000e+00 0.000000000000000000e+00 0.000000000000000000e+00 0.000000000000000000e+00
2.632797119657562246e-01 2.373237983816276486e-01 2.742583058762884662e-01 7.268594111146827741e-01 8.677146845171640477e-01 9.404688682871293892e-01 8.767779762441879621e-01
0.000000000000000000e+00 0.000000000000000000e+00 0.000000000000000000e+00 0.000000000000000000e+00 0.000000000000000000e+00 0.000000000000000000e+00 0.000000000000000000e+00
0.000000000000000000e+00 0.000000000000000000e+00 0.000000000000000000e+00 0.000000000000000000e+00 0.000000000000000000e+00 0.000000000000000000e+00 0.000000000000000000e+00
0.000000000000000000e+00 0.000000000000000000e+00 0.000000000000000000e+00 0.000000000000000000e+00 0.000000000000000000e+00 0.000000000000000000e+00 0.000000000000000000e+00
0.000000000000000000e+00 0.000000000000000000e+00 0.000000000000000000e+00 0.000000000000000000e+00 0.000000000000000000e+00 0.000000000000000000e+00 0.000000000000000000e+00
0.000000000000000000e+00 0.000000000000000000e+00 0.000000000000000000e+00 0.000000000000000000e+00 0.000000000000000000e+00 0.000000000000000000e+00 0.000000000000000000e+00
4.627636877230416057e-01 5.724525527005307479e-01 3.990817230863435428e-01 1.955890814186813098e-01 2.953549207964190626e-01 3.420763357024353968e-01 4.123237807814690847e-01
8.062882833890159251e-01 9.014515107591228871e-01 9.428634790424585965e-01 9.395647940522490194e-01 9.009816411007349757e-01 8.369616281475613651e-01 6.540173263219709598e-01
6.857615728100419084e-01 6.738704885768332931e-01 7.498328844958944694e-01 8.826132102897398246e-01 9.515170616836815531e-01 9.410670888933033718e-01 8.761524156521391937e-01
9.099179478855096148e-01 8.647709051656468082e-01 8.754741154345923038e-01 7.407253304725021081e-01 6.354072866407354248e-01 7.123013767074226621e-01 6.417783556295947323e-01
6.072202900673896453e-01 7.959233826610674356e-01 8.061698027260468802e-01 8.639987536262008216e-01 8.488859489704160266e-01 8.225772355596864260e-01 7.378049963089634566e-01
6.929856415692986493e-01 6.995132985339118648e-01 7.844492914603869993e-01 8.417702530542899853e-01 7.104644186131823247e-01 3.152256950071747887e-01 2.311249132392719230e-01
7.725208461805997961e-01 8.285571135183710245e-01 8.568734417243534240e-01 6.982229658376877257e-01 7.825483504518463418e-01 9.062026574053020367e-01 9.515821205781780368e-01
0.000000000000000000e+00 0.000000000000000000e+00 0.000000000000000000e+00 0.000000000000000000e+00 0.000000000000000000e+00 0.000000000000000000e+00 0.000000000000000000e+00
8.416444308805333119e-01 7.594537529378204699e-01 7.138705521510283480e-01 6.388217111898617517e-01 5.209850809364974245e-01 3.928834020525753257e-01 1.082374873941431559e-01
2.246259698465704821e-02 1.531306269785570606e-01 3.228064735258598383e-01 2.676256408325951019e-01 1.269505817535134806e-01 4.516607845002373334e-01 2.032557374790737170e-01
7.580785349141422325e-01 8.685233836410390929e-01 7.820858695644481440e-01 6.704726116331667374e-01 6.716464944420326155e-01 7.673876415670224382e-01 7.801373772769177872e-01
8.013305935646117817e-01 9.017450030544555961e-01 9.433342601402786576e-01 6.721428182800962547e-01 7.659553271695506149e-01 5.009389854976353806e-01 5.347978067963291560e-01
0.000000000000000000e+00 0.000000000000000000e+00 0.000000000000000000e+00 0.000000000000000000e+00 0.000000000000000000e+00 0.000000000000000000e+00 0.000000000000000000e+00
5.997064240018074033e-01 7.084189884682844385e-01 8.269101836986454401e-01 8.764945493771509888e-01 9.202812052430262568e-01 9.763239920374806591e-01 9.756243138586403463e-01
6.999508188482612692e-01 8.615839807068906842e-01 7.445316059484563542e-01 2.869944781342668727e-01 3.595375152096293436e-01 6.506472809690960757e-01 5.612971409797765654e-01
7.865129850904359898e-01 7.633320535431347142e-01 6.184167305177856733e-01 6.075100739930447968e-01 6.744744190135292250e-01 4.360962775110402978e-01 3.462412425327917598e-01
8.347303245095446522e-01 7.602427590471885210e-01 5.909380062475729778e-01 5.601499122027179256e-01 5.496656706509781554e-01 7.239935543144777608e-01 7.432492531042926842e-01
7.197778583117278028e-01 7.518759491549421581e-01 3.476746005298984032e-01 5.651046008109763541e-01 4.989804060918049955e-01 4.408444013911251846e-01 5.109228512309206272e-01
4.791344460010222850e-01 4.394982486013130907e-01 4.713328415501326640e-01 7.399681639084599860e-01 8.691246202334220738e-01 8.294311338749459361e-01 7.798862823510185338e-01
