9.605959102088303947e-01 9.372242339020990798e-01 8.954167399847153819e-01 7.154371377205666072e-01 4.789493633724050126e-01 9.109738951850180344e-01 8.305953281865121607e-01
9.883332295097734255e-01 9.883205505035612681e-01 9.907823497913341715e-01 9.881788045285658795e-01 9.734747312926013141e-01 9.531562148703657256e-01 9.116263849224812699e-01
0.000000000000000000e+00 0.000000000000000000e+00 0.000000000000000000e+00 0.000000000000000000e+00 0.000000000000000000e+00 0.000000000000000000e+00 0.000000000000000000e+00
0.000000000000000000e+00 0.000000000000000000e+00 0.000000000000000000e+00 0.000000000000000000e+00 0.000000000000000000e+00 0.000000000000000000e+00 0.000000000000000000e+00
6.455692698088693060e-01 4.537627605458641189e-01 2.840422182840858789e-01 2.784422824335223701e-01 3.364430059639568760e-01 5.228245222552730942e-01 9.145986441696484226e-01
0.000000000000000000e+00 0.000000000000000000e+00 0.000000000000000000e+00 0.000000000000000000e+00 0.000000000000000000e+00 0.000000000000000000e+00 0.000000000000000000e+00
9.098728888261542469e-01 8.994968635997649953e-01 9.040370911282049615e-01 8.964284386976373309e-01 7.696889826662234313e-01 7.381262707054659922e-01 8.052413583055306745e-01
8.642478403125061215e-01 9.045087707622508910e-01 9.388753747420938156e-01 9.269709206534556545e-01 9.432344702938525449e-01 9.673495511370622246e-01 9.692561392758110017e-01
0.000000000000000000e+00 0.000000000000000000e+00 0.000000000000000000e+00 0.000000000000000000e+00 0.000000000000000000e+00 0.000000000000000000e+00 0.000000000000000000e+00
0.000000000000000000e+00 0.000000000000000000e+00 0.000000000000000000e+00 0.000000000000000000e+00 0.000000000000000000e+00 0.000000000000000000e+00 0.000000000000000000e+00
8.693399027939092694e-01 7.517531107710493377e-01 6.772048461938440234e-01 7.262734476656756977e-01 6.114467726171453066e-01 3.212674154045677133e-01 3.109195034670546032e-01
9.010312264370646806e-01 8.721063392534312841e-01 7.889287936871358653e-01 6.185672642408726052e-01 5.616954143702368452e-01 5.250476936336352374e-01 7.299342238305961406e-01
8.149339139842826096e-01 8.114254414638120139e-01 8.705645244058287657e-01 8.672526961796633849e-01 8.815143137585251809e-01 8.967562671820054065e-01 9.241014329041484787e-01
9.785405931657792378e-01 9.810913901322192432e-01 9.857059963130407887e-01 9.886469479916190073e-01 9.880595596194170493e-01 9.880529187228621613e-01 9.738942022537885324e-01
9.803873987626868791e-01 9.818499095595503157e-01 9.837609575405015239e-01 9.729793444217081921e-01 9.198105912168863529e-01 6.457435103703454971e-01 9.742916075762958483e-01
0.000000000000000000e+00 0.000000000000000000e+00 0.000000000000000000e+00 0.000000000000000000e+00 0.000000000000000000e+00 0.000000000000000000e+00 0.000000000000000000e+00
0.000000000000000000e+00 0.000000000000000000e+00 0.000000000000000000e+00 0.000000000000000000e+00 0.000000000000000000e+00 0.000000000000000000e+00 0.000000000000000000e+00
9.895045854873608659e-01 9.890774936722047661e-01 9.903959997021278827e-01 9.676293194961064215e-01 9.153813997576414341e-01 9.114456623067032082e-01 8.782687613167187157e-01
9.887535243427120202e-01 9.894253821657106318e-01 9.880568315905006171e-01 9.845983689719165488e-01 9.766923489374786937e-01 8.266040704338311063e-01 5.506831753059856505e-01
0.000000000000000000e+00 0.000000000000000000e+00 0.000000000000000000e+00 0.000000000000000000e+00 0.000000000000000000e+00 0.000000000000000000e+00 0.000000000000000000e+00
0.000000000000000000e+00 0.000000000000000000e+00 0.000000000000000000e+00 0.000000000000000000e+00 0.000000000000000000e+00 0.000000000000000000e+00 0.000000000000000000e+00
9.750259847390584378e-01 9.800188350623875166e-01 9.867084044672607135e-01 9.920573811367882078e-01 9.951532371584790315e-01 9.918430202137553664e-01 9.748014013107587639e-01
9.400322347231272468e-01 9.538993442627744512e-01 9.557368734821021228e-01 8.087408678760926728e-01 8.761130187704357919e-01 6.946735083895477780e-01 6.928190559782171354e-01
0.000000000000000000e+00 0.000000000000000000e+00 0.000000000000000000e+00 0.000000000000000000e+00 0.000000000000000000e+00 0.000000000000000000e+00 0.000000000000000000e+00
9.156471100285741294e-01 8.312954951803387393e-01 8.328327496366996208e-01 6.990524183890217680e-01 3.358637319930358189e-01 3.609718732215546066e-01 2.883326485570624209e-01
9.613785087162529663e-01 9.733603557783175875e-01 9.811275010615725378e-01 9.839597198479548279e-01 9.739790113721530362e-01 9.824301094624754427e-01 9.843994773814086496e-01
0.000000000000000000e+00 0.000000000000000000e+00 0.000000000000000000e+00 0.000000000000000000e+00 0.000000000000000000e+00 0.000000000000000000e+00 0.000000000000000000e+00
0.000000000000000000e+00 0.000000000000000000e+00 0.000000000000000000e+00 0.000000000000000000e+00 0.000000000000000000e+00 0.000000000000000000e+00 0.000000000000000000e+00
8.507319173888587827e-01 9.462258103955303312e-01 9.441191493278858760e-01 8.529707776740858005e-01 3.586110576760935253e-01 3.370995911338533491e-01 3.913319606058363043e-01
9.269559934123793310e-01 8.784107614673434261e-01 6.156237040331850041e-01 7.315280620803693568e-01 8.745189003299324026e-01 9.568561241990463095e-01 9.510286593384358333e-01
0.000000000000000000e+00 0.000000000000000000e+00 0.000000000000000000e+00 0.000000000000000000e+00 0.000000000000000000e+00 0.000000000000000000e+00 0.000000000000000000e+00
6.847707046676249076e-01 4.223502473413045522e-01 2.545958385131178447e-01 4.292045406946746189e-01 7.216001561673660580e-01 7.096058237918134726e-01 5.354983004949983583e-01
0.000000000000000000e+00 0.000000000000000000e+00 0.000000000000000000e+00 0.000000000000000000e+00 0.000000000000000000e+00 0.000000000000000000e+00 0.000000000000000000e+00
9.815801942551826142e-01 9.769842523619785002e-01 9.523829254512554687e-01 8.784483462401126985e-01 8.885381411743694668e-01 4.881419045248913124e-01 9.039669204643229206e-01
9.766361454671305120e-01 9.813880633762935846e-01 9.932697443833440332e-01 9.927487065879309069e-01 9.811597513414281879e-01 9.557464353452302941e-01 9.712846647341439876e-01
9.819246751614794100e-01 9.799099148435230777e-01 9.749219414717218424e-01 9.574308993858363648e-01 9.287524085588321210e-01 9.468758390333131825e-01 9.429004170626359427e-01
9.849500635216810185e-01 9.886126509714606714e-01 9.912975384893901731e-01 9.931655303226400999e-01 9.936264230901057370e-01 9.884910066561940489e-01 9.348674242751754404e-01
9.735022886305634282e-01 9.867623469887998322e-01 9.907554438850925127e-01 9.930700076158338607e-01 9.889369460034511672e-01 9.847820080978507695e-01 9.764682687046063458e-01
8.577702138161674705e-01 7.537406005178349799e-01 9.186006140750336835e-01 9.623480601569320836e-01 9.637029065306771392e-01 7.722020748434149651e-01 7.936036195721065667e-01
0.000000000000000000e+00 0.000000000000000000e+00 0.000000000000000000e+00 0.000000000000000000e+00 0.000000000000000000e+00 0.000000000000000000e+00 0.000000000000000000e+00
9.860808782828393015e-01 9.895888657377710507e-01 9.902683942416711238e-01 9.901915317600018529e-01 9.858254746016527070e-01 9.525883900224226819e-01 9.044918722772293806e-01
0.000000000000000000e+00 0.000000000000000000e+00 0.000000000000000000e+00 0.000000000000000000e+00 0.000000000000000000e+00 0.000000000000000000e+00 0.000000000000000000e+00
0.000000000000000000e+00 0.000000000000000000e+00 0.000000000000000000e+00 0.000000000000000000e+00 0.000000000000000000e+00 0.000000000000000000e+00 0.000000000000000000e+00
7.698791155865354341e-01 7.361744752202794562e-01 5.484475894555705944e-01 2.518392394176563465e-01 1.694374060821569328e-01 3.598431352574191777e-01 8.159603992987146670e-01
8.752358435962862560e-01 9.191370187485154997e-01 9.119998190330420584e-01 8.978565103688440630e-01 9.419946392308462535e-01 9.722132962250439325e-01 9.736899655290260913e-01
9.095657159135475123e-01 8.901082988869446488e-01 9.321483527397345092e-01 9.644417780615989200e-01 9.787033488125012060e-01 9.812700674982387516e-01 9.396393477611977296e-01
9.076080379475820470e-01 8.370716880533031201e-01 5.913406914466289299e-01 5.219618209236072115e-01 7.431843547868628441e-01 6.683302206362045084e-01 8.055786891337488598e-01
9.223799328576176570e-01 9.303062940474424725e-01 6.245526417810369768e-01 6.433391777785435472e-01 7.610809384226160379e-01 7.505394780790721754e-01 6.919699119738539350e-01
9.972571135599781478e-01 9.968794733767597505e-01 9.960643674449689566e-01 9.843878583448306685e-01 9.780730945091069550e-01 9.842380683176649159e-01 9.877800294608611864e-01
0.000000000000000000e+00 0.000000000000000000e+00 0.000000000000000000e+00 0.000000000000000000e+00 0.000000000000000000e+00 0.000000000000000000e+00 0.000000000000000000e+00
9.502961955245631254e-01 9.386398513993700066e-01 9.503494725786483244e-01 9.699391272081843152e-01 9.747662120830321575e-01 9.814726804479415589e-01 9.839246135763234369e-01
9.407236010338524412e-01 9.511634396177499617e-01 8.530082381591954643e-01 7.925270925988462389e-01 8.049725281692708956e-01 7.295512780289874488e-01 8.916651547981074843e-01
8.742669586953418781e-01 8.575459620513069536e-01 8.515342076281156025e-01 9.266474780231134245e-01 9.600829422495441579e-01 9.528466886856181706e-01 9.608159949278493039e-01
8.676032010635795766e-01 8.979332637665810024e-01 8.798796567855141637e-01 9.047970830180995794e-01 9.388041948428559325e-01 8.994891339600626923e-01 9.597606133048550703e-01
9.912265031578409991e-01 9.868276364643411291e-01 9.820207524878392658e-01 9.823390036604808806e-01 9.778449839102663077e-01 7.077383848827506485e-01 5.045524062846665769e-01
9.917068465511358344e-01 9.949645122534500619e-01 9.890964462738748297e-01 9.631594910170080404e-01 9.489987347347833557e-01 9.248806888325952213e-01 8.659605669720213950e-01
9.822487826584732629e-01 9.909275929794052473e-01 9.950751335134183639e-01 9.959623713415114432e-01 9.963743370282809320e-01 9.928188265765179876e-01 9.863455093686435138e-01
9.822778273259775705e-01 9.908834114057299969e-01 9.950509458433748344e-01 9.959178052307690043e-01 9.964237573100193091e-01 9.926135373466975498e-01 9.865373258957084168e-01
0.000000000000000000e+00 0.000000000000000000e+00 0.000000000000000000e+00 0.000000000000000000e+00 0.000000000000000000e+00 0.000000000000000000e+00 0.000000000000000000e+00
9.775414945754684615e-01 9.796805703573948643e-01 9.768151536717263328e-01 7.070377153558558003e-01 4.979103335456210311e-01 4.916462276895567363e-01 9.038294627080664112e-01
0.000000000000000000e+00 0.000000000000000000e+00 0.000000000000000000e+00 0.000000000000000000e+00 0.000000000000000000e+00 0.000000000000000000e+00 0.000000000000000000e+00
9.032482519309905644e-01 9.300727872528280482e-01 9.541307885914451781e-01 9.549159249497775059e-01 9.709316664185790868e-01 9.729853399574592832e-01 9.778020849075312881e-01
0.000000000000000000e+00 0.000000000000000000e+00 0.000000000000000000e+00 0.000000000000000000e+00 0.000000000000000000e+00 0.000000000000000000e+00 0.000000000000000000e+00
9.678362475271000687e-01 9.740872000723980184e-01 9.417710115523525438e-01 8.482404068270638087e-01 6.417820697189706713e-01 3.661328342770756028e-01 1.766330711464023095e-01
0.000000000000000000e+00 0.000000000000000000e+00 0.000000000000000000e+00 0.000000000000000000e+00 0.000000000000000000e+00 0.000000000000000000e+00 0.000000000000000000e+00
0.000000000000000000e+00 0.000000000000000000e+00 0.000000000000000000e+00 0.000000000000000000e+00 0.000000000000000000e+00 0.000000000000000000e+00 0.000000000000000000e+00
9.918693412946398835e-01 9.948658173130174864e-01 9.939324459892980856e-01 9.853978353188446171e-01 9.203784307628817274e-01 6.808633434126128980e-01 4.375907111247001602e-01
9.111697568623337018e-01 9.350503744513808391e-01 9.627589753268973594e-01 9.768871526300203501e-01 9.140706534798639371e-01 9.305983182394104158e-01 9.361978693558242748e-01
9.942479209718555477e-01 9.941902687879446976e-01 9.891649805522595429e-01 9.781772983186360904e-01 9.568908758881351506e-01 8.124587019066320526e-01 9.569324250837399903e-01
0.000000000000000000e+00 0.000000000000000000e+00 0.000000000000000000e+00 0.000000000000000000e+00 0.000000000000000000e+00 0.000000000000000000e+00 0.000000000000000000e+00
7.615052557783922316e-01 7.589662829367370689e-01 7.143169026057153426e-01 5.730639779197355121e-01 6.098126878618200797e-01 6.246445168279096682e-01 8.140135216952222308e-01
0.000000000000000000e+00 0.000000000000000000e+00 0.000000000000000000e+00 0.000000000000000000e+00 0.000000000000000000e+00 0.000000000000000000e+00 0.000000000000000000e+00
0.000000000000000000e+00 0.000000000000000000e+00 0.000000000000000000e+00 0.000000000000000000e+00 0.000000000000000000e+00 0.000000000000000000e+00 0.000000000000000000e+00
8.114008601549789201e-01 8.116113311269822495e-01 8.977205975510245128e-01 9.544666288314791469e-01 9.359025686168626068e-01 9.519086629996259541e-01 8.368810458143493003e-01
0.000000000000000000e+00 0.000000000000000000e+00 0.000000000000000000e+00 0.000000000000000000e+00 0.000000000000000000e+00 0.000000000000000000e+00 0.000000000000000000e+00
9.538547686796703395e-01 9.567466336040040265e-01 9.422494320324137362e-01 8.926384444144109809e-01 8.113466854221346169e-01 4.120727961078466950e-01 5.170576664127894961e-01
8.468943564422193315e-01 7.473860379637210505e-01 6.558065069025752480e-01 7.674363138074737911e-01 6.406616935618347775e-01 6.998624940286293228e-01 7.327003758765129326e-01
7.803861986912027371e-01 6.936541337670031337e-01 6.662435915666402586e-01 8.748518273458748551e-01 8.350343308721134283e-01 9.121627394626982133e-01 9.116442775050878078e-01
8.687192105543748433e-01 7.598721135890441625e-01 9.195644464389007844e-01 9.357655524320581675e-01 7.611008295134211732e-01 7.448664733696174212e-01 5.975002848154085111e-01
9.081752764249353405e-01 8.753900853831321216e-01 8.205003298785130683e-01 7.255637575706800346e-01 6.827131302367718257e-01 8.353790707929911186e-01 9.019655682385571138e-01
0.000000000000000000e+00 0.000000000000000000e+00 0.000000000000000000e+00 0.000000000000000000e+00 0.000000000000000000e+00 0.000000000000000000e+00 0.000000000000000000e+00
9.642476884619584077e-01 9.692050844409988430e-01 9.777308710285346205e-01 9.219726981644659203e-01 8.903956736617394396e-01 8.222181498683265310e-01 8.877341704643308962e-01
9.394104263637835794e-01 9.436058332305578000e-01 9.543376384348009056e-01 9.351395463418389342e-01 9.008757852562156998e-01 7.078317841101700036e-01 6.583543775330479297e-01
9.839368123523859477e-01 9.709963896407117767e-01 9.672219081544547459e-01 9.895534835847026311e-01 9.939380716738774879e-01 9.736617299643877121e-01 9.310605120326282957e-01
7.627648432040147197e-01 8.297490161552025789e-01 9.409025560257276988e-01 9.578493534815326615e-01 9.315570934542675152e-01 9.467408945951019117e-01 9.283736049840529692e-01
9.899708963884481516e-01 9.900797392982877421e-01 9.836205270384521526e-01 9.751228227577978247e-01 9.609680380088589935e-01 8.876519678817289538e-01 6.070435862988026177e-01
9.899243925700729196e-01 9.902406998985644471e-01 9.842797973164250092e-01 9.754833211004539928e-01 9.615864059070211578e-01 8.854558006572905704e-01 6.075131515052530906e-01
9.733419148690968248e-01 9.802902447695812649e-01 9.759198818205480075e-01 9.705371375708328197e-01 9.829389299157168525e-01 9.809628328224631044e-01 9.454600206982102240e-01
0.000000000000000000e+00 0.000000000000000000e+00 0.000000000000000000e+00 0.000000000000000000e+00 0.000000000000000000e+00 0.000000000000000000e+00 0.000000000000000000e+00
0.000000000000000000e+00 0.000000000000000000e+00 0.000000000000000000e+00 0.000000000000000000e+00 0.000000000000000000e+00 0.000000000000000000e+00 0.000000000000000000e+00
0.000000000000000000e+00 0.000000000000000000e+00 0.000000000000000000e+00 0.000000000000000000e+00 0.000000000000000000e+00 0.000000000000000000e+00 0.000000000000000000e+00
9.862377924066292323e-01 9.608902428216121727e-01 7.990398885622221892e-01 5.900518033919031069e-01 4.930874230893090848e-01 3.398774843422244230e-01 1.689608027709834093e-01
6.737104187999440885e-01 7.712806562179745917e-01 3.674238452647807240e-01 1.582562688243510929e-01 1.904680561776110614e-01 4.231221714519354804e-01 8.350034006292056388e-01
9.510242859473835297e-01 9.559493609213391974e-01 9.600797868534893809e-01 9.631935509050684185e-01 9.724223742846879182e-01 9.774622742008806098e-01 9.838450937788538742e-01
0.000000000000000000e+00 0.000000000000000000e+00 0.000000000000000000e+00 0.000000000000000000e+00 0.000000000000000000e+00 0.000000000000000000e+00 0.000000000000000000e+00
9.670635416792138228e-01 9.774917068663905306e-01 9.813623977377948782e-01 9.791858305899444614e-01 9.753781898650087934e-01 9.731682330731992181e-01 9.634710004791287030e-01
8.604694378538504385e-01 8.961507060695412807e-01 9.396825977710439037e-01 9.512749657602460607e-01 9.630966100445600420e-01 9.679102682737684704e-01 9.881424647323702182e-01
5.690106019079812505e-01 6.763481667862419888e-01 8.647031858834081097e-01 9.402797324394100986e-01 9.754645593690828287e-01 9.725862556856096353e-01 9.858123781543671749e-01
9.685288560369387234e-01 9.650975804944599279e-01 9.664110750939253203e-01 9.611157932500451473e-01 9.227594601568237520e-01 9.071315254465083244e-01 9.045687640585752254e-01
9.587146360695297798e-01 9.386098934971347507e-01 9.429140622547139694e-01 9.082480456077272057e-01 8.517046760310755804e-01 9.201494237005810595e-01 9.853085925453337612e-01
9.615807301497135695e-01 9.370133918487362212e-01 9.149806456483452477e-01 8.957513026326391348e-01 8.388981281148735203e-01 9.541838609894525147e-01 9.847899263360735400e-01
9.648383653981044139e-01 8.982500160707640458e-01 8.960803686784953870e-01 8.938402621254638580e-01 8.519698548213957556e-01 8.694398207224226516e-01 9.347549972554577424e-01
9.671261307403606899e-01 9.789896456691925541e-01 9.766401562790085755e-01 9.489258939829567918e-01 9.247713095188538901e-01 9.013136204951326391e-01 8.838972839737426757e-01
9.732308179704217688e-01 9.783635188851439457e-01 9.796059178538485401e-01 9.640287889003256172e-01 9.614245016455912340e-01 9.416473106291515238e-01 8.043777363362593080e-01
8.425429395616101935e-01 8.956352001006897545e-01 8.970161755844550111e-01 8.554759856794142969e-01 8.994432712957696197e-01 9.852297423257305731e-01 9.879454116528700869e-01
0.000000000000000000e+00 0.000000000000000000e+00 0.000000000000000000e+00 0.000000000000000000e+00 0.000000000000000000e+00 0.000000000000000000e+00 0.000000000000000000e+00
9.189756250481740940e-01 8.855554148398436798e-01 7.558665310535628290e-01 4.446701257558280940e-01 3.596144791401389984e-01 5.182474195871838996e-01 1.943547475207840491e-01
8.869804100191575058e-01 8.151338388760126508e-01 8.480551954652995050e-01 8.627329121088764818e-01 6.114405115240325594e-01 5.777034278441890436e-01 7.031517163507824408e-01
0.000000000000000000e+00 0.000000000000000000e+00 0.000000000000000000e+00 0.000000000000000000e+00 0.000000000000000000e+00 0.000000000000000000e+00 0.000000000000000000e+00
0.000000000000000000e+00 0.000000000000000000e+00 0.000000000000000000e+00 0.000000000000000000e+00 0.000000000000000000e+00 0.000000000000000000e+00 0.000000000000000000e+00
0.000000000000000000e+00 0.000000000000000000e+00 0.000000000000000000e+00 0.000000000000000000e+00 0.000000000000000000e+00 0.000000000000000000e+00 0.000000000000000000e+00
0.000000000000000000e+00 0.000000000000000000e+00 0.000000000000000000e+00 0.000000000000000000e+00 0.000000000000000000e+00 0.000000000000000000e+00 0.000000000000000000e+00
0.000000000000000000e+00 0.000000000000000000e+00 0.000000000000000000e+00 0.000000000000000000e+00 0.000000000000000000e+00 0.000000000000000000e+00 0.000000000000000000e+00
0.000000000000000000e+00 0.000000000000000000e+00 0.000000000000000000e+00 0.000000000000000000e+00 0.000000000000000000e+00 0.000000000000000000e+00 0.000000000000000000e+00
0.000000000000000000e+00 0.000000000000000000e+00 0.000000000000000000e+00 0.000000000000000000e+00 0.000000000000000000e+00 0.000000000000000000e+00 0.000000000000000000e+00
0.000000000000000000e+00 0.000000000000000000e+00 0.000000000000000000e+00 0.000000000000000000e+00 0.000000000000000000e+00 0.000000000000000000e+00 0.000000000000000000e+00
0.000000000000000000e+00 0.000000000000000000e+00 0.000000000000000000e+00 0.000000000000000000e+00 0.000000000000000000e+00 0.000000000000000000e+00 0.000000000000000000e+00
0.000000000000000000e+00 0.000000000000000000e+00 0.000000000000000000e+00 0.000000000000000000e+00 0.000000000000000000e+00 0.000000000000000000e+00 0.000000000000000000e+00
0.000000000000000000e+00 0.000000000000000000e+00 0.000000000000000000e+00 0.000000000000000000e+00 0.000000000000000000e+00 0.000000000000000000e+00 0.000000000000000000e+00
0.000000000000000000e+00 0.000000000000000000e+00 0.000000000000000000e+00 0.000000000000000000e+00 0.000000000000000000e+00 0.000000000000000000e+00 0.000000000000000000e+00
0.000000000000000000e+00 0.000000000000000000e+00 0.000000000000000000e+00 0.000000000000000000e+00 0.000000000000000000e+00 0.000000000000000000e+00 0.000000000000000000e+00
0.000000000000000000e+00 0.000000000000000000e+00 0.000000000000000000e+00 0.000000000000000000e+00 0.000000000000000000e+00 0.000000000000000000e+00 0.000000000000000000e+00
0.000000000000000000e+00 0.000000000000000000e+00 0.000000000000000000e+00 0.000000000000000000e+00 0.000000000000000000e+00 0.000000000000000000e+00 0.000000000000000000e+00
0.000000000000000000e+00 0.000000000000000000e+00 0.000000000000000000e+00 0.000000000000000000e+00 0.000000000000000000e+00 0.000000000000000000e+00 0.000000000000000000e+00
0.000000000000000000e+00 0.000000000000000000e+00 0.000000000000000000e+00 0.000000000000000000e+00 0.000000000000000000e+00 0.000000000000000000e+00 0.000000000000000000e+00
0.000000000000000000e+00 0.000000000000000000e+00 0.000000000000000000e+00 0.000000000000000000e+00 0.000000000000000000e+00 0.000000000000000000e+00 0.000000000000000000e+00
0.000000000000000000e+00 0.000000000000000000e+00 0.000000000000000000e+00 0.000000000000000000e+00 0.000000000000000000e+00 0.000000000000000000e+00 0.000000000000000000e+00
0.000000000000000000e+00 0.000000000000000000e+00 0.000000000000000000e+00 0.000000000000000000e+00 0.000000000000000000e+00 0.000000000000000000e+00 0.000000000000000000e+00
0.000000000000000000e+00 0.000000000000000000e+00 0.000000000000000000e+00 0.000000000000000000e+00 0.000000000000000000e+00 0.000000000000000000e+00 0.000000000000000000e+00
0.000000000000000000e+00 0.000000000000000000e+00 0.000000000000000000e+00 0.000000000000000000e+00 0.000000000000000000e+00 0.000000000000000000e+00 0.000000000000000000e+00
0.000000000000000000e+00 0.000000000000000000e+00 0.000000000000000000e+00 0.000000000000000000e+00 0.000000000000000000e+00 0.000000000000000000e+00 0.000000000000000000e+00
0.000000000000000000e+00 0.000000000000000000e+00 0.000000000000000000e+00 0.000000000000000000e+00 0.000000000000000000e+00 0.000000000000000000e+00 0.000000000000000000e+00
0.000000000000000000e+00 0.000000000000000000e+00 0.000000000000000000e+00 0.000000000000000000e+00 0.000000000000000000e+00 0.000000000000000000e+00 0.000000000000000000e+00
0.000000000000000000e+00 0.000000000000000000e+00 0.000000000000000000e+00 0.000000000000000000e+00 0.000000000000000000e+00 0.000000000000000000e+00 0.000000000000000000e+00
0.000000000000000000e+00 0.000000000000000000e+00 0.000000000000000000e+00 0.000000000000000000e+00 0.000000000000000000e+00 0.000000000000000000e+00 0.000000000000000000e+00
0.000000000000000000e+00 0.000000000000000000e+00 0.000000000000000000e+00 0.000000000000000000e+00 0.000000000000000000e+00 0.000000000000000000e+00 0.000000000000000000e+00
0.000000000000000000e+00 0.000000000000000000e+00 0.000000000000000000e+00 0.000000000000000000e+00 0.000000000000000000e+00 0.000000000000000000e+00 0.000000000000000000e+00
0.000000000000000000e+00 0.000000000000000000e+00 0.000000000000000000e+00 0.000000000000000000e+00 0.000000000000000000e+00 0.000000000000000000e+00 0.000000000000000000e+00
0.000000000000000000e+00 0.000000000000000000e+00 0.000000000000000000e+00 0.000000000000000000e+00 0.000000000000000000e+00 0.000000000000000000e+00 0.000000000000000000e+00
0.000000000000000000e+00 0.000000000000000000e+00 0.000000000000000000e+00 0.000000000000000000e+00 0.000000000000000000e+00 0.000000000000000000e+00 0.000000000000000000e+00
0.000000000000000000e+00 0.000000000000000000e+00 0.000000000000000000e+00 0.000000000000000000e+00 0.000000000000000000e+00 0.000000000000000000e+00 0.000000000000000000e+00
0.000000000000000000e+00 0.000000000000000000e+00 0.000000000000000000e+00 0.000000000000000000e+00 0.000000000000000000e+00 0.000000000000000000e+00 0.000000000000000000e+00
0.000000000000000000e+00 0.000000000000000000e+00 0.000000000000000000e+00 0.000000000000000000e+00 0.000000000000000000e+00 0.000000000000000000e+00 0.000000000000000000e+00
0.000000000000000000e+00 0.000000000000000000e+00 0.000000000000000000e+00 0.000000000000000000e+00 0.000000000000000000e+00 0.000000000000000000e+00 0.000000000000000000e+00
0.000000000000000000e+00 0.000000000000000000e+00 0.000000000000000000e+00 0.000000000000000000e+00 0.000000000000000000e+00 0.000000000000000000e+00 0.000000000000000000e+00
0.000000000000000000e+00 0.000000000000000000e+00 0.000000000000000000e+00 0.000000000000000000e+00 0.000000000000000000e+00 0.000000000000000000e+00 0.000000000000000000e+00
0.000000000000000000e+00 0.000000000000000000e+00 0.000000000000000000e+00 0.000000000000000000e+00 0.000000000000000000e+00 0.000000000000000000e+00 0.000000000000000000e+00
0.000000000000000000e+00 0.000000000000000000e+00 0.000000000000000000e+00 0.000000000000000000e+00 0.000000000000000000e+00 0.000000000000000000e+00 0.000000000000000000e+00
0.000000000000000000e+00 0.000000000000000000e+00 0.000000000000000000e+00 0.000000000000000000e+00 0.000000000000000000e+00 0.000000000000000000e+00 0.000000000000000000e+00
0.000000000000000000e+00 0.000000000000000000e+00 0.000000000000000000e+00 0.000000000000000000e+00 0.000000000000000000e+00 0.000000000000000000e+00 0.000000000000000000e+00
0.000000000000000000e+00 0.000000000000000000e+00 0.000000000000000000e+00 0.000000000000000000e+00 0.000000000000000000e+00 0.000000000000000000e+00 0.000000000000000000e+00
0.000000000000000000e+00 0.000000000000000000e+00 0.000000000000000000e+00 0.000000000000000000e+00 0.000000000000000000e+00 0.000000000000000000e+00 0.000000000000000000e+00
0.000000000000000000e+00 0.000000000000000000e+00 0.000000000000000000e+00 0.000000000000000000e+00 0.000000000000000000e+00 0.000000000000000000e+00 0.000000000000000000e+00
0.000000000000000000e+00 0.000000000000000000e+00 0.000000000000000000e+00 0.000000000000000000e+00 0.000000000000000000e+00 0.000000000000000000e+00 0.000000000000000000e+00
0.000000000000000000e+00 0.000000000000000000e+00 0.000000000000000000e+00 0.000000000000000000e+00 0.000000000000000000e+00 0.000000000000000000e+00 0.000000000000000000e+00
0.000000000000000000e+00 0.000000000000000000e+00 0.000000000000000000e+00 0.000000000000000000e+00 0.000000000000000000e+00 0.000000000000000000e+00 0.000000000000000000e+00
0.000000000000000000e+00 0.000000000000000000e+00 0.000000000000000000e+00 0.000000000000000000e+00 0.000000000000000000e+00 0.000000000000000000e+00 0.000000000000000000e+00
0.000000000000000000e+00 0.000000000000000000e+00 0.000000000000000000e+00 0.000000000000000000e+00 0.000000000000000000e+00 0.000000000000000000e+00 0.000000000000000000e+00
0.000000000000000000e+00 0.000000000000000000e+00 0.000000000000000000e+00 0.000000000000000000e+00 0.000000000000000000e+00 0.000000000000000000e+00 0.000000000000000000e+00
0.000000000000000000e+00 0.000000000000000000e+00 0.000000000000000000e+00 0.000000000000000000e+00 0.000000000000000000e+00 0.000000000000000000e+00 0.000000000000000000e+00
0.000000000000000000e+00 0.000000000000000000e+00 0.000000000000000000e+00 0.000000000000000000e+00 0.000000000000000000e+00 0.000000000000000000e+00 0.000000000000000000e+00
0.000000000000000000e+00 0.000000000000000000e+00 0.000000000000000000e+00 0.000000000000000000e+00 0.000000000000000000e+00 0.000000000000000000e+00 0.000000000000000000e+00
0.000000000000000000e+00 0.000000000000000000e+00 0.000000000000000000e+00 0.000000000000000000e+00 0.000000000000000000e+00 0.000000000000000000e+00 0.000000000000000000e+00
0.000000000000000000e+00 0.000000000000000000e+00 0.000000000000000000e+00 0.000000000000000000e+00 0.000000000000000000e+00 0.000000000000000000e+00 0.000000000000000000e+00
0.000000000000000000e+00 0.000000000000000000e+00 0.000000000000000000e+00 0.000000000000000000e+00 0.000000000000000000e+00 0.000000000000000000e+00 0.000000000000000000e+00
0.000000000000000000e+00 0.000000000000000000e+00 0.000000000000000000e+00 0.000000000000000000e+00 0.000000000000000000e+00 0.000000000000000000e+00 0.000000000000000000e+00
0.000000000000000000e+00 0.000000000000000000e+00 0.000000000000000000e+00 0.000000000000000000e+00 0.000000000000000000e+00 0.000000000000000000e+00 0.000000000000000000e+00
0.000000000000000000e+00 0.000000000000000000e+00 0.000000000000000000e+00 0.000000000000000000e+00 0.000000000000000000e+00 0.000000000000000000e+00 0.000000000000000000e+00
0.000000000000000000e+00 0.000000000000000000e+00 0.000000000000000000e+00 0.000000000000000000e+00 0.000000000000000000e+00 0.000000000000000000e+00 0.000000000000000000e+00
0.000000000000000000e+00 0.000000000000000000e+00 0.000000000000000000e+00 0.000000000000000000e+00 0.000000000000000000e+00 0.000000000000000000e+00 0.000000000000000000e+00
0.000000000000000000e+00 0.000000000000000000e+00 0.000000000000000000e+00 0.000000000000000000e+00 0.000000000000000000e+00 0.000000000000000000e+00 0.000000000000000000e+00
0.000000000000000000e+00 0.000000000000000000e+00 0.000000000000000000e+00 0.000000000000000000e+00 0.000000000000000000e+00 0.000000000000000000e+00 0.000000000000000000e+00
0.000000000000000000e+00 0.000000000000000000e+00 0.000000000000000000e+00 0.000000000000000000e+00 0.000000000000000000e+00 0.000000000000000000e+00 0.000000000000000000e+00
0.000000000000000000e+00 0.000000000000000000e+00 0.000000000000000000e+00 0.000000000000000000e+00 0.000000000000000000e+00 0.000000000000000000e+00 0.000000000000000000e+00
0.000000000000000000e+00 0.000000000000000000e+00 0.000000000000000000e+00 0.000000000000000000e+00 0.000000000000000000e+00 0.000000000000000000e+00 0.000000000000000000e+00
0.000000000000000000e+00 0.000000000000000000e+00 0.000000000000000000e+00 0.000000000000000000e+00 0.000000000000000000e+00 0.000000000000000000e+00 0.000000000000000000e+00
0.000000000000000000e+00 0.000000000000000000e+00 0.000000000000000000e+00 0.000000000000000000e+00 0.000000000000000000e+00 0.000000000000000000e+00 0.000000000000000000e+00
0.000000000000000000e+00 0.000000000000000000e+00 0.000000000000000000e+00 0.000000000000000000e+00 0.000000000000000000e+00 0.000000000000000000e+00 0.000000000000000000e+00
0.000000000000000000e+00 0.000000000000000000e+00 0.000000000000000000e+00 0.000000000000000000e+00 0.000000000000000000e+00 0.000000000000000000e+00 0.000000000000000000e+00
0.000000000000000000e+00 0.000000000000000000e+00 0.000000000000000000e+00 0.000000000000000000e+00 0.000000000000000000e+00 0.000000000000000000e+00 0.000000000000000000e+00
0.000000000000000000e+00 0.000000000000000000e+00 0.000000000000000000e+00 0.000000000000000000e+00 0.000000000000000000e+00 0.000000000000000000e+00 0.000000000000000000e+00
0.000000000000000000e+00 0.000000000000000000e+00 0.000000000000000000e+00 0.000000000000000000e+00 0.000000000000000000e+00 0.000000000000000000e+00 0.000000000000000000e+00
0.000000000000000000e+00 0.000000000000000000e+00 0.000000000000000000e+00 0.000000000000000000e+00 0.000000000000000000e+00 0.000000000000000000e+00 0.000000000000000000e+00
0.000000000000000000e+00 0.000000000000000000e+00 0.000000000000000000e+00 0.000000000000000000e+00 0.000000000000000000e+00 0.000000000000000000e+00 0.000000000000000000e+00
0.000000000000000000e+00 0.000000000000000000e+00 0.000000000000000000e+00 0.000000000000000000e+00 0.000000000000000000e+00 0.000000000000000000e+00 0.000000000000000000e+00
0.000000000000000000e+00 0.000000000000000000e+00 0.000000000000000000e+00 0.000000000000000000e+00 0.000000000000000000e+00 0.000000000000000000e+00 0.000000000000000000e+00
0.000000000000000000e+00 0.000000000000000000e+00 0.000000000000000000e+00 0.000000000000000000e+00 0.000000000000000000e+00 0.000000000000000000e+00 0.000000000000000000e+00
0.000000000000000000e+00 0.000000000000000000e+00 0.000000000000000000e+00 0.000000000000000000e+00 0.000000000000000000e+00 0.000000000000000000e+00 0.000000000000000000e+00
0.000000000000000000e+00 0.000000000000000000e+00 0.000000000000000000e+00 0.000000000000000000e+00 0.000000000000000000e+00 0.000000000000000000e+00 0.000000000000000000e+00
0.000000000000000000e+00 0.000000000000000000e+00 0.000000000000000000e+00 0.000000000000000000e+00 0.000000000000000000e+00 0.000000000000000000e+00 0.000000000000000000e+00
