9.477020088182681601e-01 9.640370344337222397e-01 9.657748294290411373e-01 9.675291082671225729e-01 9.229054758684716031e-01 5.830401426214233407e-01 6.413775360291529282e-01
7.896555654881207698e-01 9.038194549044966664e-01 9.533438453823505077e-01 9.343467429260925439e-01 8.781086962413879871e-01 7.318379149888548652e-01 6.828095743998019440e-01
0.000000000000000000e+00 0.000000000000000000e+00 0.000000000000000000e+00 0.000000000000000000e+00 0.000000000000000000e+00 0.000000000000000000e+00 0.000000000000000000e+00
0.000000000000000000e+00 0.000000000000000000e+00 0.000000000000000000e+00 0.000000000000000000e+00 0.000000000000000000e+00 0.000000000000000000e+00 0.000000000000000000e+00
7.931212218431138439e-01 9.301563714245448811e-01 7.484999598297070733e-01 7.644937216045893935e-01 5.683005019721955042e-01 5.260751012843761787e-01 1.601500973748642698e-01
0.000000000000000000e+00 0.000000000000000000e+00 0.000000000000000000e+00 0.000000000000000000e+00 0.000000000000000000e+00 0.000000000000000000e+00 0.000000000000000000e+00
4.950480632857724994e-01 6.330320946175495012e-01 6.268633906185843152e-01 8.201870501513145451e-01 8.305826708621756316e-01 5.638698704512945525e-01 7.372006163916177135e-01
8.876877958768576438e-01 8.374367732476737380e-01 7.697518701653029982e-01 7.679665830018200801e-01 7.347295063571532836e-01 5.621355769690328241e-01 6.826004996922088175e-01
0.000000000000000000e+00 0.000000000000000000e+00 0.000000000000000000e+00 0.000000000000000000e+00 0.000000000000000000e+00 0.000000000000000000e+00 0.000000000000000000e+00
0.000000000000000000e+00 0.000000000000000000e+00 0.000000000000000000e+00 0.000000000000000000e+00 0.000000000000000000e+00 0.000000000000000000e+00 0.000000000000000000e+00
8.633672743017993811e-01 8.972688272303165347e-01 7.409070737524018346e-01 3.106005929747699401e-01 3.759261365988093573e-01 6.422132174165450236e-01 3.913686956185072896e-01
7.594997103460783272e-01 6.626280810329061577e-01 4.893920247229628928e-01 6.128673283409870054e-01 8.728173200683612132e-01 9.837617420696035397e-01 9.887879076770650366e-01
4.791497736381459815e-01 6.155730828954303346e-01 7.264130087963903692e-01 4.528831164207277049e-01 5.305467155630293474e-01 2.201200375914976748e-01 6.408047103284756352e-01
5.754726885803803649e-01 7.233962376992942866e-01 8.065511696074234571e-01 8.487223686742090267e-01 7.552115754716081097e-01 4.282865084106202147e-01 7.706897928393556807e-01
6.662670325180489739e-01 7.789349812764261305e-01 7.533080327794634545e-01 6.180895787006126518e-01 4.872487728526539441e-01 3.358842138461019533e-01 7.296611923567313251e-01
0.000000000000000000e+00 0.000000000000000000e+00 0.000000000000000000e+00 0.000000000000000000e+00 0.000000000000000000e+00 0.000000000000000000e+00 0.000000000000000000e+00
0.000000000000000000e+00 0.000000000000000000e+00 0.000000000000000000e+00 0.000000000000000000e+00 0.000000000000000000e+00 0.000000000000000000e+00 0.000000000000000000e+00
8.026894178399636148e-01 8.363227222965965435e-01 8.412358942969520026e-01 8.314294665498077608e-01 7.668933100962077587e-01 7.745410096872435979e-01 9.080331307224956960e-01
8.051550225010353223e-01 8.408438537628797338e-01 8.554902320900484858e-01 8.451739819429383571e-01 7.270225393394394997e-01 5.589742332811794556e-01 5.551618834234245403e-01
0.000000000000000000e+00 0.000000000000000000e+00 0.000000000000000000e+00 0.000000000000000000e+00 0.000000000000000000e+00 0.000000000000000000e+00 0.000000000000000000e+00
0.000000000000000000e+00 0.000000000000000000e+00 0.000000000000000000e+00 0.000000000000000000e+00 0.000000000000000000e+00 0.000000000000000000e+00 0.000000000000000000e+00
4.666535244836945706e-01 3.663698445297249306e-01 4.429645861646945293e-01 7.245736444648225305e-01 7.864740314840902302e-01 7.266104937728419255e-01 6.900262947187848495e-01
7.151109949318292802e-01 7.059618117602923792e-01 7.641619562786560182e-01 7.824612511185636832e-01 8.467001360650242558e-01 8.538357533080767059e-01 8.101939836869602729e-01
0.000000000000000000e+00 0.000000000000000000e+00 0.000000000000000000e+00 0.000000000000000000e+00 0.000000000000000000e+00 0.000000000000000000e+00 0.000000000000000000e+00
7.922777813084029841e-01 7.790495291706780456e-01 8.435009028535284115e-01 6.644514826080293313e-01 5.176733315203183583e-01 2.910709065317388933e-01 1.818286875756914556e-01
8.301751525020808486e-01 8.082143069909415445e-01 7.484601400611654576e-01 7.722339159733779823e-01 6.678427220308640333e-01 7.005861922492152560e-01 7.004887861600742616e-01
0.000000000000000000e+00 0.000000000000000000e+00 0.000000000000000000e+00 0.000000000000000000e+00 0.000000000000000000e+00 0.000000000000000000e+00 0.000000000000000000e+00
0.000000000000000000e+00 0.000000000000000000e+00 0.000000000000000000e+00 0.000000000000000000e+00 0.000000000000000000e+00 0.000000000000000000e+00 0.000000000000000000e+00
7.909971178655755830e-01 8.494961368066198393e-01 8.220714596998722756e-01 9.183323706535114761e-01 9.574953335497345952e-01 9.507558761478822618e-01 9.188681088599431890e-01
8.206777957513103905e-01 7.966986511968640050e-01 8.720798337495171415e-01 9.141238753297287190e-01 9.224398840071563743e-01 9.142440201883229589e-01 9.605680925197508380e-01
0.000000000000000000e+00 0.000000000000000000e+00 0.000000000000000000e+00 0.000000000000000000e+00 0.000000000000000000e+00 0.000000000000000000e+00 0.000000000000000000e+00
9.037312978501202965e-01 8.545025707654282376e-01 6.305034840372556459e-01 8.553338027166120794e-01 9.335544996616537139e-01 9.471086781420235967e-01 9.573274580539351541e-01
0.000000000000000000e+00 0.000000000000000000e+00 0.000000000000000000e+00 0.000000000000000000e+00 0.000000000000000000e+00 0.000000000000000000e+00 0.000000000000000000e+00
8.054635668192119402e-01 6.630628940763881873e-01 8.496040501254149557e-01 9.378846701075981285e-01 9.410300654004222221e-01 8.841229947755905316e-01 6.235767549362344342e-01
4.992636178256996127e-01 4.226528249360437806e-01 7.472149413410807961e-01 8.709835162692980415e-01 9.191138041182717044e-01 9.305260519895667271e-01 9.764925320931180375e-01
7.594100061071908936e-01 8.283331104175641890e-01 5.430112745172374078e-01 5.748764296024553300e-01 7.906529733488681932e-01 6.494063212727729795e-01 7.676789089152792345e-01
8.560438509722124723e-01 8.817608521771373997e-01 8.899843018974009645e-01 8.586308325744911318e-01 6.983770185056741298e-01 6.753797033463782018e-01 4.966448987108608160e-01
7.445204966105550826e-01 9.236448718545184899e-01 9.277243332370770368e-01 8.022129190410715038e-01 5.748388044462340307e-01 6.052100832221571913e-01 3.559449595536307576e-01
5.075143677105382611e-01 7.024601994390035076e-01 8.552357823353724520e-01 9.024437371334143032e-01 9.413450087533986599e-01 8.886683334688291191e-01 7.112289286857182979e-01
0.000000000000000000e+00 0.000000000000000000e+00 0.000000000000000000e+00 0.000000000000000000e+00 0.000000000000000000e+00 0.000000000000000000e+00 0.000000000000000000e+00
7.176932668192406162e-01 7.426908791708616286e-01 7.611482892887796448e-01 8.451757153728186589e-01 7.695213937249542058e-01 6.163595968240518364e-01 2.402915077496439178e-01
0.000000000000000000e+00 0.000000000000000000e+00 0.000000000000000000e+00 0.000000000000000000e+00 0.000000000000000000e+00 0.000000000000000000e+00 0.000000000000000000e+00
0.000000000000000000e+00 0.000000000000000000e+00 0.000000000000000000e+00 0.000000000000000000e+00 0.000000000000000000e+00 0.000000000000000000e+00 0.000000000000000000e+00
6.669886572176990658e-01 3.781051873767821148e-01 3.780991824077694075e-01 3.627272619202976944e-01 2.710942704772281164e-01 1.841136343336401693e-01 2.708286714843171072e-01
8.558536800116982590e-01 8.015350534257513759e-01 8.393356957692706954e-01 2.767239164500111537e-01 5.418323947410702557e-01 5.321976278346528533e-01 5.780085564968633349e-01
8.996480374917960043e-01 9.500380045937037998e-01 9.085500266618090626e-01 9.318233750494276935e-01 9.622719633513956428e-01 9.789139286155582598e-01 9.703293009982955075e-01
6.239684310020705560e-01 5.798285833138165923e-01 2.445983316156064014e-01 2.916439489742980729e-01 5.181262452890387227e-01 4.114660185748850174e-01 3.935920025127820909e-01
5.108622068647533654e-01 4.457371182288958344e-01 4.071970694239125665e-02 3.901705159479899043e-01 3.237596415657306159e-01 1.290754443834443987e-01 5.338064057512282856e-01
7.663498486736065596e-01 7.940500382311664884e-01 8.013595772443456999e-01 6.868411001370336999e-01 6.628396243680678701e-01 6.555816967162951814e-01 5.206516000873542271e-01
0.000000000000000000e+00 0.000000000000000000e+00 0.000000000000000000e+00 0.000000000000000000e+00 0.000000000000000000e+00 0.000000000000000000e+00 0.000000000000000000e+00
9.339636441622826135e-01 9.278661635831254584e-01 7.224211236787392298e-01 8.652233686590723449e-01 9.076553153805281271e-01 8.850727822418115176e-01 9.268150039765442605e-01
5.282025617238668147e-01 8.780935948629329246e-01 9.578955826927640915e-01 9.678782149626834475e-01 9.381610818803436391e-01 7.466462294997660010e-01 7.421682835288274660e-01
6.831491185610505390e-01 6.327110083133997698e-01 6.197830104725386979e-01 5.908492515447789639e-01 6.791081360236014275e-01 8.503917946325104671e-01 8.895479278492391950e-01
8.835447549272180678e-01 9.527649459261431364e-01 9.834457105464371462e-01 9.931281723469501665e-01 9.822246855092133799e-01 8.960305797264099814e-01 5.608384881648916798e-01
7.262735444600229018e-01 6.723306425433537292e-01 8.451014835644479195e-01 8.873572252139277916e-01 8.395612815833032316e-01 6.781931458556098580e-01 5.912992297613293147e-01
8.391416036336599715e-01 7.753337876687320662e-01 8.375147148706494349e-01 9.157314403563903138e-01 8.989668534854080573e-01 8.663476627826558474e-01 9.233736239295770032e-01
9.234408078588245417e-01 9.496136444372526020e-01 9.443561087240390783e-01 9.761220461376082236e-01 9.796979224509093642e-01 8.791465564337722638e-01 8.704329626305211676e-01
9.218677843295904895e-01 9.500514639898000047e-01 9.402663854416408729e-01 9.765382261782689088e-01 9.802871977684622928e-01 8.791104553944459887e-01 8.702580932455398210e-01
0.000000000000000000e+00 0.000000000000000000e+00 0.000000000000000000e+00 0.000000000000000000e+00 0.000000000000000000e+00 0.000000000000000000e+00 0.000000000000000000e+00
8.160885228691041604e-01 5.779042642090536086e-01 6.279672671581578713e-01 7.527720541271432086e-01 6.404381489139613359e-01 6.648851733236288419e-01 7.857106609218466042e-01
0.000000000000000000e+00 0.000000000000000000e+00 0.000000000000000000e+00 0.000000000000000000e+00 0.000000000000000000e+00 0.000000000000000000e+00 0.000000000000000000e+00
8.628278215320609457e-01 8.057153029163335312e-01 9.058564980862735538e-01 9.664993066926608201e-01 9.745036387719226978e-01 9.584568606691744597e-01 9.358548781840134723e-01
0.000000000000000000e+00 0.000000000000000000e+00 0.000000000000000000e+00 0.000000000000000000e+00 0.000000000000000000e+00 0.000000000000000000e+00 0.000000000000000000e+00
7.172272825975972710e-01 6.394541306064206454e-01 5.281618544884096877e-01 3.099815136048226782e-01 3.254321794509297816e-01 3.160634250036705173e-01 2.099701553745370042e-01
0.000000000000000000e+00 0.000000000000000000e+00 0.000000000000000000e+00 0.000000000000000000e+00 0.000000000000000000e+00 0.000000000000000000e+00 0.000000000000000000e+00
0.000000000000000000e+00 0.000000000000000000e+00 0.000000000000000000e+00 0.000000000000000000e+00 0.000000000000000000e+00 0.000000000000000000e+00 0.000000000000000000e+00
8.753183050283737110e-01 7.958870951703963526e-01 8.775188331586482038e-01 8.215100058873535671e-01 3.660941931414432582e-01 3.825983355631012439e-01 4.549070831998249798e-01
4.844970057466839730e-01 6.599871320150081377e-01 8.028525782556980017e-01 8.070136700069705515e-01 6.639404891508827733e-01 6.618992727004886500e-01 8.305335047020908634e-01
7.847282725259071556e-01 8.892786874905022065e-01 7.891126982271646773e-01 7.214826119218867850e-01 6.662523972805853845e-01 2.753033900103023512e-01 4.268531033181519607e-01
0.000000000000000000e+00 0.000000000000000000e+00 0.000000000000000000e+00 0.000000000000000000e+00 0.000000000000000000e+00 0.000000000000000000e+00 0.000000000000000000e+00
6.240561826123161016e-01 7.908893776614751570e-01 8.505373604745060101e-01 9.037059950464061409e-01 8.655906482302534455e-01 8.647172770503556150e-01 9.172981138406949286e-01
0.000000000000000000e+00 0.000000000000000000e+00 0.000000000000000000e+00 0.000000000000000000e+00 0.000000000000000000e+00 0.000000000000000000e+00 0.000000000000000000e+00
0.000000000000000000e+00 0.000000000000000000e+00 0.000000000000000000e+00 0.000000000000000000e+00 0.000000000000000000e+00 0.000000000000000000e+00 0.000000000000000000e+00
6.108517885554111126e-01 3.491051817405064761e-01 5.256157480616927558e-01 3.046529749317446467e-01 2.082130335064003301e-01 4.344910296112468040e-01 3.103739838044502486e-01
0.000000000000000000e+00 0.000000000000000000e+00 0.000000000000000000e+00 0.000000000000000000e+00 0.000000000000000000e+00 0.000000000000000000e+00 0.000000000000000000e+00
8.288698209185261234e-01 8.405333493787956467e-01 8.486101485535634259e-01 6.812528143704235095e-01 7.187152673094364674e-01 6.647928060322615407e-01 7.301675358069935617e-01
2.640197007339272761e-01 2.616065770316199357e-01 2.768135609986341894e-01 8.957223387172452700e-02 2.030261775918986988e-01 3.654384140652985891e-01 2.224305754266723556e-01
1.426115271040696852e-01 3.112543618672752865e-01 6.467742279815096029e-02 2.100093845679482651e-01 3.030440004157696210e-01 1.691835681248546608e-01 2.252566068556862422e-01
6.757287580691130335e-01 5.295463496293456584e-01 8.731990965251187342e-01 7.714270279312741563e-01 4.574787782360330568e-01 3.968852019682219123e-01 4.331418722149577571e-01
5.712366133198786278e-01 6.406253630853600001e-01 5.887635936269821624e-01 6.016909747017697985e-01 7.079490687058415110e-01 5.242590741007039368e-01 4.907740678088944875e-01
0.000000000000000000e+00 0.000000000000000000e+00 0.000000000000000000e+00 0.000000000000000000e+00 0.000000000000000000e+00 0.000000000000000000e+00 0.000000000000000000e+00
7.163135969965038763e-01 7.598894920551793053e-01 8.090054125038641519e-01 9.561452831631981342e-01 9.648166700512862404e-01 9.296252832064233473e-01 9.291144367096482171e-01
6.670401268114826143e-01 7.285325360802914485e-01 6.081271902763165649e-01 4.413194322238790934e-01 4.753351790369705343e-01 2.877331976092996624e-01 1.906802370222174248e-01
6.390621401932666812e-01 4.536248884320635000e-01 7.510845097315713703e-01 5.572980076696912866e-01 4.415739698430022897e-01 4.222423840289687980e-01 5.249451604301480501e-01
7.789672868467240052e-01 7.675062991828202064e-01 7.759428840082761569e-01 9.029020249126695763e-01 7.599081631707587103e-01 6.976338880750793114e-01 6.507942565759099462e-01
4.496473200857110664e-01 5.044521864802936628e-01 7.926494251428498616e-01 7.457990199420029276e-01 6.494589228088956112e-01 5.517667059052318024e-01 6.237504817031808146e-01
4.494685173937283396e-01 5.040208166107648102e-01 7.947733098618509073e-01 7.395919423014027938e-01 6.479235793727884385e-01 5.317834999085531145e-01 6.392491648739109245e-01
8.180064407069459476e-01 8.363332522864493912e-01 8.289676624900138568e-01 9.150854514405736273e-01 8.383672512076405514e-01 7.474198119128293571e-01 8.642924029741684278e-01
0.000000000000000000e+00 0.000000000000000000e+00 0.000000000000000000e+00 0.000000000000000000e+00 0.000000000000000000e+00 0.000000000000000000e+00 0.000000000000000000e+00
0.000000000000000000e+00 0.000000000000000000e+00 0.000000000000000000e+00 0.000000000000000000e+00 0.000000000000000000e+00 0.000000000000000000e+00 0.000000000000000000e+00
0.000000000000000000e+00 0.000000000000000000e+00 0.000000000000000000e+00 0.000000000000000000e+00 0.000000000000000000e+00 0.000000000000000000e+00 0.000000000000000000e+00
8.234892460783944657e-01 7.795337224344704996e-01 5.925906062648275130e-01 4.930694846771151996e-01 4.476384347657857976e-01 3.675745928453811873e-01 3.732174122669619232e-01
4.253634896150507161e-01 7.510325203464633947e-01 7.315129728158277223e-01 5.483967137663325886e-01 6.344308767472474075e-01 5.802215517447997239e-01 6.919686136250995379e-01
7.247903009805758412e-01 9.028004894590011542e-01 9.308212143351541901e-01 9.446778549964791605e-01 9.594004212595939052e-01 9.584226455611297713e-01 9.554341647150170758e-01
0.000000000000000000e+00 0.000000000000000000e+00 0.000000000000000000e+00 0.000000000000000000e+00 0.000000000000000000e+00 0.000000000000000000e+00 0.000000000000000000e+00
8.775080193565288900e-01 8.997707135309229720e-01 9.476002764459259264e-01 9.150080980480286286e-01 9.121813611567946012e-01 8.632921587884996306e-01 8.597179084917904168e-01
8.604981350667140205e-01 9.427480092737570150e-01 9.079001299923629142e-01 9.407584924924032865e-01 9.638457875448113166e-01 9.774710267997255286e-01 9.894195013265584260e-01
7.129343415764847203e-01 6.855745924212442999e-01 6.652842943599355241e-01 3.378153335103339927e-01 5.641355822697414757e-01 6.721745036539236162e-01 8.670914564608074304e-01
4.087081596716908294e-01 1.413446433094248111e-01 5.204236955468899417e-01 6.016346171438439194e-01 5.592523710266437131e-01 3.012413866544423335e-01 2.117755296533626874e-01
6.933259730371896801e-01 7.298702612282730318e-01 9.298068452378779325e-01 9.568220801398977793e-01 9.775964061702770991e-01 9.741019672185015077e-01 9.917815026399128264e-01
6.433126345941483359e-01 8.030055680818662944e-01 9.186366980580989994e-01 9.564626906682563989e-01 9.728499831284039834e-01 9.742029901058069097e-01 9.856654627257915857e-01
6.389091489280109837e-01 7.407794078433517226e-01 9.042341070831888539e-01 9.463773411863090068e-01 9.624885335855500879e-01 9.750424502420519390e-01 9.656736110472261547e-01
5.781368072772282707e-01 6.767849559697624029e-01 4.356073036186631775e-01 3.918706217489644206e-01 1.889021124869291191e-01 3.560022114317253905e-01 6.965112252156318018e-01
7.475168854229883308e-01 6.542943508257185181e-01 6.642445687392301013e-01 8.343472043128555837e-01 7.523914768325724589e-01 6.631050750537068605e-01 6.807842241376346193e-01
8.360908595200743365e-01 8.045961255953391067e-01 7.386155635028881505e-01 6.926213274865122838e-01 6.795923292552908945e-01 6.863424376284231743e-01 6.071490922294849879e-01
0.000000000000000000e+00 0.000000000000000000e+00 0.000000000000000000e+00 0.000000000000000000e+00 0.000000000000000000e+00 0.000000000000000000e+00 0.000000000000000000e+00
8.125249514039095677e-01 7.570808736151515284e-01 5.562723784954910489e-01 7.192271131878829049e-01 3.116751451528310124e-01 2.028216560221810794e-01 2.855948290790793487e-01
2.934035876391979381e-01 3.568050293298989373e-01 5.494016187109574956e-01 6.199105161805413822e-01 7.698641174149883915e-01 8.771775757992454903e-01 9.470367068455876058e-01
0.000000000000000000e+00 0.000000000000000000e+00 0.000000000000000000e+00 0.000000000000000000e+00 0.000000000000000000e+00 0.000000000000000000e+00 0.000000000000000000e+00
0.000000000000000000e+00 0.000000000000000000e+00 0.000000000000000000e+00 0.000000000000000000e+00 0.000000000000000000e+00 0.000000000000000000e+00 0.000000000000000000e+00
0.000000000000000000e+00 0.000000000000000000e+00 0.000000000000000000e+00 0.000000000000000000e+00 0.000000000000000000e+00 0.000000000000000000e+00 0.000000000000000000e+00
0.000000000000000000e+00 0.000000000000000000e+00 0.000000000000000000e+00 0.000000000000000000e+00 0.000000000000000000e+00 0.000000000000000000e+00 0.000000000000000000e+00
0.000000000000000000e+00 0.000000000000000000e+00 0.000000000000000000e+00 0.000000000000000000e+00 0.000000000000000000e+00 0.000000000000000000e+00 0.000000000000000000e+00
0.000000000000000000e+00 0.000000000000000000e+00 0.000000000000000000e+00 0.000000000000000000e+00 0.000000000000000000e+00 0.000000000000000000e+00 0.000000000000000000e+00
0.000000000000000000e+00 0.000000000000000000e+00 0.000000000000000000e+00 0.000000000000000000e+00 0.000000000000000000e+00 0.000000000000000000e+00 0.000000000000000000e+00
0.000000000000000000e+00 0.000000000000000000e+00 0.000000000000000000e+00 0.000000000000000000e+00 0.000000000000000000e+00 0.000000000000000000e+00 0.000000000000000000e+00
0.000000000000000000e+00 0.000000000000000000e+00 0.000000000000000000e+00 0.000000000000000000e+00 0.000000000000000000e+00 0.000000000000000000e+00 0.000000000000000000e+00
0.000000000000000000e+00 0.000000000000000000e+00 0.000000000000000000e+00 0.000000000000000000e+00 0.000000000000000000e+00 0.000000000000000000e+00 0.000000000000000000e+00
0.000000000000000000e+00 0.000000000000000000e+00 0.000000000000000000e+00 0.000000000000000000e+00 0.000000000000000000e+00 0.000000000000000000e+00 0.000000000000000000e+00
0.000000000000000000e+00 0.000000000000000000e+00 0.000000000000000000e+00 0.000000000000000000e+00 0.000000000000000000e+00 0.000000000000000000e+00 0.000000000000000000e+00
0.000000000000000000e+00 0.000000000000000000e+00 0.000000000000000000e+00 0.000000000000000000e+00 0.000000000000000000e+00 0.000000000000000000e+00 0.000000000000000000e+00
0.000000000000000000e+00 0.000000000000000000e+00 0.000000000000000000e+00 0.000000000000000000e+00 0.000000000000000000e+00 0.000000000000000000e+00 0.000000000000000000e+00
0.000000000000000000e+00 0.000000000000000000e+00 0.000000000000000000e+00 0.000000000000000000e+00 0.000000000000000000e+00 0.000000000000000000e+00 0.000000000000000000e+00
0.000000000000000000e+00 0.000000000000000000e+00 0.000000000000000000e+00 0.000000000000000000e+00 0.000000000000000000e+00 0.000000000000000000e+00 0.000000000000000000e+00
0.000000000000000000e+00 0.000000000000000000e+00 0.000000000000000000e+00 0.000000000000000000e+00 0.000000000000000000e+00 0.000000000000000000e+00 0.000000000000000000e+00
0.000000000000000000e+00 0.000000000000000000e+00 0.000000000000000000e+00 0.000000000000000000e+00 0.000000000000000000e+00 0.000000000000000000e+00 0.000000000000000000e+00
0.000000000000000000e+00 0.000000000000000000e+00 0.000000000000000000e+00 0.000000000000000000e+00 0.000000000000000000e+00 0.000000000000000000e+00 0.000000000000000000e+00
0.000000000000000000e+00 0.000000000000000000e+00 0.000000000000000000e+00 0.000000000000000000e+00 0.000000000000000000e+00 0.000000000000000000e+00 0.000000000000000000e+00
0.000000000000000000e+00 0.000000000000000000e+00 0.000000000000000000e+00 0.000000000000000000e+00 0.000000000000000000e+00 0.000000000000000000e+00 0.000000000000000000e+00
0.000000000000000000e+00 0.000000000000000000e+00 0.000000000000000000e+00 0.000000000000000000e+00 0.000000000000000000e+00 0.000000000000000000e+00 0.000000000000000000e+00
0.000000000000000000e+00 0.000000000000000000e+00 0.000000000000000000e+00 0.000000000000000000e+00 0.000000000000000000e+00 0.000000000000000000e+00 0.000000000000000000e+00
0.000000000000000000e+00 0.000000000000000000e+00 0.000000000000000000e+00 0.000000000000000000e+00 0.000000000000000000e+00 0.000000000000000000e+00 0.000000000000000000e+00
0.000000000000000000e+00 0.000000000000000000e+00 0.000000000000000000e+00 0.000000000000000000e+00 0.000000000000000000e+00 0.000000000000000000e+00 0.000000000000000000e+00
0.000000000000000000e+00 0.000000000000000000e+00 0.000000000000000000e+00 0.000000000000000000e+00 0.000000000000000000e+00 0.000000000000000000e+00 0.000000000000000000e+00
0.000000000000000000e+00 0.000000000000000000e+00 0.000000000000000000e+00 0.000000000000000000e+00 0.000000000000000000e+00 0.000000000000000000e+00 0.000000000000000000e+00
0.000000000000000000e+00 0.000000000000000000e+00 0.000000000000000000e+00 0.000000000000000000e+00 0.000000000000000000e+00 0.000000000000000000e+00 0.000000000000000000e+00
0.000000000000000000e+00 0.000000000000000000e+00 0.000000000000000000e+00 0.000000000000000000e+00 0.000000000000000000e+00 0.000000000000000000e+00 0.000000000000000000e+00
0.000000000000000000e+00 0.000000000000000000e+00 0.000000000000000000e+00 0.000000000000000000e+00 0.000000000000000000e+00 0.000000000000000000e+00 0.000000000000000000e+00
0.000000000000000000e+00 0.000000000000000000e+00 0.000000000000000000e+00 0.000000000000000000e+00 0.000000000000000000e+00 0.000000000000000000e+00 0.000000000000000000e+00
0.000000000000000000e+00 0.000000000000000000e+00 0.000000000000000000e+00 0.000000000000000000e+00 0.000000000000000000e+00 0.000000000000000000e+00 0.000000000000000000e+00
0.000000000000000000e+00 0.000000000000000000e+00 0.000000000000000000e+00 0.000000000000000000e+00 0.000000000000000000e+00 0.000000000000000000e+00 0.000000000000000000e+00
0.000000000000000000e+00 0.000000000000000000e+00 0.000000000000000000e+00 0.000000000000000000e+00 0.000000000000000000e+00 0.000000000000000000e+00 0.000000000000000000e+00
0.000000000000000000e+00 0.000000000000000000e+00 0.000000000000000000e+00 0.000000000000000000e+00 0.000000000000000000e+00 0.000000000000000000e+00 0.000000000000000000e+00
0.000000000000000000e+00 0.000000000000000000e+00 0.000000000000000000e+00 0.000000000000000000e+00 0.000000000000000000e+00 0.000000000000000000e+00 0.000000000000000000e+00
0.000000000000000000e+00 0.000000000000000000e+00 0.000000000000000000e+00 0.000000000000000000e+00 0.000000000000000000e+00 0.000000000000000000e+00 0.000000000000000000e+00
0.000000000000000000e+00 0.000000000000000000e+00 0.000000000000000000e+00 0.000000000000000000e+00 0.000000000000000000e+00 0.000000000000000000e+00 0.000000000000000000e+00
0.000000000000000000e+00 0.000000000000000000e+00 0.000000000000000000e+00 0.000000000000000000e+00 0.000000000000000000e+00 0.000000000000000000e+00 0.000000000000000000e+00
0.000000000000000000e+00 0.000000000000000000e+00 0.000000000000000000e+00 0.000000000000000000e+00 0.000000000000000000e+00 0.000000000000000000e+00 0.000000000000000000e+00
0.000000000000000000e+00 0.000000000000000000e+00 0.000000000000000000e+00 0.000000000000000000e+00 0.000000000000000000e+00 0.000000000000000000e+00 0.000000000000000000e+00
0.000000000000000000e+00 0.000000000000000000e+00 0.000000000000000000e+00 0.000000000000000000e+00 0.000000000000000000e+00 0.000000000000000000e+00 0.000000000000000000e+00
0.000000000000000000e+00 0.000000000000000000e+00 0.000000000000000000e+00 0.000000000000000000e+00 0.000000000000000000e+00 0.000000000000000000e+00 0.000000000000000000e+00
0.000000000000000000e+00 0.000000000000000000e+00 0.000000000000000000e+00 0.000000000000000000e+00 0.000000000000000000e+00 0.000000000000000000e+00 0.000000000000000000e+00
0.000000000000000000e+00 0.000000000000000000e+00 0.000000000000000000e+00 0.000000000000000000e+00 0.000000000000000000e+00 0.000000000000000000e+00 0.000000000000000000e+00
0.000000000000000000e+00 0.000000000000000000e+00 0.000000000000000000e+00 0.000000000000000000e+00 0.000000000000000000e+00 0.000000000000000000e+00 0.000000000000000000e+00
0.000000000000000000e+00 0.000000000000000000e+00 0.000000000000000000e+00 0.000000000000000000e+00 0.000000000000000000e+00 0.000000000000000000e+00 0.000000000000000000e+00
0.000000000000000000e+00 0.000000000000000000e+00 0.000000000000000000e+00 0.000000000000000000e+00 0.000000000000000000e+00 0.000000000000000000e+00 0.000000000000000000e+00
0.000000000000000000e+00 0.000000000000000000e+00 0.000000000000000000e+00 0.000000000000000000e+00 0.000000000000000000e+00 0.000000000000000000e+00 0.000000000000000000e+00
0.000000000000000000e+00 0.000000000000000000e+00 0.000000000000000000e+00 0.000000000000000000e+00 0.000000000000000000e+00 0.000000000000000000e+00 0.000000000000000000e+00
0.000000000000000000e+00 0.000000000000000000e+00 0.000000000000000000e+00 0.000000000000000000e+00 0.000000000000000000e+00 0.000000000000000000e+00 0.000000000000000000e+00
0.000000000000000000e+00 0.000000000000000000e+00 0.000000000000000000e+00 0.000000000000000000e+00 0.000000000000000000e+00 0.000000000000000000e+00 0.000000000000000000e+00
0.000000000000000000e+00 0.000000000000000000e+00 0.000000000000000000e+00 0.000000000000000000e+00 0.000000000000000000e+00 0.000000000000000000e+00 0.000000000000000000e+00
0.000000000000000000e+00 0.000000000000000000e+00 0.000000000000000000e+00 0.000000000000000000e+00 0.000000000000000000e+00 0.000000000000000000e+00 0.000000000000000000e+00
0.000000000000000000e+00 0.000000000000000000e+00 0.000000000000000000e+00 0.000000000000000000e+00 0.000000000000000000e+00 0.000000000000000000e+00 0.000000000000000000e+00
0.000000000000000000e+00 0.000000000000000000e+00 0.000000000000000000e+00 0.000000000000000000e+00 0.000000000000000000e+00 0.000000000000000000e+00 0.000000000000000000e+00
0.000000000000000000e+00 0.000000000000000000e+00 0.000000000000000000e+00 0.000000000000000000e+00 0.000000000000000000e+00 0.000000000000000000e+00 0.000000000000000000e+00
0.000000000000000000e+00 0.000000000000000000e+00 0.000000000000000000e+00 0.000000000000000000e+00 0.000000000000000000e+00 0.000000000000000000e+00 0.000000000000000000e+00
0.000000000000000000e+00 0.000000000000000000e+00 0.000000000000000000e+00 0.000000000000000000e+00 0.000000000000000000e+00 0.000000000000000000e+00 0.000000000000000000e+00
0.000000000000000000e+00 0.000000000000000000e+00 0.000000000000000000e+00 0.000000000000000000e+00 0.000000000000000000e+00 0.000000000000000000e+00 0.000000000000000000e+00
0.000000000000000000e+00 0.000000000000000000e+00 0.000000000000000000e+00 0.000000000000000000e+00 0.000000000000000000e+00 0.000000000000000000e+00 0.000000000000000000e+00
0.000000000000000000e+00 0.000000000000000000e+00 0.000000000000000000e+00 0.000000000000000000e+00 0.000000000000000000e+00 0.000000000000000000e+00 0.000000000000000000e+00
0.000000000000000000e+00 0.000000000000000000e+00 0.000000000000000000e+00 0.000000000000000000e+00 0.000000000000000000e+00 0.000000000000000000e+00 0.000000000000000000e+00
0.000000000000000000e+00 0.000000000000000000e+00 0.000000000000000000e+00 0.000000000000000000e+00 0.000000000000000000e+00 0.000000000000000000e+00 0.000000000000000000e+00
0.000000000000000000e+00 0.000000000000000000e+00 0.000000000000000000e+00 0.000000000000000000e+00 0.000000000000000000e+00 0.000000000000000000e+00 0.000000000000000000e+00
0.000000000000000000e+00 0.000000000000000000e+00 0.000000000000000000e+00 0.000000000000000000e+00 0.000000000000000000e+00 0.000000000000000000e+00 0.000000000000000000e+00
0.000000000000000000e+00 0.000000000000000000e+00 0.000000000000000000e+00 0.000000000000000000e+00 0.000000000000000000e+00 0.000000000000000000e+00 0.000000000000000000e+00
0.000000000000000000e+00 0.000000000000000000e+00 0.000000000000000000e+00 0.000000000000000000e+00 0.000000000000000000e+00 0.000000000000000000e+00 0.000000000000000000e+00
0.000000000000000000e+00 0.000000000000000000e+00 0.000000000000000000e+00 0.000000000000000000e+00 0.000000000000000000e+00 0.000000000000000000e+00 0.000000000000000000e+00
0.000000000000000000e+00 0.000000000000000000e+00 0.000000000000000000e+00 0.000000000000000000e+00 0.000000000000000000e+00 0.000000000000000000e+00 0.000000000000000000e+00
0.000000000000000000e+00 0.000000000000000000e+00 0.000000000000000000e+00 0.000000000000000000e+00 0.000000000000000000e+00 0.000000000000000000e+00 0.000000000000000000e+00
0.000000000000000000e+00 0.000000000000000000e+00 0.000000000000000000e+00 0.000000000000000000e+00 0.000000000000000000e+00 0.000000000000000000e+00 0.000000000000000000e+00
0.000000000000000000e+00 0.000000000000000000e+00 0.000000000000000000e+00 0.000000000000000000e+00 0.000000000000000000e+00 0.000000000000000000e+00 0.000000000000000000e+00
0.000000000000000000e+00 0.000000000000000000e+00 0.000000000000000000e+00 0.000000000000000000e+00 0.000000000000000000e+00 0.000000000000000000e+00 0.000000000000000000e+00
0.000000000000000000e+00 0.000000000000000000e+00 0.000000000000000000e+00 0.000000000000000000e+00 0.000000000000000000e+00 0.000000000000000000e+00 0.000000000000000000e+00
0.000000000000000000e+00 0.000000000000000000e+00 0.000000000000000000e+00 0.000000000000000000e+00 0.000000000000000000e+00 0.000000000000000000e+00 0.000000000000000000e+00
0.000000000000000000e+00 0.000000000000000000e+00 0.000000000000000000e+00 0.000000000000000000e+00 0.000000000000000000e+00 0.000000000000000000e+00 0.000000000000000000e+00
0.000000000000000000e+00 0.000000000000000000e+00 0.000000000000000000e+00 0.000000000000000000e+00 0.000000000000000000e+00 0.000000000000000000e+00 0.000000000000000000e+00
0.000000000000000000e+00 0.000000000000000000e+00 0.000000000000000000e+00 0.000000000000000000e+00 0.000000000000000000e+00 0.000000000000000000e+00 0.000000000000000000e+00
0.000000000000000000e+00 0.000000000000000000e+00 0.000000000000000000e+00 0.000000000000000000e+00 0.000000000000000000e+00 0.000000000000000000e+00 0.000000000000000000e+00
0.000000000000000000e+00 0.000000000000000000e+00 0.000000000000000000e+00 0.000000000000000000e+00 0.000000000000000000e+00 0.000000000000000000e+00 0.000000000000000000e+00
0.000000000000000000e+00 0.000000000000000000e+00 0.000000000000000000e+00 0.000000000000000000e+00 0.000000000000000000e+00 0.000000000000000000e+00 0.000000000000000000e+00
