3.557023330749960905e+02 4.523330749960905450e-01 3.494523330749960905e+02 3.272023330749960905e+02 3.032023330749960905e+02 3.337023330749960905e+02 3.387023330749960905e+02
0.000000000000000000e+00 0.000000000000000000e+00 0.000000000000000000e+00 0.000000000000000000e+00 0.000000000000000000e+00 0.000000000000000000e+00 0.000000000000000000e+00
0.000000000000000000e+00 0.000000000000000000e+00 0.000000000000000000e+00 0.000000000000000000e+00 0.000000000000000000e+00 0.000000000000000000e+00 0.000000000000000000e+00
0.000000000000000000e+00 0.000000000000000000e+00 0.000000000000000000e+00 0.000000000000000000e+00 0.000000000000000000e+00 0.000000000000000000e+00 0.000000000000000000e+00
0.000000000000000000e+00 0.000000000000000000e+00 0.000000000000000000e+00 0.000000000000000000e+00 0.000000000000000000e+00 0.000000000000000000e+00 0.000000000000000000e+00
0.000000000000000000e+00 0.000000000000000000e+00 0.000000000000000000e+00 0.000000000000000000e+00 0.000000000000000000e+00 0.000000000000000000e+00 0.000000000000000000e+00
0.000000000000000000e+00 0.000000000000000000e+00 0.000000000000000000e+00 0.000000000000000000e+00 0.000000000000000000e+00 0.000000000000000000e+00 0.000000000000000000e+00
3.148213885492637019e+02 3.213885492637018615e-01 1.807138854926370186e+01 1.882138854926370186e+01 1.807138854926370186e+01 3.270713885492637019e+02 3.548213885492637019e+02
0.000000000000000000e+00 0.000000000000000000e+00 0.000000000000000000e+00 0.000000000000000000e+00 0.000000000000000000e+00 0.000000000000000000e+00 0.000000000000000000e+00
2.600449384567195921e+01 1.775449384567195921e+01 1.550449384567195921e+01 3.507544938456719592e+02 3.470044938456719592e+02 3.525044938456719592e+02 3.545044938456719592e+02
1.597316695169661216e+01 2.897316695169661216e+01 2.414731669516966122e+02 3.044731669516966122e+02 3.429731669516966122e+02 3.279731669516966122e+02 2.972231669516966122e+02
1.711021514413139357e+02 2.556021514413139357e+02 1.848521514413139357e+02 2.061021514413139357e+02 2.726021514413139357e+02 3.660215144131393572e+01 1.758521514413139357e+02
5.603899051934263298e+00 3.060389905193426330e+01 1.835389905193426330e+01 2.335389905193426330e+01 3.335389905193426330e+01 1.710389905193426330e+01 3.103899051934263298e+00
0.000000000000000000e+00 0.000000000000000000e+00 0.000000000000000000e+00 0.000000000000000000e+00 0.000000000000000000e+00 0.000000000000000000e+00 0.000000000000000000e+00
3.300737226196411029e+02 3.480737226196411029e+02 3.420737226196411029e+02 3.523237226196411029e+02 5.737226196411029377e-01 1.073722619641102938e+00 7.073722619641102938e+00
0.000000000000000000e+00 0.000000000000000000e+00 0.000000000000000000e+00 0.000000000000000000e+00 0.000000000000000000e+00 0.000000000000000000e+00 0.000000000000000000e+00
0.000000000000000000e+00 0.000000000000000000e+00 0.000000000000000000e+00 0.000000000000000000e+00 0.000000000000000000e+00 0.000000000000000000e+00 0.000000000000000000e+00
0.000000000000000000e+00 0.000000000000000000e+00 0.000000000000000000e+00 0.000000000000000000e+00 0.000000000000000000e+00 0.000000000000000000e+00 0.000000000000000000e+00
0.000000000000000000e+00 0.000000000000000000e+00 0.000000000000000000e+00 0.000000000000000000e+00 0.000000000000000000e+00 0.000000000000000000e+00 0.000000000000000000e+00
0.000000000000000000e+00 0.000000000000000000e+00 0.000000000000000000e+00 0.000000000000000000e+00 0.000000000000000000e+00 0.000000000000000000e+00 0.000000000000000000e+00
3.537990702182560199e+02 6.049070218256019871e+00 2.929907021825601987e+01 2.529907021825601987e+01 3.342990702182560199e+02 3.137990702182560199e+02 3.537990702182560199e+02
3.537125943109042510e+02 3.454625943109042510e+02 1.971259431090425096e+01 2.821259431090425096e+01 1.921259431090425096e+01 8.462594310904250960e+00 3.712594310904250960e+00
3.572600173537369415e+02 1.051001735373694146e+01 1.376001735373694146e+01 3.570100173537369415e+02 3.527600173537369415e+02 3.565100173537369415e+02 5.100173537369414589e-01
3.428649632510769152e+00 3.566786496325107692e+02 3.494286496325107692e+02 3.531786496325107692e+02 3.551786496325107692e+02 1.242864963251076915e+01 9.442864963251076915e+01
1.415073628674321071e+01 3.469007362867432107e+02 3.394007362867432107e+02 3.369007362867432107e+02 3.309007362867432107e+02 3.279007362867432107e+02 3.419007362867432107e+02
3.534958353085573890e+02 3.484958353085573890e+02 3.377458353085573890e+02 3.514958353085573890e+02 3.524958353085573890e+02 3.582458353085573890e+02 1.745835308557388998e+00
3.025308232886652604e+01 2.700308232886652604e+01 8.753082328866526041e+00 2.753082328866526041e+00 3.587530823288665260e+02 3.567530823288665260e+02 3.555030823288665260e+02
0.000000000000000000e+00 0.000000000000000000e+00 0.000000000000000000e+00 0.000000000000000000e+00 0.000000000000000000e+00 0.000000000000000000e+00 0.000000000000000000e+00
3.401234723854021809e+02 3.453734723854021809e+02 3.586234723854021809e+02 3.531234723854021809e+02 3.456234723854021809e+02 8.873472385402180862e+00 1.087347238540218086e+01
1.375343644042101232e+01 1.825343644042101232e+01 3.520034364404210123e+02 1.515034364404210123e+02 9.650343644042101232e+01 1.275343644042101232e+01 3.175343644042101232e+01
3.475494699268104455e+02 3.525494699268104455e+02 3.425494699268104455e+02 3.470494699268104455e+02 4.299469926810445486e+00 8.049469926810445486e+00 3.250494699268104455e+02
3.477462617645719547e+02 3.519962617645719547e+02 3.532462617645719547e+02 3.479962617645719547e+02 3.524962617645719547e+02 4.962617645719546999e-01 4.749626176457195470e+01
0.000000000000000000e+00 0.000000000000000000e+00 0.000000000000000000e+00 0.000000000000000000e+00 0.000000000000000000e+00 0.000000000000000000e+00 0.000000000000000000e+00
3.321345633571863800e+02 3.356345633571863800e+02 3.341345633571863800e+02 3.583845633571863800e+02 1.388456335718638002e+01 9.634563357186380017e+00 5.634563357186380017e+00
3.364351597344749507e+02 3.369351597344749507e+02 3.469351597344749507e+02 3.536851597344749507e+02 3.576851597344749507e+02 3.534351597344749507e+02 3.474351597344749507e+02
3.414245269433446310e+02 3.449245269433446310e+02 3.459245269433446310e+02 3.299245269433446310e+02 3.554245269433446310e+02 3.529245269433446310e+02 3.551745269433446310e+02
0.000000000000000000e+00 0.000000000000000000e+00 0.000000000000000000e+00 0.000000000000000000e+00 0.000000000000000000e+00 0.000000000000000000e+00 0.000000000000000000e+00
4.817623994722055158e+00 1.881762399472205516e+01 1.481762399472205516e+01 6.817623994722055158e+00 3.131762399472205516e+01 6.481762399472205516e+01 2.465676239947220552e+02
2.971680402520598818e+01 3.721680402520598818e+01 1.646680402520598818e+01 9.966804025205988182e+00 6.716804025205988182e+00 3.584668040252059882e+02 3.522168040252059882e+02
