4.177274313631272662e+00 3.536772743136313011e+02 2.417727431363127266e+01 3.742727431363127266e+01 3.321772743136313011e+02 3.214272743136313011e+02 8.177274313631272662e+00
5.148046736956075620e+00 3.898046736956075620e+00 3.598980467369560756e+02 3.501480467369560756e+02 3.483980467369560756e+02 3.538980467369560756e+02 3.553980467369560756e+02
6.322853139838287007e+00 2.032285313983828701e+01 2.657285313983828701e+01 1.107285313983828701e+01 3.460728531398382870e+02 3.428228531398382870e+02 3.530728531398382870e+02
2.762743565253629185e+00 2.762743565253629185e+00 1.762743565253629185e+00 4.762743565253629185e+00 6.262743565253629185e+00 3.525127435652536292e+02 4.262743565253629185e+00
3.598371892953439328e+02 3.593371892953439328e+02 1.337189295343932827e+00 1.308718929534393283e+01 9.337189295343932827e+00 3.120871892953439328e+02 3.513371892953439328e+02
2.867188094430730416e-01 3.590367188094430730e+02 3.552867188094430730e+02 3.537867188094430730e+02 3.537867188094430730e+02 3.485367188094430730e+02 5.536718809443073042e+00
1.407869836744930581e+01 1.082869836744930581e+01 8.578698367449305806e+00 1.207869836744930581e+01 3.232869836744930581e+01 9.828698367449305806e+00 3.548286983674493058e+02
7.774933597017820830e+00 5.524933597017820830e+00 2.774933597017820830e+00 2.774933597017820830e+00 1.527493359701782083e+01 1.052493359701782083e+01 2.977493359701782083e+01
0.000000000000000000e+00 0.000000000000000000e+00 0.000000000000000000e+00 0.000000000000000000e+00 0.000000000000000000e+00 0.000000000000000000e+00 0.000000000000000000e+00
2.710614382271899103e+00 1.696061438227189910e+01 2.446061438227189910e+01 1.321061438227189910e+01 3.489606143822718991e+02 3.354606143822718991e+02 3.499606143822718991e+02
1.921804898033212794e+01 1.846804898033212794e+01 1.596804898033212794e+01 2.046804898033212794e+01 2.296804898033212794e+01 2.521804898033212794e+01 5.321804898033212794e+01
4.183219151712182793e+01 4.233219151712182793e+01 2.558219151712182793e+01 3.258219151712182793e+01 3.783219151712182793e+01 2.783219151712182793e+01 1.983219151712182793e+01
4.832320184217735459e+00 3.525823201842177355e+02 3.383323201842177355e+02 3.273323201842177355e+02 3.248323201842177355e+02 3.500823201842177355e+02 5.582320184217735459e+00
0.000000000000000000e+00 0.000000000000000000e+00 0.000000000000000000e+00 0.000000000000000000e+00 0.000000000000000000e+00 0.000000000000000000e+00 0.000000000000000000e+00
3.575170304852195500e+02 3.585170304852195500e+02 2.670304852195499734e-01 5.170304852195499734e-01 3.590170304852195500e+02 3.575170304852195500e+02 3.580170304852195500e+02
0.000000000000000000e+00 0.000000000000000000e+00 0.000000000000000000e+00 0.000000000000000000e+00 0.000000000000000000e+00 0.000000000000000000e+00 0.000000000000000000e+00
0.000000000000000000e+00 0.000000000000000000e+00 0.000000000000000000e+00 0.000000000000000000e+00 0.000000000000000000e+00 0.000000000000000000e+00 0.000000000000000000e+00
0.000000000000000000e+00 0.000000000000000000e+00 0.000000000000000000e+00 0.000000000000000000e+00 0.000000000000000000e+00 0.000000000000000000e+00 0.000000000000000000e+00
0.000000000000000000e+00 0.000000000000000000e+00 0.000000000000000000e+00 0.000000000000000000e+00 0.000000000000000000e+00 0.000000000000000000e+00 0.000000000000000000e+00
0.000000000000000000e+00 0.000000000000000000e+00 0.000000000000000000e+00 0.000000000000000000e+00 0.000000000000000000e+00 0.000000000000000000e+00 0.000000000000000000e+00
1.008722218985366226e+01 3.837222189853662258e+00 8.372221898536622575e-01 1.587222189853662258e+00 3.565872221898536623e+02 1.033722218985366226e+01 3.488372221898536623e+02
3.561396231197793441e+02 3.556396231197793441e+02 3.586396231197793441e+02 3.578896231197793441e+02 3.468896231197793441e+02 3.068896231197793441e+02 3.478896231197793441e+02
7.182043700695231792e+00 2.243204370069523179e+01 2.443204370069523179e+01 1.718204370069523179e+01 6.182043700695231792e+00 7.682043700695231792e+00 3.576820437006952034e+02
3.596508724251735885e+02 3.596508724251735885e+02 3.594008724251735885e+02 1.150872425173588454e+00 3.581508724251735885e+02 3.519008724251735885e+02 3.541508724251735885e+02
3.598888902175569910e+02 4.338889021755699105e+01 6.263889021755699105e+01 4.538889021755699105e+01 2.138890217556991047e+00 3.433888902175569910e+02 3.446388902175569910e+02
3.584742957450221184e+02 3.517242957450221184e+02 3.224742957450221184e+02 3.362242957450221184e+02 3.462242957450221184e+02 3.394742957450221184e+02 3.562242957450221184e+02
3.571369076544216341e+02 3.501369076544216341e+02 3.516369076544216341e+02 3.546369076544216341e+02 3.488869076544216341e+02 3.501369076544216341e+02 3.541369076544216341e+02
0.000000000000000000e+00 0.000000000000000000e+00 0.000000000000000000e+00 0.000000000000000000e+00 0.000000000000000000e+00 0.000000000000000000e+00 0.000000000000000000e+00
3.501113033686109475e+02 2.361303368610947473e+00 1.961130336861094747e+01 8.111303368610947473e+00 3.436113033686109475e+02 3.086113033686109475e+02 5.361303368610947473e+00
3.496243947240029684e+02 2.512439472400298968e+01 1.662439472400298968e+01 3.316243947240029684e+02 3.046243947240029684e+02 3.418743947240029684e+02 5.374394724002989676e+00
1.016401896713574615e+00 1.766401896713574615e+00 2.516401896713574615e+00 3.766401896713574615e+00 1.016401896713574615e+00 3.385164018967135462e+02 3.495164018967135462e+02
3.546541985611600580e+02 3.561541985611600580e+02 3.559041985611600580e+02 3.496541985611600580e+02 3.434041985611600580e+02 3.594041985611600580e+02 1.541985611600722450e-01
0.000000000000000000e+00 0.000000000000000000e+00 0.000000000000000000e+00 0.000000000000000000e+00 0.000000000000000000e+00 0.000000000000000000e+00 0.000000000000000000e+00
1.274663397676022214e+00 1.577466339767602221e+01 1.777466339767602221e+01 3.430246633976760222e+02 3.450246633976760222e+02 3.497746633976760222e+02 3.545246633976760222e+02
2.230985160233728948e+00 2.480985160233728948e+00 4.809851602337289478e-01 4.809851602337289478e-01 3.347309851602337289e+02 3.214809851602337289e+02 3.462309851602337289e+02
3.003397009572686898e+02 3.135897009572686898e+02 3.303397009572686898e+02 3.433397009572686898e+02 1.683970095726869687e+01 3.283970095726868976e+01 3.008970095726868976e+01
3.100824742973101138e+02 4.082474297310085376e+00 2.082474297310085376e+00 3.508324742973101138e+02 3.558324742973101138e+02 9.082474297310085376e+00 2.832474297310085376e+00
2.237606312531892172e+01 2.062606312531892172e+01 1.687606312531892172e+01 1.837606312531892172e+01 2.412606312531892172e+01 3.487606312531892172e+01 5.462606312531892172e+01
1.740615863480985581e+01 1.515615863480985581e+01 3.390615863480985581e+01 3.190615863480985581e+01 3.615615863480985581e+01 3.990615863480985581e+01 4.540615863480985581e+01
