3.585432439520558319e+02 3.597932439520558319e+02 3.317932439520558319e+02 2.805432439520558319e+02 3.010432439520558319e+02 5.204324395205583187e+01 2.510432439520558319e+02
3.538012955489253955e+02 5.129554892539545108e-02 1.780129554892539545e+01 2.405129554892539545e+01 2.030129554892539545e+01 9.051295548925395451e+00 3.578012955489253955e+02
3.561908207764523695e+02 3.449408207764523695e+02 3.256908207764523695e+02 3.364408207764523695e+02 3.469408207764523695e+02 3.561908207764523695e+02 1.440820776452369500e+00
5.375647952144731789e+00 4.375647952144731789e+00 3.591256479521447318e+02 3.596256479521447318e+02 5.125647952144731789e+00 3.536256479521447318e+02 3.443756479521447318e+02
1.444402568770829021e+01 1.069402568770829021e+01 4.194025687708290207e+00 1.694402568770829021e+01 1.994402568770829021e+01 3.561940256877082902e+02 3.509440256877082902e+02
4.147743163502411790e+00 4.647743163502411790e+00 2.897743163502411790e+00 7.897743163502411790e+00 1.789774316350241179e+01 2.664774316350241179e+01 3.596477431635024118e+02
7.826741536747249484e+00 9.326741536747249484e+00 2.107674153674724948e+01 8.826741536747249484e+00 9.326741536747249484e+00 1.832674153674724948e+01 3.428267415367472495e+02
1.831594339351840972e+01 2.856594339351840972e+01 3.081594339351840972e+01 2.756594339351840972e+01 3.731594339351840972e+01 3.445659433935184097e+02 5.065943393518409721e+00
0.000000000000000000e+00 0.000000000000000000e+00 0.000000000000000000e+00 0.000000000000000000e+00 0.000000000000000000e+00 0.000000000000000000e+00 0.000000000000000000e+00
5.581332046087993604e+00 3.485813320460879936e+02 3.315813320460879936e+02 3.453313320460879936e+02 3.460813320460879936e+02 3.508313320460879936e+02 3.528313320460879936e+02
3.591277604099899463e+02 2.962776040998994631e+01 5.212776040998994631e+01 7.362776040998994631e+01 1.093777604099899463e+02 3.396277604099899463e+02 1.187776040998994631e+01
1.779009999385173728e+02 1.524009999385173728e+02 1.204009999385173728e+02 1.129009999385173728e+02 7.315099993851737281e+01 1.590099993851737281e+01 1.924009999385173728e+02
4.129561735350080198e+00 1.487956173535008020e+01 3.762956173535008020e+01 3.587956173535008020e+01 2.437956173535008020e+01 8.129561735350080198e+00 3.129561735350080198e+00
0.000000000000000000e+00 0.000000000000000000e+00 0.000000000000000000e+00 0.000000000000000000e+00 0.000000000000000000e+00 0.000000000000000000e+00 0.000000000000000000e+00
3.369676483560309066e+02 3.519676483560309066e+02 3.519676483560309066e+02 3.517176483560309066e+02 4.217648356030906598e+00 1.271764835603090660e+01 1.296764835603090660e+01
0.000000000000000000e+00 0.000000000000000000e+00 0.000000000000000000e+00 0.000000000000000000e+00 0.000000000000000000e+00 0.000000000000000000e+00 0.000000000000000000e+00
0.000000000000000000e+00 0.000000000000000000e+00 0.000000000000000000e+00 0.000000000000000000e+00 0.000000000000000000e+00 0.000000000000000000e+00 0.000000000000000000e+00
0.000000000000000000e+00 0.000000000000000000e+00 0.000000000000000000e+00 0.000000000000000000e+00 0.000000000000000000e+00 0.000000000000000000e+00 0.000000000000000000e+00
0.000000000000000000e+00 0.000000000000000000e+00 0.000000000000000000e+00 0.000000000000000000e+00 0.000000000000000000e+00 0.000000000000000000e+00 0.000000000000000000e+00
0.000000000000000000e+00 0.000000000000000000e+00 0.000000000000000000e+00 0.000000000000000000e+00 0.000000000000000000e+00 0.000000000000000000e+00 0.000000000000000000e+00
1.762866984240162083e+01 2.062866984240162083e+01 1.512866984240162083e+01 3.471286698424016208e+02 3.471286698424016208e+02 4.287866984240162083e+01 2.908786698424016208e+02
1.335958034134114314e+01 4.859580341341143139e+00 1.660958034134114314e+01 1.110958034134114314e+01 3.359580341341143139e+00 4.109580341341143139e+00 3.410958034134114314e+01
4.368078497628459900e+00 3.523680784976284599e+02 3.531180784976284599e+02 3.553680784976284599e+02 2.368078497628459900e+00 7.118078497628459900e+00 3.526180784976284599e+02
9.974604240040775949e+00 2.724604240040775949e+00 9.724604240040775949e+00 2.974604240040775949e+00 3.549746042400407759e+02 2.224604240040775949e+00 3.472460424004077595e+01
3.180280575041365410e+00 3.519302805750413654e+02 3.431802805750413654e+02 1.368028057504136541e+01 2.680280575041365410e+00 3.424302805750413654e+02 3.484302805750413654e+02
3.422244137218798414e+02 3.399744137218798414e+02 3.477244137218798414e+02 3.569744137218798414e+02 8.224413721879841432e+00 4.474413721879841432e+00 2.622441372187984143e+01
5.059665224491783420e+01 3.334665224491783420e+01 1.834665224491783420e+01 1.059665224491783420e+01 5.596652244917834196e+00 8.846652244917834196e+00 1.584665224491783420e+01
0.000000000000000000e+00 0.000000000000000000e+00 0.000000000000000000e+00 0.000000000000000000e+00 0.000000000000000000e+00 0.000000000000000000e+00 0.000000000000000000e+00
5.830710642746112171e+00 1.333071064274611217e+01 1.183071064274611217e+01 1.658071064274611217e+01 3.383071064274611217e+01 3.233071064274611217e+01 1.783071064274611217e+01
1.330006135312140714e+01 5.405006135312140714e+01 1.575500613531214071e+02 2.263000613531214071e+02 2.773000613531214071e+02 2.805500613531214071e+02 2.818000613531214071e+02
3.435019512740167329e+02 3.482519512740167329e+02 3.537519512740167329e+02 3.560019512740167329e+02 3.001951274016732896e+00 3.582519512740167329e+02 5.501951274016732896e+00
3.521482897874657283e+02 1.482897874657282955e-01 8.982897874657282955e-01 2.898289787465728296e+00 3.546482897874657283e+02 3.411482897874657283e+02 3.573982897874657283e+02
0.000000000000000000e+00 0.000000000000000000e+00 0.000000000000000000e+00 0.000000000000000000e+00 0.000000000000000000e+00 0.000000000000000000e+00 0.000000000000000000e+00
7.914192684734757677e-01 3.470414192684734758e+02 3.520414192684734758e+02 3.565414192684734758e+02 2.041419268473475768e+00 6.291419268473475768e+00 5.291419268473475768e+00
3.435229627753977297e+02 3.387729627753977297e+02 3.475229627753977297e+02 3.492729627753977297e+02 4.022962775397729729e+00 1.477296277539772973e+01 8.022962775397729729e+00
3.384401681506326440e+02 3.471901681506326440e+02 1.940168150632644029e+00 3.481901681506326440e+02 3.401901681506326440e+02 3.454401681506326440e+02 1.901681506326440285e-01
9.676816554972674567e+00 2.676816554972674567e+00 7.176816554972674567e+00 7.176816554972674567e+00 3.536768165549726746e+02 3.454268165549726746e+02 3.514268165549726746e+02
9.419279303738733233e+00 1.419279303738733233e+00 2.041927930373873323e+01 2.516927930373873323e+01 3.309192793037387332e+02 3.169192793037387332e+02 2.896692793037387332e+02
3.800841009273074178e+01 3.225841009273074178e+01 2.675841009273074178e+01 2.475841009273074178e+01 1.900841009273074178e+01 2.100841009273074178e+01 1.400841009273074178e+01
