3.546300410584668725e+02 3.508800410584668725e+02 3.446300410584668725e+02 3.281300410584668725e+02 1.063004105846687253e+01 3.228800410584668725e+02 1.166300410584668725e+02
1.327111468314114973e+00 3.595771114683141150e+02 3.568271114683141150e+02 1.827111468314114973e+00 3.568271114683141150e+02 1.577111468314114973e+00 3.398271114683141150e+02
9.644480320654281513e+00 3.531444803206542815e+02 2.239448032065428151e+01 3.571444803206542815e+02 8.944803206542815133e-01 3.576444803206542815e+02 3.448944803206542815e+02
3.524873246124706725e+02 4.237324612470672491e+00 6.987324612470672491e+00 9.737324612470672491e+00 1.748732461247067249e+01 1.423732461247067249e+01 3.497373246124706725e+02
3.510587470639525804e+02 6.058747063952580447e+00 5.058747063952580447e+00 1.255874706395258045e+01 1.355874706395258045e+01 1.205874706395258045e+01 8.558747063952580447e+00
1.257872609383002782e+01 3.593287260938300278e+02 3.595787260938300278e+02 8.828726093830027821e+00 2.107872609383002782e+01 1.957872609383002782e+01 2.482872609383002782e+01
2.623084045744951709e+01 7.230840457449517089e+00 2.308404574495170891e-01 1.523084045744951709e+01 2.373084045744951709e+01 2.480840457449517089e+00 4.398084045744951709e+01
2.315974857392563990e+01 1.640974857392563990e+01 2.140974857392563990e+01 3.040974857392563990e+01 3.865974857392563990e+01 1.215974857392563990e+01 5.909748573925639903e+00
0.000000000000000000e+00 0.000000000000000000e+00 0.000000000000000000e+00 0.000000000000000000e+00 0.000000000000000000e+00 0.000000000000000000e+00 0.000000000000000000e+00
4.003507121941999003e+01 3.203507121941999003e+01 2.535071219419990030e+00 3.397850712194199900e+02 3.497850712194199900e+02 3.595350712194199900e+02 3.520350712194199900e+02
3.430750294693355045e+02 4.357502946933550447e+01 3.403250294693355045e+02 3.433250294693355045e+02 2.457502946933550447e+01 7.132502946933550447e+01 7.507502946933550447e+01
1.519895408629577105e+01 2.644489540862957710e+02 1.491989540862957710e+02 6.744895408629577105e+01 3.341989540862957710e+02 8.698954086295771049e+00 2.144489540862957710e+02
8.450106014463131032e+00 1.570010601446313103e+01 6.450106014463131032e+00 1.670010601446313103e+01 1.845010601446313103e+01 5.450106014463131032e+00 6.200106014463131032e+00
0.000000000000000000e+00 0.000000000000000000e+00 0.000000000000000000e+00 0.000000000000000000e+00 0.000000000000000000e+00 0.000000000000000000e+00 0.000000000000000000e+00
3.552577089858068575e+02 3.560077089858068575e+02 3.500077089858068575e+02 3.525077089858068575e+02 2.577089858068575268e-01 1.507708985806857527e+00 3.502577089858068575e+02
0.000000000000000000e+00 0.000000000000000000e+00 0.000000000000000000e+00 0.000000000000000000e+00 0.000000000000000000e+00 0.000000000000000000e+00 0.000000000000000000e+00
0.000000000000000000e+00 0.000000000000000000e+00 0.000000000000000000e+00 0.000000000000000000e+00 0.000000000000000000e+00 0.000000000000000000e+00 0.000000000000000000e+00
0.000000000000000000e+00 0.000000000000000000e+00 0.000000000000000000e+00 0.000000000000000000e+00 0.000000000000000000e+00 0.000000000000000000e+00 0.000000000000000000e+00
0.000000000000000000e+00 0.000000000000000000e+00 0.000000000000000000e+00 0.000000000000000000e+00 0.000000000000000000e+00 0.000000000000000000e+00 0.000000000000000000e+00
0.000000000000000000e+00 0.000000000000000000e+00 0.000000000000000000e+00 0.000000000000000000e+00 0.000000000000000000e+00 0.000000000000000000e+00 0.000000000000000000e+00
3.840282813483077007e+01 8.902828134830770068e+00 3.215282813483077007e+01 3.509028281348307701e+02 3.429028281348307701e+02 3.036528281348307701e+02 3.271528281348307701e+02
3.509771974147599849e+02 3.227197414759984895e+00 3.227197414759984895e+00 2.727197414759984895e+00 3.727197414759984895e+00 3.579771974147599849e+02 3.539771974147599849e+02
3.481064215741692465e+02 9.106421574169246469e+00 1.560642157416924647e+01 3.356421574169246469e+00 6.064215741692464690e-01 3.561064215741692465e+02 1.064215741692464690e-01
3.666741906935328643e+00 3.551667419069353286e+02 3.394167419069353286e+02 3.561667419069353286e+02 1.667419069353286432e-01 3.536667419069353286e+02 4.167419069353286432e-01
3.894205686123677879e+01 3.514420568612367788e+02 3.391920568612367788e+02 3.451920568612367788e+02 3.589420568612367788e+02 3.491920568612367788e+02 3.441920568612367788e+02
2.443694495398290201e+00 1.344369449539829020e+01 2.693694495398290201e+00 2.443694495398290201e+00 3.436936944953982902e+02 3.589436944953982902e+02 3.524436944953982902e+02
3.242087616462481492e+01 2.467087616462481492e+01 2.092087616462481492e+01 1.042087616462481492e+01 3.170876164624814919e+00 3.551708761646248149e+02 2.170876164624814919e+00
0.000000000000000000e+00 0.000000000000000000e+00 0.000000000000000000e+00 0.000000000000000000e+00 0.000000000000000000e+00 0.000000000000000000e+00 0.000000000000000000e+00
3.185398127971041049e+00 3.935398127971041049e+00 6.853981279710410490e-01 3.576853981279710410e+02 6.853981279710410490e-01 2.093539812797104105e+01 2.543539812797104105e+01
1.973498624009215234e+02 1.815998624009215234e+02 1.485998624009215234e+02 1.695998624009215234e+02 1.913498624009215234e+02 3.438498624009215519e+02 2.863498624009215519e+02
8.696728055916764788e+00 4.196728055916764788e+00 2.696728055916764788e+00 1.144672805591676479e+01 8.446728055916764788e+00 4.696728055916764788e+00 3.521967280559167648e+02
1.535864592020618602e+01 1.510864592020618602e+01 9.608645920206186020e+00 6.086459202061860196e-01 3.496086459202061860e+02 3.241086459202061860e+02 3.496086459202061860e+02
0.000000000000000000e+00 0.000000000000000000e+00 0.000000000000000000e+00 0.000000000000000000e+00 0.000000000000000000e+00 0.000000000000000000e+00 0.000000000000000000e+00
1.066303940503490821e+01 1.663039405034908214e+00 3.586630394050349082e+02 6.630394050349082136e-01 2.663039405034908214e+00 1.163039405034908214e+00 6.163039405034908214e+00
1.875552471484581929e+00 7.125552471484581929e+00 1.462555247148458193e+01 2.125552471484581929e+00 1.125552471484581929e+00 5.625552471484581929e+00 3.487555247148458193e+01
3.499114422420888104e+02 3.474114422420888104e+02 3.481614422420888104e+02 3.489114422420888104e+02 3.381614422420888104e+02 3.396614422420888104e+02 3.471614422420888104e+02
1.918672466062298554e+01 1.018672466062298554e+01 3.426867246606229855e+02 3.031867246606229855e+02 3.379367246606229855e+02 3.496867246606229855e+02 3.369367246606229855e+02
5.022081991765645625e+01 4.247081991765645625e+01 1.470819917656456255e+00 4.647081991765645625e+01 7.472081991765645625e+01 6.972081991765645625e+01 2.147081991765645625e+01
1.782281727955967199e+01 3.565728172795596720e+02 3.415728172795596720e+02 2.332281727955967199e+01 1.757281727955967199e+01 3.503228172795596720e+02 2.225728172795596720e+02
3.535318834550428164e+02 3.595318834550428164e+02 2.528188345504281642e+01 7.818834550428164221e-01 2.978188345504281642e+01 3.578188345504281642e+01 3.075318834550428164e+02
6.649471015757114856e+00 1.414947101575711486e+01 2.464947101575711486e+01 3.568994710157571149e+02 3.546494710157571149e+02 3.471494710157571149e+02 2.649471015757114856e+00
0.000000000000000000e+00 0.000000000000000000e+00 0.000000000000000000e+00 0.000000000000000000e+00 0.000000000000000000e+00 0.000000000000000000e+00 0.000000000000000000e+00
3.563804080140600377e+02 3.551304080140600377e+02 3.373804080140600377e+02 3.381304080140600377e+02 3.028804080140600377e+02 2.696304080140600377e+02 7.413040801406003766e+01
3.525527025497525528e+02 3.433027025497525528e+02 3.528027025497525528e+02 8.302702549752552841e+00 2.205270254975255284e+01 4.030270254975255284e+01 3.280270254975255284e+01
3.517978319014232511e+02 3.547831901423251111e+00 3.797831901423251111e+00 3.210478319014232511e+02 3.590478319014232511e+02 3.147978319014232511e+02 2.817978319014232511e+02
3.035882848256144371e+02 2.938382848256144371e+02 3.083382848256144371e+02 3.180882848256144371e+02 3.573382848256144371e+02 5.283828482561443707e+01 5.338284825614437068e+00
3.452782942632181857e+02 3.395282942632181857e+02 3.362782942632181857e+02 3.537782942632181857e+02 1.552829426321818573e+01 1.902829426321818573e+01 3.352829426321818573e+01
0.000000000000000000e+00 0.000000000000000000e+00 0.000000000000000000e+00 0.000000000000000000e+00 0.000000000000000000e+00 0.000000000000000000e+00 0.000000000000000000e+00
0.000000000000000000e+00 0.000000000000000000e+00 0.000000000000000000e+00 0.000000000000000000e+00 0.000000000000000000e+00 0.000000000000000000e+00 0.000000000000000000e+00
4.365458356937921280e+01 2.915458356937921280e+01 9.045835693792128041e-01 3.404583569379212804e+00 1.690458356937921280e+01 3.440458356937921280e+01 7.404583569379212804e+00
3.159671222884691133e+01 2.809671222884691133e+01 7.346712228846911330e+00 3.478467122288469113e+02 3.580967122288469113e+02 2.559671222884691133e+01 7.846712228846911330e+00
3.584607225296809929e+02 1.446072252968099292e+01 4.096072252968099292e+01 1.671072252968099292e+01 3.314607225296809929e+02 3.504607225296809929e+02 3.397107225296809929e+02
0.000000000000000000e+00 0.000000000000000000e+00 0.000000000000000000e+00 0.000000000000000000e+00 0.000000000000000000e+00 0.000000000000000000e+00 0.000000000000000000e+00
2.937777640835001307e+02 2.875277640835001307e+02 3.097777640835001307e+02 3.237777640835001307e+02 3.560277640835001307e+02 3.487777640835001307e+02 3.357777640835001307e+02
3.587305774447394811e+02 1.473057744473948105e+01 3.480577444739481052e+00 6.980577444739481052e+00 3.544805774447394811e+02 3.442305774447394811e+02 3.542305774447394811e+02
0.000000000000000000e+00 0.000000000000000000e+00 0.000000000000000000e+00 0.000000000000000000e+00 0.000000000000000000e+00 0.000000000000000000e+00 0.000000000000000000e+00
0.000000000000000000e+00 0.000000000000000000e+00 0.000000000000000000e+00 0.000000000000000000e+00 0.000000000000000000e+00 0.000000000000000000e+00 0.000000000000000000e+00
0.000000000000000000e+00 0.000000000000000000e+00 0.000000000000000000e+00 0.000000000000000000e+00 0.000000000000000000e+00 0.000000000000000000e+00 0.000000000000000000e+00
0.000000000000000000e+00 0.000000000000000000e+00 0.000000000000000000e+00 0.000000000000000000e+00 0.000000000000000000e+00 0.000000000000000000e+00 0.000000000000000000e+00
2.733570968373226151e+01 1.608570968373226151e+01 5.335709683732261510e+00 9.085709683732261510e+00 1.758570968373226151e+01 3.357096837322615102e-01 7.683570968373226151e+01
3.782858330949522951e+01 3.757858330949522951e+01 3.598285833094952295e+02 3.550785833094952295e+02 3.558285833094952295e+02 3.535785833094952295e+02 3.515785833094952295e+02
5.151966252752743003e+00 3.574019662527527430e+02 3.551519662527527430e+02 3.541519662527527430e+02 3.429019662527527430e+02 1.615196625275274300e+01 3.044019662527527430e+02
3.498853210141229511e+02 3.486353210141229511e+02 3.448853210141229511e+02 3.371353210141229511e+02 3.278853210141229511e+02 3.253853210141229511e+02 3.171353210141229511e+02
0.000000000000000000e+00 0.000000000000000000e+00 0.000000000000000000e+00 0.000000000000000000e+00 0.000000000000000000e+00 0.000000000000000000e+00 0.000000000000000000e+00
8.421965721628453139e+00 1.667196572162845314e+01 3.366719657216284531e+02 3.171719657216284531e+02 3.396719657216284531e+02 3.524219657216284531e+02 1.921965721628453139e+00
0.000000000000000000e+00 0.000000000000000000e+00 0.000000000000000000e+00 0.000000000000000000e+00 0.000000000000000000e+00 0.000000000000000000e+00 0.000000000000000000e+00
2.241511048731035771e+01 6.415110487310357712e+00 3.511651104873103577e+02 3.559151104873103577e+02 1.566511048731035771e+01 3.766511048731035771e+01 2.591651104873103577e+02
1.193713280412328004e+01 3.594371328041232800e+02 1.418713280412328004e+01 3.599371328041232800e+02 1.468713280412328004e+01 2.739371328041232800e+02 3.236871328041232800e+02
