8.990483221444069972e-01 8.739578789329270903e-01 8.738290886803115054e-01 8.295056897825247022e-01 5.970376130710123297e-01 2.936172493619869095e-01 3.085697580456147060e-01
9.826851772145495101e-01 9.555539252645506298e-01 9.581337670738482304e-01 9.229452502698273220e-01 8.408740079478213003e-01 7.145350823824065944e-01 7.112964760546480747e-01
0.000000000000000000e+00 0.000000000000000000e+00 0.000000000000000000e+00 0.000000000000000000e+00 0.000000000000000000e+00 0.000000000000000000e+00 0.000000000000000000e+00
0.000000000000000000e+00 0.000000000000000000e+00 0.000000000000000000e+00 0.000000000000000000e+00 0.000000000000000000e+00 0.000000000000000000e+00 0.000000000000000000e+00
7.725301643945901853e-02 1.526185366911640001e-02 8.815969130873743675e-02 3.458526480567615247e-01 3.525642706239552893e-01 4.031727770595804894e-01 1.298640466097923385e-01
0.000000000000000000e+00 0.000000000000000000e+00 0.000000000000000000e+00 0.000000000000000000e+00 0.000000000000000000e+00 0.000000000000000000e+00 0.000000000000000000e+00
8.089180035483953812e-01 7.447385498780153545e-01 6.555532261745610212e-01 6.079933567524186122e-01 5.639480769237652513e-01 4.167218577758525777e-01 5.249581108827697795e-01
9.367716201694400446e-01 9.350183310829487393e-01 9.341187593288863278e-01 8.889585289657905287e-01 9.368464687546577130e-01 9.715043605568279839e-01 8.134145229834836011e-01
0.000000000000000000e+00 0.000000000000000000e+00 0.000000000000000000e+00 0.000000000000000000e+00 0.000000000000000000e+00 0.000000000000000000e+00 0.000000000000000000e+00
0.000000000000000000e+00 0.000000000000000000e+00 0.000000000000000000e+00 0.000000000000000000e+00 0.000000000000000000e+00 0.000000000000000000e+00 0.000000000000000000e+00
9.118894937704885573e-01 8.809788987072544320e-01 6.867120361982921306e-01 6.071244135045240631e-01 7.482648657489232580e-01 7.325843139158586537e-01 4.526072594681501693e-01
8.627655203000786921e-01 6.956769693815191280e-01 4.611780114115711093e-01 6.805157540359737522e-01 6.133205556325439511e-01 3.958521330759955381e-01 3.965644531535629791e-01
8.131679604026335051e-01 9.199584636479813948e-01 9.470467518870661072e-01 9.292274119669011734e-01 9.407589507611301416e-01 9.224347644501608157e-01 8.707385825771353227e-01
9.643167951077640243e-01 9.856124500170392322e-01 9.950082250508893722e-01 9.951720309061199421e-01 9.886826970833614281e-01 9.627262987391291826e-01 9.827586495659249577e-01
9.783810125761481791e-01 9.872429255933073966e-01 9.913807183647299626e-01 9.783307572730578494e-01 9.623795898365811174e-01 8.010596064990379572e-01 9.662856844356838559e-01
0.000000000000000000e+00 0.000000000000000000e+00 0.000000000000000000e+00 0.000000000000000000e+00 0.000000000000000000e+00 0.000000000000000000e+00 0.000000000000000000e+00
0.000000000000000000e+00 0.000000000000000000e+00 0.000000000000000000e+00 0.000000000000000000e+00 0.000000000000000000e+00 0.000000000000000000e+00 0.000000000000000000e+00
9.412571097628542605e-01 9.191320756208521958e-01 8.938554407020408155e-01 9.308306801610460868e-01 8.795116799217087555e-01 8.648301853105145875e-01 8.831827917452028665e-01
9.878406901665844897e-01 9.911548904877628408e-01 9.917119230051838485e-01 9.875651586109157609e-01 9.733090112167194219e-01 6.001336253892785022e-01 4.659567288084723313e-01
0.000000000000000000e+00 0.000000000000000000e+00 0.000000000000000000e+00 0.000000000000000000e+00 0.000000000000000000e+00 0.000000000000000000e+00 0.000000000000000000e+00
0.000000000000000000e+00 0.000000000000000000e+00 0.000000000000000000e+00 0.000000000000000000e+00 0.000000000000000000e+00 0.000000000000000000e+00 0.000000000000000000e+00
9.618292527785855528e-01 9.714701210479017579e-01 9.730706861397125929e-01 9.756487602699486228e-01 9.820585602439694251e-01 9.812524282348096261e-01 9.809015861888800147e-01
9.857211564545295124e-01 9.812527189306970987e-01 9.739722601037503757e-01 8.022871210671879139e-01 9.602390611128527320e-01 4.756392004559328313e-01 6.041598639511115421e-01
0.000000000000000000e+00 0.000000000000000000e+00 0.000000000000000000e+00 0.000000000000000000e+00 0.000000000000000000e+00 0.000000000000000000e+00 0.000000000000000000e+00
8.446688689135624095e-01 8.925681750457766794e-01 8.405550372603852738e-01 5.841236041898394404e-01 6.614364965830308307e-01 2.036616454976575563e-01 2.488812266354365199e-01
9.620601952276791602e-01 9.785151516368070235e-01 9.775649960563187468e-01 9.795860663915503252e-01 9.796231843257022787e-01 9.812824347995984242e-01 9.348413058045481616e-01
0.000000000000000000e+00 0.000000000000000000e+00 0.000000000000000000e+00 0.000000000000000000e+00 0.000000000000000000e+00 0.000000000000000000e+00 0.000000000000000000e+00
0.000000000000000000e+00 0.000000000000000000e+00 0.000000000000000000e+00 0.000000000000000000e+00 0.000000000000000000e+00 0.000000000000000000e+00 0.000000000000000000e+00
9.279290663212478307e-01 8.242489834668208504e-01 7.113546659242654391e-01 3.271213959465419929e-01 3.948927945951751228e-01 5.548146971380863990e-01 5.572538737616044013e-01
8.883264944374023031e-01 9.008534246091812747e-01 7.504030987624197291e-01 8.375146122504193436e-01 9.368475259062111204e-01 9.429546994056900999e-01 9.558389058067965349e-01
0.000000000000000000e+00 0.000000000000000000e+00 0.000000000000000000e+00 0.000000000000000000e+00 0.000000000000000000e+00 0.000000000000000000e+00 0.000000000000000000e+00
9.523061159612347115e-01 7.310572416930639639e-01 3.794010154064844098e-01 3.191176585002125643e-01 4.636655060941488604e-01 4.571572980279495213e-01 4.865810191437264787e-01
0.000000000000000000e+00 0.000000000000000000e+00 0.000000000000000000e+00 0.000000000000000000e+00 0.000000000000000000e+00 0.000000000000000000e+00 0.000000000000000000e+00
9.520398026578461570e-01 9.418453520540283064e-01 8.555149695325713344e-01 8.054334554963810122e-01 9.206598917077488675e-01 7.060097747521816292e-01 8.196590155591730875e-01
9.784340935672719564e-01 9.808099473428325554e-01 9.458028252393547719e-01 9.255906889229629231e-01 9.230622951193419023e-01 9.545619335051853671e-01 9.724222987421883291e-01
9.700420612003262111e-01 9.857616647329374704e-01 9.907723358949875880e-01 9.870999592927566235e-01 9.607328907170878951e-01 9.400902106445195860e-01 9.620024179606593284e-01
9.662443788432626413e-01 9.772357863510628961e-01 9.809500856920595480e-01 9.809273782570875344e-01 9.751196939744161130e-01 9.462074406252207748e-01 6.394830250857749254e-01
9.680105431316139430e-01 9.563959960517575132e-01 9.443479590989167782e-01 9.556388880634218985e-01 9.648500082551149104e-01 9.685395765716000582e-01 9.640930216147844956e-01
8.782573214786894011e-01 9.159619108438046275e-01 9.214510327088654140e-01 8.579578676195221965e-01 8.217285288094673401e-01 5.668265438729562788e-01 5.476840380757822535e-01
0.000000000000000000e+00 0.000000000000000000e+00 0.000000000000000000e+00 0.000000000000000000e+00 0.000000000000000000e+00 0.000000000000000000e+00 0.000000000000000000e+00
9.349480024739981188e-01 9.354135156813906393e-01 9.537439726365715131e-01 9.110419625486579909e-01 8.024939107356521273e-01 7.770723570396489421e-01 7.790046710474638481e-01
0.000000000000000000e+00 0.000000000000000000e+00 0.000000000000000000e+00 0.000000000000000000e+00 0.000000000000000000e+00 0.000000000000000000e+00 0.000000000000000000e+00
0.000000000000000000e+00 0.000000000000000000e+00 0.000000000000000000e+00 0.000000000000000000e+00 0.000000000000000000e+00 0.000000000000000000e+00 0.000000000000000000e+00
2.989187823603312588e-01 1.700436686045525836e-01 2.910751864076500661e-01 5.089009551221075345e-01 6.527758247578440143e-01 8.058797171621313593e-01 9.012164858684044155e-01
6.685395263362294838e-01 6.635576516075271103e-01 4.428646110702212924e-01 3.659563315460071520e-01 5.515835654837221158e-01 6.344322071960353249e-01 5.880937338468525954e-01
5.332066780717725774e-01 4.443447707084860476e-01 7.109891148544658090e-01 8.609669079350146248e-01 8.829839891307736943e-01 6.800669122504396924e-01 6.640310841879487613e-01
3.422263041843562337e-02 1.861448212797644219e-01 5.387979980488032394e-01 4.832741557353457118e-01 9.880172312575499771e-02 2.549499596891501296e-01 2.368061541474403842e-01
0.000000000000000000e+00 0.000000000000000000e+00 0.000000000000000000e+00 0.000000000000000000e+00 0.000000000000000000e+00 0.000000000000000000e+00 0.000000000000000000e+00
9.186340320905804768e-01 9.461950381316863723e-01 9.499333188142966566e-01 9.255223206807851044e-01 9.324057279197827119e-01 9.126188066114574449e-01 8.949414112029014934e-01
0.000000000000000000e+00 0.000000000000000000e+00 0.000000000000000000e+00 0.000000000000000000e+00 0.000000000000000000e+00 0.000000000000000000e+00 0.000000000000000000e+00
9.216269904047355022e-01 8.989247250328122885e-01 8.881702597849916447e-01 8.511320459015594420e-01 8.481809613945968662e-01 9.194180391398786290e-01 9.593928610161087667e-01
9.629196251505385273e-01 9.502104003675070354e-01 9.104118371609991600e-01 6.738519835799616775e-01 7.891478133833406128e-01 9.016402365947332465e-01 9.291303228029159644e-01
7.563454537092972885e-01 8.231055697970169893e-01 8.089543140118862219e-01 4.428358734923541484e-01 4.743333866077303895e-01 4.912000114733067746e-01 5.810912977270585866e-01
7.561251736105711885e-01 6.401981207413657282e-01 3.341896827351901744e-01 4.378172888998521084e-01 6.735065282165051403e-01 8.938829717609370062e-01 9.790449717429522414e-01
9.886875554582276182e-01 9.590583390052623836e-01 8.929262678604433789e-01 7.689757969570700791e-01 5.503528645902903138e-01 3.812900220539946483e-01 3.724312086032290914e-01
9.368427079590267992e-01 9.533816796924217130e-01 9.637608523282700235e-01 9.489316700681617034e-01 9.128486307208019124e-01 7.470114204226441235e-01 7.691507842429625708e-01
7.156314432324901720e-01 6.368348242482908539e-01 4.675467919981189380e-01 2.906744384040879647e-01 1.239035424566216209e-01 8.120318098276532726e-02 1.690700114336357307e-01
7.154455621606686799e-01 6.366795850073462271e-01 4.676143858147777665e-01 2.908881985972667783e-01 1.248724231804283352e-01 8.111957413079953771e-02 1.763545584485869122e-01
0.000000000000000000e+00 0.000000000000000000e+00 0.000000000000000000e+00 0.000000000000000000e+00 0.000000000000000000e+00 0.000000000000000000e+00 0.000000000000000000e+00
9.560581441970188443e-01 9.353727133129415838e-01 7.514174736142011923e-01 3.873401038655296946e-01 4.618974940324137024e-01 5.881141974457944066e-01 7.029406907169798435e-01
0.000000000000000000e+00 0.000000000000000000e+00 0.000000000000000000e+00 0.000000000000000000e+00 0.000000000000000000e+00 0.000000000000000000e+00 0.000000000000000000e+00
8.556878167980487282e-01 8.834088795440063757e-01 6.758639830268575732e-01 7.130577097080328386e-01 8.646117027351618578e-01 8.273678239988236927e-01 9.528808306416427509e-01
0.000000000000000000e+00 0.000000000000000000e+00 0.000000000000000000e+00 0.000000000000000000e+00 0.000000000000000000e+00 0.000000000000000000e+00 0.000000000000000000e+00
2.598857624910387853e-01 1.658792737006363829e-02 2.338662260966971329e-01 3.324616378384339099e-01 2.092391165043708603e-02 1.762671572738278014e-01 1.981945538374967619e-01
0.000000000000000000e+00 0.000000000000000000e+00 0.000000000000000000e+00 0.000000000000000000e+00 0.000000000000000000e+00 0.000000000000000000e+00 0.000000000000000000e+00
0.000000000000000000e+00 0.000000000000000000e+00 0.000000000000000000e+00 0.000000000000000000e+00 0.000000000000000000e+00 0.000000000000000000e+00 0.000000000000000000e+00
9.494321936348703028e-01 9.562203814167286042e-01 9.600457560389037415e-01 9.487460239764959891e-01 9.285630755222824551e-01 5.952825387957931813e-01 4.485497393827051482e-01
9.480348855480228432e-01 9.233941321307751471e-01 8.997795398660914934e-01 9.427097157223580659e-01 9.532632858444214374e-01 9.256790208728236102e-01 9.766659129370874881e-01
9.244135441691216926e-01 9.295810410835494420e-01 9.326386224573903760e-01 8.412279743960688894e-01 8.027382807901605188e-01 7.625137755430693165e-01 3.440727284408078290e-01
0.000000000000000000e+00 0.000000000000000000e+00 0.000000000000000000e+00 0.000000000000000000e+00 0.000000000000000000e+00 0.000000000000000000e+00 0.000000000000000000e+00
9.002091167004969696e-01 8.942792989978354257e-01 8.445083120651374342e-01 6.787083755512101080e-01 3.698509386016964329e-01 3.747181712882704518e-01 7.235111129873809110e-01
0.000000000000000000e+00 0.000000000000000000e+00 0.000000000000000000e+00 0.000000000000000000e+00 0.000000000000000000e+00 0.000000000000000000e+00 0.000000000000000000e+00
0.000000000000000000e+00 0.000000000000000000e+00 0.000000000000000000e+00 0.000000000000000000e+00 0.000000000000000000e+00 0.000000000000000000e+00 0.000000000000000000e+00
3.416287913842700474e-01 3.400121498357818184e-01 4.774272767317331301e-01 6.443674309278962786e-01 7.702318645174605072e-01 6.796618600182000591e-01 5.202819933244406947e-01
0.000000000000000000e+00 0.000000000000000000e+00 0.000000000000000000e+00 0.000000000000000000e+00 0.000000000000000000e+00 0.000000000000000000e+00 0.000000000000000000e+00
9.202050050410549575e-01 8.852685122563603848e-01 8.025417875241234178e-01 7.906878830080245057e-01 8.518249244234807893e-01 6.498671008842649144e-01 3.712995477742545569e-01
6.239501369958332377e-01 4.567603934802683119e-01 4.199359496941872938e-01 2.996896021235226359e-01 2.677125373205727077e-01 3.256183723148975973e-01 5.312966772430716134e-01
7.651875532987184592e-01 6.463207793838178228e-01 5.721611391021670379e-01 4.509856354912306076e-01 4.064407491332335809e-01 4.049110021124234793e-01 6.394670072835261232e-01
5.492385491258668928e-01 2.997143532632611795e-01 4.991691241212545954e-02 2.205676263727468500e-01 2.754246372442532564e-01 3.528764825571630709e-02 2.305128577418795177e-01
3.534310889856253080e-01 3.148408831205715130e-01 5.305827480085647530e-01 6.037673956716425039e-01 3.138203032560177852e-01 3.396279059401858813e-01 4.733363414489716314e-01
0.000000000000000000e+00 0.000000000000000000e+00 0.000000000000000000e+00 0.000000000000000000e+00 0.000000000000000000e+00 0.000000000000000000e+00 0.000000000000000000e+00
9.236950141725296382e-01 9.284832552121389249e-01 9.133980402026593559e-01 8.546977974541342116e-01 9.152938103321001106e-01 9.476964869958244275e-01 9.421568282584121823e-01
9.286725850528130266e-01 8.890277516486742027e-01 8.446133790688113985e-01 7.489609302121912338e-01 8.201488940459864541e-01 5.563159644043712548e-01 7.447291812097819319e-01
8.489872705121496166e-01 9.442197661319131630e-01 9.720612500610846807e-01 9.776993779485326774e-01 9.804452517129272904e-01 9.734582023940587803e-01 9.101093841157411601e-01
5.941429258664584490e-01 5.719073632857981648e-01 5.016187883881089160e-01 6.304675328879196794e-01 7.834120238148992721e-01 7.264683072142757991e-01 5.893183809808940632e-01
9.328384914154207452e-01 9.315268368664727516e-01 9.231916140476706945e-01 9.029013041258827643e-01 8.847314552919728348e-01 8.997895042242745056e-01 6.440843496908232879e-01
9.322932892406008420e-01 9.315549141939859501e-01 9.238469117564840349e-01 9.026219110816700031e-01 8.860974655101652164e-01 8.974568643657717670e-01 6.514956124475725918e-01
9.353955823771238354e-01 9.334890876525692160e-01 9.255545445363354551e-01 9.031391001232669247e-01 8.819323302669537235e-01 7.562492768658253262e-01 4.777242139198213389e-01
0.000000000000000000e+00 0.000000000000000000e+00 0.000000000000000000e+00 0.000000000000000000e+00 0.000000000000000000e+00 0.000000000000000000e+00 0.000000000000000000e+00
0.000000000000000000e+00 0.000000000000000000e+00 0.000000000000000000e+00 0.000000000000000000e+00 0.000000000000000000e+00 0.000000000000000000e+00 0.000000000000000000e+00
0.000000000000000000e+00 0.000000000000000000e+00 0.000000000000000000e+00 0.000000000000000000e+00 0.000000000000000000e+00 0.000000000000000000e+00 0.000000000000000000e+00
1.548793463542890991e-01 2.104533344764142611e-01 8.934764867802980071e-02 3.645740705733693243e-01 3.195113500230506443e-01 7.267176805201268353e-02 4.292718577497624532e-01
2.648437823169452754e-01 1.866147731846770352e-01 2.811980779161145638e-01 6.074943022530646664e-01 6.331638212877470639e-01 2.405503223033383653e-01 2.314471058503509704e-01
8.069982529949725203e-01 7.663325978806099226e-01 7.871112877567668642e-01 8.952512586912991788e-01 9.376587178710283910e-01 8.665587161578964803e-01 8.780830454015257081e-01
0.000000000000000000e+00 0.000000000000000000e+00 0.000000000000000000e+00 0.000000000000000000e+00 0.000000000000000000e+00 0.000000000000000000e+00 0.000000000000000000e+00
9.502795208401911831e-01 9.537051715610777025e-01 9.522675546316089479e-01 9.214956316879252540e-01 8.925729783467531986e-01 8.811537527581694285e-01 8.321403104336153600e-01
6.214866822642256539e-01 5.677339827319906052e-01 6.820751012606353081e-01 8.269317790431046644e-01 7.973591291752806232e-01 4.972865807764183521e-01 8.125654387605100171e-01
8.654289488984961976e-01 8.781923104138167346e-01 9.258718751885102183e-01 9.192962739595162969e-01 9.119739215449264025e-01 9.379009402684193031e-01 9.750777956904936872e-01
9.140828037636959946e-01 9.038163543620639784e-01 8.546016127391831141e-01 7.903028686264610414e-01 7.493082573771431276e-01 7.095667715505509232e-01 7.374020768164900597e-01
4.211660463736251470e-01 3.521071319600788119e-01 5.854100618668517386e-01 8.102341076066783554e-01 8.079905127775218743e-01 7.341406660837968001e-01 8.941829063000177324e-01
4.116662634252627462e-01 2.766784405480954279e-01 5.138035240982692375e-01 7.565988553564239050e-01 7.456568277603982109e-01 5.978040477386215024e-01 8.855083933295344600e-01
3.185338206778026149e-01 2.570321690534732237e-02 3.447187892041126411e-01 5.066658238257906177e-01 4.898977644182704871e-01 2.218204078785419586e-01 6.086527994548589504e-01
9.110718189467661432e-01 9.224798382563980104e-01 9.051378540333852030e-01 8.790436717088089269e-01 7.741304810890429211e-01 6.801696386593198973e-01 6.606638054105988811e-01
3.380935100001277172e-01 3.546322144849766156e-01 2.673640900251734176e-01 2.999207701396791048e-01 6.213271181251703856e-01 2.422031395473095705e-01 1.017120910795651784e-01
4.046939109643891697e-01 4.106198460508025949e-01 4.399519169804441132e-01 1.985251807475910124e-01 5.362780217350684442e-01 1.611061437919366346e-01 8.112790857498426711e-02
0.000000000000000000e+00 0.000000000000000000e+00 0.000000000000000000e+00 0.000000000000000000e+00 0.000000000000000000e+00 0.000000000000000000e+00 0.000000000000000000e+00
8.805465399385458136e-01 9.360515314410919885e-01 8.630927166192750022e-01 6.085019882203943631e-01 2.484370406947393195e-01 2.169026216748434488e-01 3.410043861320113945e-01
7.326994214948013839e-01 7.454552096339067679e-01 5.982451474172003625e-01 6.217310863693257250e-01 3.228267202975176886e-01 4.502253010887204976e-01 4.469855823523690153e-01
9.784284706534098763e-01 8.687099718431905426e-01 7.953110342466052085e-01 9.211016988031508479e-01 9.755575776094683738e-01 9.372681333009811322e-01 8.357447811142096894e-01
8.755603534481219974e-01 9.320349258077864629e-01 9.226776163902871142e-01 8.491956029576889220e-01 8.467562817918093954e-01 8.806914886486391092e-01 8.449640539806014816e-01
9.191580325363303272e-01 9.086122159403234866e-01 6.827187703478883041e-01 6.251475373231465404e-01 8.089646241495185297e-01 8.575964733801809681e-01 7.884933655476835668e-01
0.000000000000000000e+00 0.000000000000000000e+00 0.000000000000000000e+00 0.000000000000000000e+00 0.000000000000000000e+00 0.000000000000000000e+00 0.000000000000000000e+00
0.000000000000000000e+00 0.000000000000000000e+00 0.000000000000000000e+00 0.000000000000000000e+00 0.000000000000000000e+00 0.000000000000000000e+00 0.000000000000000000e+00
7.205244742342553632e-01 6.555616926342833217e-01 7.067611264650370817e-01 8.506725368037540980e-01 8.459959265080509994e-01 8.553163686564327906e-01 9.406716792485327883e-01
0.000000000000000000e+00 0.000000000000000000e+00 0.000000000000000000e+00 0.000000000000000000e+00 0.000000000000000000e+00 0.000000000000000000e+00 0.000000000000000000e+00
9.253433007961432422e-01 9.326152519321907475e-01 9.322071475394522189e-01 9.573594403945707709e-01 9.221299552364901064e-01 8.419975118954228233e-01 9.625095008536440622e-01
8.693569650007944016e-01 9.407649774013319144e-01 7.842611178085795443e-01 5.947563191334303001e-01 9.367194463788480752e-01 4.352912223138060699e-01 5.088234276617488172e-01
9.883183725336727177e-01 9.908603267602595910e-01 9.912128834646652953e-01 9.848773121515057571e-01 7.322385865704431618e-01 5.010427569495683464e-01 5.551497480604133949e-01
0.000000000000000000e+00 0.000000000000000000e+00 0.000000000000000000e+00 0.000000000000000000e+00 0.000000000000000000e+00 0.000000000000000000e+00 0.000000000000000000e+00
9.838999427251609031e-01 9.862083364005840291e-01 9.861882885512652797e-01 9.778908282925136142e-01 9.795820522233741334e-01 7.904603474422536857e-01 9.386173497156327095e-01
3.108175794810942305e-01 4.812560858314915424e-01 3.995928993617455793e-01 2.629212274076895839e-01 1.743608406158868029e-01 2.653898158908618021e-01 1.235647525138674624e-01
9.111829330763059343e-01 9.475468729384566302e-01 9.577278238370824370e-01 9.598766402161739153e-01 9.131287573404430757e-01 7.686319553427881646e-01 9.150022309599887826e-01
8.321945760753635124e-01 6.474587554986911409e-01 4.602090649267595035e-01 4.508038807403895176e-01 6.181023524261091140e-01 6.765170357829322079e-01 7.716212347170219310e-01
2.149015439589388177e-01 2.118291883180367652e-01 2.600481763431101712e-01 2.931317615614114080e-01 2.797033974668455825e-01 2.773736635034548259e-01 1.556554007384947091e-01
7.178303131509053969e-01 7.732492967881124946e-01 7.866696416295411165e-01 6.704214416503724294e-01 4.802281344484650716e-01 4.883701751728940499e-01 5.932053138450060770e-01
9.841089129537314850e-01 9.898139645045238577e-01 9.860142189087843789e-01 9.803576002744542883e-01 9.784177316905943167e-01 9.816082162559329749e-01 9.788274941817188823e-01
7.430105966521245442e-01 5.529622941055352126e-01 2.954396203422731682e-01 3.280288956700801450e-01 6.719472454641884918e-01 8.181961466574523278e-01 3.500491976345305178e-01
5.626228829372051932e-01 3.942242927119185003e-01 1.874436413136274515e-01 2.767812126517345539e-01 5.678517488870775676e-01 3.944736400112844876e-01 3.455739578859499672e-01
2.677666682525706165e-01 3.344920821174272862e-02 1.152355817558451123e-01 1.768737887377085649e-01 9.831866749429692132e-02 3.206125570840971384e-01 4.433409563820074339e-01
9.798279843310659931e-01 9.708874427730231904e-01 9.267918540672845928e-01 8.399245282298384296e-01 8.601817928096578969e-01 7.669226080166938742e-01 4.510156711038619815e-01
9.807812444552980180e-01 9.772534050515360171e-01 9.797250371505388244e-01 9.797881807348010064e-01 9.848411847933155050e-01 9.860758341545680095e-01 9.905839225966642791e-01
9.824262947193582729e-01 9.779985560461632588e-01 9.529296702650125184e-01 9.081494197893392739e-01 9.168458256547583618e-01 9.466909096695191872e-01 9.743431026981874687e-01
3.942674454329610501e-01 5.139494597075867643e-01 6.876878049320944708e-01 6.496465758201503959e-01 4.836912538361330949e-01 3.845351122364071283e-01 4.699472910697603534e-01
4.601199437889900712e-01 5.865653967074444530e-01 7.246935427802588814e-01 7.291782628480127926e-01 5.162696547256351298e-01 1.768889299166127027e-01 2.602283741116432902e-01
7.003967940071514908e-01 5.062159016728933203e-01 4.716502197265206586e-01 6.806506453748037977e-01 8.181508775193728766e-01 8.447187334866341768e-01 8.869846005653786447e-01
0.000000000000000000e+00 0.000000000000000000e+00 0.000000000000000000e+00 0.000000000000000000e+00 0.000000000000000000e+00 0.000000000000000000e+00 0.000000000000000000e+00
8.852933783303134074e-01 6.943019468731769228e-01 4.747658878212390743e-01 4.034365841079547987e-01 6.342353728155422088e-01 7.071987228638415557e-01 6.471173838677397594e-01
5.944487362223865867e-01 4.356916271393017071e-01 2.539334176768408002e-01 3.349783044293061507e-01 3.930734722410609838e-01 7.440080742281914850e-01 6.621537056922358611e-01
9.222746842418957369e-01 9.070812307183209189e-01 8.987005712729776441e-01 7.160689977078591451e-01 7.860109082181279128e-01 7.064810068543185828e-01 5.384106693414139055e-01
0.000000000000000000e+00 0.000000000000000000e+00 0.000000000000000000e+00 0.000000000000000000e+00 0.000000000000000000e+00 0.000000000000000000e+00 0.000000000000000000e+00
9.906846082112847895e-01 9.949134714293893511e-01 9.963239499037045421e-01 9.925781614457946933e-01 9.887698141115702777e-01 9.834495175066277906e-01 9.902961199318267571e-01
0.000000000000000000e+00 0.000000000000000000e+00 0.000000000000000000e+00 0.000000000000000000e+00 0.000000000000000000e+00 0.000000000000000000e+00 0.000000000000000000e+00
0.000000000000000000e+00 0.000000000000000000e+00 0.000000000000000000e+00 0.000000000000000000e+00 0.000000000000000000e+00 0.000000000000000000e+00 0.000000000000000000e+00
0.000000000000000000e+00 0.000000000000000000e+00 0.000000000000000000e+00 0.000000000000000000e+00 0.000000000000000000e+00 0.000000000000000000e+00 0.000000000000000000e+00
0.000000000000000000e+00 0.000000000000000000e+00 0.000000000000000000e+00 0.000000000000000000e+00 0.000000000000000000e+00 0.000000000000000000e+00 0.000000000000000000e+00
0.000000000000000000e+00 0.000000000000000000e+00 0.000000000000000000e+00 0.000000000000000000e+00 0.000000000000000000e+00 0.000000000000000000e+00 0.000000000000000000e+00
0.000000000000000000e+00 0.000000000000000000e+00 0.000000000000000000e+00 0.000000000000000000e+00 0.000000000000000000e+00 0.000000000000000000e+00 0.000000000000000000e+00
0.000000000000000000e+00 0.000000000000000000e+00 0.000000000000000000e+00 0.000000000000000000e+00 0.000000000000000000e+00 0.000000000000000000e+00 0.000000000000000000e+00
0.000000000000000000e+00 0.000000000000000000e+00 0.000000000000000000e+00 0.000000000000000000e+00 0.000000000000000000e+00 0.000000000000000000e+00 0.000000000000000000e+00
0.000000000000000000e+00 0.000000000000000000e+00 0.000000000000000000e+00 0.000000000000000000e+00 0.000000000000000000e+00 0.000000000000000000e+00 0.000000000000000000e+00
0.000000000000000000e+00 0.000000000000000000e+00 0.000000000000000000e+00 0.000000000000000000e+00 0.000000000000000000e+00 0.000000000000000000e+00 0.000000000000000000e+00
2.654249821269457077e-01 6.575489873141544817e-02 1.784025621153998153e-01 2.782023938983897438e-01 3.527267323774880836e-01 8.614704582145670253e-01 9.061622806081424120e-01
9.076074190117680018e-01 8.975815106340091498e-01 8.493243024198642299e-01 7.056734503565685879e-01 5.369980768246699343e-01 4.439719069957758779e-01 4.577364821422259533e-01
6.456647854311985402e-01 1.210238119770977172e-01 2.725122083100976478e-01 1.241731354136750565e-01 2.483874150587539187e-01 3.965780089675914333e-01 3.746888656673528772e-01
7.660102669420040256e-01 9.185052053865819799e-01 9.675961100965755346e-01 9.858687589700833032e-01 9.792222233034568735e-01 9.021240683428841667e-01 7.079865278036726606e-01
6.153754351894509256e-01 2.682578391506955651e-01 1.621466385636823604e-01 3.130189351759774530e-01 3.334526552408803024e-01 5.022081618361468047e-01 6.283158186130836931e-02
9.766270999300203925e-01 9.731226594527624396e-01 9.677586843064210909e-01 9.546587614757039431e-01 9.235019573825652417e-01 6.100439343517028989e-01 2.334493733011800964e-01
9.677214990531267658e-01 9.805348147669984415e-01 9.846122682379501168e-01 9.841390044505180512e-01 9.615886804141013933e-01 7.774498618883259882e-01 7.087266643359626528e-01
0.000000000000000000e+00 0.000000000000000000e+00 0.000000000000000000e+00 0.000000000000000000e+00 0.000000000000000000e+00 0.000000000000000000e+00 0.000000000000000000e+00
0.000000000000000000e+00 0.000000000000000000e+00 0.000000000000000000e+00 0.000000000000000000e+00 0.000000000000000000e+00 0.000000000000000000e+00 0.000000000000000000e+00
9.659134443597569009e-01 9.715060645650580584e-01 9.685954054455109263e-01 9.372776679327363691e-01 8.520065113252103250e-01 4.828763495879356271e-01 4.089778324846535806e-01
9.665489361476170549e-01 9.630801351274587141e-01 9.626698164869434970e-01 9.552097455853598706e-01 9.222972932030313320e-01 5.920622399117511092e-01 3.501483917546300284e-01
6.996982168529005675e-01 5.716126840576339907e-01 4.914521429091343596e-01 4.676478879071289119e-01 5.067146037537670900e-01 4.193377578585045784e-01 4.832952746559358026e-01
9.393579416242913149e-01 9.391894303997639915e-01 9.522977739464442148e-01 9.211085336340885110e-01 7.931950665028371095e-01 5.928953154257828873e-01 3.054382347588113777e-01
0.000000000000000000e+00 0.000000000000000000e+00 0.000000000000000000e+00 0.000000000000000000e+00 0.000000000000000000e+00 0.000000000000000000e+00 0.000000000000000000e+00
5.635088357771408374e-01 5.622723161523929258e-01 6.559115658246567060e-01 8.170163117444545486e-01 8.418722670398858243e-01 7.141215604341069056e-01 4.908503197503245596e-01
8.804676913070470512e-01 9.035938743570141041e-01 8.507132715699488035e-01 8.051142577774849096e-01 8.356974031956796445e-01 8.622410447677658629e-01 8.876993554601492198e-01
1.798581498940050039e-01 3.568504090014868457e-01 4.479529093331683920e-01 4.650930681285971868e-01 5.754313762093303808e-01 5.020695246742136186e-01 6.551562973780344912e-01
0.000000000000000000e+00 0.000000000000000000e+00 0.000000000000000000e+00 0.000000000000000000e+00 0.000000000000000000e+00 0.000000000000000000e+00 0.000000000000000000e+00
9.843841718417796205e-01 9.801807916933346077e-01 9.672086311565584182e-01 9.110248348708246402e-01 9.553668599290031649e-01 9.558697236761558580e-01 9.239751732320570232e-01
9.671471833790938888e-01 9.749764225202401935e-01 9.640599163802161531e-01 9.271908340624351874e-01 8.914923155250540354e-01 8.495467400995964091e-01 9.550995226010434713e-01
9.733604946101895861e-01 9.754260784629358305e-01 9.672072610099955448e-01 9.517086457207830641e-01 8.214740612838621336e-01 4.238150236905162682e-01 8.544296734244821723e-01
0.000000000000000000e+00 0.000000000000000000e+00 0.000000000000000000e+00 0.000000000000000000e+00 0.000000000000000000e+00 0.000000000000000000e+00 0.000000000000000000e+00
0.000000000000000000e+00 0.000000000000000000e+00 0.000000000000000000e+00 0.000000000000000000e+00 0.000000000000000000e+00 0.000000000000000000e+00 0.000000000000000000e+00
9.856155853837400560e-01 9.833876504941877483e-01 9.792064950977217297e-01 9.789744131003644823e-01 8.470242238206733276e-01 4.610347131977132751e-01 4.389463712564990461e-01
9.376066904651800815e-01 9.268029179204114731e-01 6.639608703698431924e-01 7.388821406460268637e-01 3.946611732946572193e-01 1.434070244217485190e-01 3.927117161013663482e-01
9.497161046740342227e-01 9.736621949045785041e-01 9.679456876497289919e-01 9.417807011395649130e-01 8.932138866057537374e-01 8.251202293912558439e-01 9.506447905915723640e-01
9.857044144561988297e-01 9.820667938184204360e-01 9.531508275757952786e-01 6.564463928406349957e-01 2.753842170879203244e-01 2.682684394541319794e-01 3.134097492015339159e-01
0.000000000000000000e+00 0.000000000000000000e+00 0.000000000000000000e+00 0.000000000000000000e+00 0.000000000000000000e+00 0.000000000000000000e+00 0.000000000000000000e+00
0.000000000000000000e+00 0.000000000000000000e+00 0.000000000000000000e+00 0.000000000000000000e+00 0.000000000000000000e+00 0.000000000000000000e+00 0.000000000000000000e+00
0.000000000000000000e+00 0.000000000000000000e+00 0.000000000000000000e+00 0.000000000000000000e+00 0.000000000000000000e+00 0.000000000000000000e+00 0.000000000000000000e+00
0.000000000000000000e+00 0.000000000000000000e+00 0.000000000000000000e+00 0.000000000000000000e+00 0.000000000000000000e+00 0.000000000000000000e+00 0.000000000000000000e+00
0.000000000000000000e+00 0.000000000000000000e+00 0.000000000000000000e+00 0.000000000000000000e+00 0.000000000000000000e+00 0.000000000000000000e+00 0.000000000000000000e+00
0.000000000000000000e+00 0.000000000000000000e+00 0.000000000000000000e+00 0.000000000000000000e+00 0.000000000000000000e+00 0.000000000000000000e+00 0.000000000000000000e+00
0.000000000000000000e+00 0.000000000000000000e+00 0.000000000000000000e+00 0.000000000000000000e+00 0.000000000000000000e+00 0.000000000000000000e+00 0.000000000000000000e+00
0.000000000000000000e+00 0.000000000000000000e+00 0.000000000000000000e+00 0.000000000000000000e+00 0.000000000000000000e+00 0.000000000000000000e+00 0.000000000000000000e+00
0.000000000000000000e+00 0.000000000000000000e+00 0.000000000000000000e+00 0.000000000000000000e+00 0.000000000000000000e+00 0.000000000000000000e+00 0.000000000000000000e+00
0.000000000000000000e+00 0.000000000000000000e+00 0.000000000000000000e+00 0.000000000000000000e+00 0.000000000000000000e+00 0.000000000000000000e+00 0.000000000000000000e+00
0.000000000000000000e+00 0.000000000000000000e+00 0.000000000000000000e+00 0.000000000000000000e+00 0.000000000000000000e+00 0.000000000000000000e+00 0.000000000000000000e+00
0.000000000000000000e+00 0.000000000000000000e+00 0.000000000000000000e+00 0.000000000000000000e+00 0.000000000000000000e+00 0.000000000000000000e+00 0.000000000000000000e+00
