2.520575339472405640e-01 3.726978071231308864e-01 2.526419698522751611e-01 9.445956570299660071e-02 3.258522925968934669e-01 4.023090586751670306e-01 4.712499238260086099e-01
1.375131434083135262e-01 3.081268108444164960e-02 1.549718721284083223e-01 6.973414891564930218e-02 1.402145822453096102e-01 4.105634225002802729e-01 2.584888650886550399e-01
0.000000000000000000e+00 0.000000000000000000e+00 0.000000000000000000e+00 0.000000000000000000e+00 0.000000000000000000e+00 0.000000000000000000e+00 0.000000000000000000e+00
0.000000000000000000e+00 0.000000000000000000e+00 0.000000000000000000e+00 0.000000000000000000e+00 0.000000000000000000e+00 0.000000000000000000e+00 0.000000000000000000e+00
2.021781472170685601e-01 1.980157639152478610e-01 1.215007897242009055e-01 4.397091606647610118e-01 5.442825392267276463e-01 7.501707284169448209e-02 4.221572038071089161e-01
0.000000000000000000e+00 0.000000000000000000e+00 0.000000000000000000e+00 0.000000000000000000e+00 0.000000000000000000e+00 0.000000000000000000e+00 0.000000000000000000e+00
2.121642011386840887e-01 1.930469210287331094e-01 7.276328840660820085e-02 1.114726665004820982e-01 3.453860806888352231e-02 1.779445931995289887e-01 2.718362571648968995e-01
1.827218427353088093e-01 3.282804643516067378e-01 1.140882192399835654e-01 5.029627344939513467e-02 1.744547580694010558e-01 3.642635458753591682e-02 9.837175952223074782e-02
0.000000000000000000e+00 0.000000000000000000e+00 0.000000000000000000e+00 0.000000000000000000e+00 0.000000000000000000e+00 0.000000000000000000e+00 0.000000000000000000e+00
0.000000000000000000e+00 0.000000000000000000e+00 0.000000000000000000e+00 0.000000000000000000e+00 0.000000000000000000e+00 0.000000000000000000e+00 0.000000000000000000e+00
2.555576830101619068e-01 6.880283559326665077e-02 6.328566915565150830e-02 2.348920931368087273e-01 4.246563644479878219e-02 6.630098838955930662e-02 4.491999679044861860e-01
1.251757911047422234e-01 2.975377597928961781e-02 9.466033127457897101e-02 1.300288380286007406e-01 2.872911054622473981e-01 3.822996551492111733e-02 2.011478357347356027e-01
3.569937205901124733e-03 1.143778656056477216e-01 2.061334359377589021e-01 1.459581890439141105e-01 2.259254302582076879e-01 4.626703964017672144e-01 1.160987857902174569e-01
4.250547215902725218e-02 2.452028988205877669e-01 5.816527820361887535e-01 2.831289437359164607e-01 2.349373775321296487e-01 1.219159076821349844e-02 1.154531152685876749e-02
7.509888800639782924e-02 1.396778676655826834e-01 3.349251974550065958e-02 5.376221639679309994e-02 2.053960590796164165e-01 3.308984371708002525e-01 3.015719959945051820e-01
0.000000000000000000e+00 0.000000000000000000e+00 0.000000000000000000e+00 0.000000000000000000e+00 0.000000000000000000e+00 0.000000000000000000e+00 0.000000000000000000e+00
0.000000000000000000e+00 0.000000000000000000e+00 0.000000000000000000e+00 0.000000000000000000e+00 0.000000000000000000e+00 0.000000000000000000e+00 0.000000000000000000e+00
3.043723049820394252e-02 1.083367285697675597e-01 3.629858687903628721e-03 3.053766583998329329e-02 6.276136727447823027e-02 1.261357591903100872e-01 3.124940982835543515e-02
1.808661571381642852e-01 7.184181532027816841e-02 2.872964283581049827e-01 5.946110103982386041e-01 3.779830588563181659e-01 8.477709598607316432e-02 3.704903246784591597e-01
0.000000000000000000e+00 0.000000000000000000e+00 0.000000000000000000e+00 0.000000000000000000e+00 0.000000000000000000e+00 0.000000000000000000e+00 0.000000000000000000e+00
0.000000000000000000e+00 0.000000000000000000e+00 0.000000000000000000e+00 0.000000000000000000e+00 0.000000000000000000e+00 0.000000000000000000e+00 0.000000000000000000e+00
1.776985382579080244e-02 1.286722380703926680e-04 2.799265338009146800e-02 1.602468868839601046e-01 1.053251884382780668e-01 1.852327550750829804e-02 6.365004090782032387e-02
1.007267142566348750e-01 3.093214375885896539e-01 1.803543719522709976e-01 1.306540279227862977e-01 5.177984253777433155e-02 8.213959255173773621e-02 1.002943181489509561e-01
0.000000000000000000e+00 0.000000000000000000e+00 0.000000000000000000e+00 0.000000000000000000e+00 0.000000000000000000e+00 0.000000000000000000e+00 0.000000000000000000e+00
3.265756678240256949e-01 1.237827414244590946e-01 6.429610286762345306e-02 2.491865515733963088e-01 5.776882704251709022e-01 3.153003393937682253e-01 2.793654344922543720e-01
1.287115802671303377e-01 3.488498628746602437e-01 3.538421515716835275e-01 5.651820246618416421e-01 6.278207595861872159e-01 1.983497928365492418e-03 3.643815018824257401e-01
0.000000000000000000e+00 0.000000000000000000e+00 0.000000000000000000e+00 0.000000000000000000e+00 0.000000000000000000e+00 0.000000000000000000e+00 0.000000000000000000e+00
0.000000000000000000e+00 0.000000000000000000e+00 0.000000000000000000e+00 0.000000000000000000e+00 0.000000000000000000e+00 0.000000000000000000e+00 0.000000000000000000e+00
1.861623863755172414e-01 2.631111443612400153e-02 3.172889843778634589e-01 4.084159673441210003e-01 1.111208265705913162e-01 2.374536758756813359e-01 8.390845321791655376e-02
2.999980899664896339e-01 2.805255841460380650e-01 1.562873345699439531e-01 1.459571579192369406e-01 2.133169861203666751e-01 1.068302809795444730e-01 6.940316030018935101e-02
0.000000000000000000e+00 0.000000000000000000e+00 0.000000000000000000e+00 0.000000000000000000e+00 0.000000000000000000e+00 0.000000000000000000e+00 0.000000000000000000e+00
2.357846812675108428e-01 4.021170871354979443e-02 6.865070991221766672e-02 1.225057479925496101e-02 4.180538733506349025e-02 2.001633794564667279e-01 2.067273861694204906e-01
0.000000000000000000e+00 0.000000000000000000e+00 0.000000000000000000e+00 0.000000000000000000e+00 0.000000000000000000e+00 0.000000000000000000e+00 0.000000000000000000e+00
2.679362306081541911e-01 3.243648018072553540e-01 4.140666130511307386e-01 6.318046687931144767e-01 5.313083772305174923e-01 2.642984066150749767e-01 7.227266817605634830e-02
9.595175019405938199e-02 1.996508935853714625e-02 9.251327797861275473e-03 1.374803993411237999e-03 5.491187203214808500e-03 3.848853716322335750e-01 8.944063754348074990e-02
7.840652663116733437e-03 3.337485286131814388e-01 1.746443515332836149e-01 2.457820773023154104e-01 2.054659951088785158e-02 6.158081394203117342e-02 5.095881566615036995e-01
0.000000000000000000e+00 0.000000000000000000e+00 0.000000000000000000e+00 0.000000000000000000e+00 0.000000000000000000e+00 0.000000000000000000e+00 0.000000000000000000e+00
0.000000000000000000e+00 0.000000000000000000e+00 0.000000000000000000e+00 0.000000000000000000e+00 0.000000000000000000e+00 0.000000000000000000e+00 0.000000000000000000e+00
0.000000000000000000e+00 0.000000000000000000e+00 0.000000000000000000e+00 0.000000000000000000e+00 0.000000000000000000e+00 0.000000000000000000e+00 0.000000000000000000e+00
0.000000000000000000e+00 0.000000000000000000e+00 0.000000000000000000e+00 0.000000000000000000e+00 0.000000000000000000e+00 0.000000000000000000e+00 0.000000000000000000e+00
1.864440140250577249e-01 3.367451155045473321e-01 1.393119359737564344e-01 8.467893912185699146e-02 2.708254442571199072e-01 2.160679966730906232e-01 1.991393039025696476e-01
0.000000000000000000e+00 0.000000000000000000e+00 0.000000000000000000e+00 0.000000000000000000e+00 0.000000000000000000e+00 0.000000000000000000e+00 0.000000000000000000e+00
0.000000000000000000e+00 0.000000000000000000e+00 0.000000000000000000e+00 0.000000000000000000e+00 0.000000000000000000e+00 0.000000000000000000e+00 0.000000000000000000e+00
2.867576286723256818e-01 1.459049912103301538e-01 3.065811988085160866e-01 4.225794270024473276e-01 2.612227834248384561e-01 1.425174179995348234e-01 1.628801703310881754e-01
1.664087802742121869e-01 9.168355914495855685e-02 1.780379347986197625e-01 1.590783653723822078e-01 2.022867575935047291e-01 9.352865083652751876e-02 3.698334576615777691e-01
0.000000000000000000e+00 0.000000000000000000e+00 0.000000000000000000e+00 0.000000000000000000e+00 0.000000000000000000e+00 0.000000000000000000e+00 0.000000000000000000e+00
1.149449608652838156e-01 1.664949135901035160e-01 2.345261856100156472e-01 2.626323322220717182e-01 4.714696951162745675e-01 6.289649430755696324e-02 5.987321861060744821e-01
0.000000000000000000e+00 0.000000000000000000e+00 0.000000000000000000e+00 0.000000000000000000e+00 0.000000000000000000e+00 0.000000000000000000e+00 0.000000000000000000e+00
1.769319076765278609e-01 6.495143330153262118e-02 7.581890927149026460e-02 2.105276132974816528e-01 3.928332204678179895e-01 4.783683065039223692e-01 3.489051590899376332e-01
0.000000000000000000e+00 0.000000000000000000e+00 0.000000000000000000e+00 0.000000000000000000e+00 0.000000000000000000e+00 0.000000000000000000e+00 0.000000000000000000e+00
2.781118631074976366e-01 1.647382543323211157e-01 3.565709864482434766e-01 4.173035531157859856e-01 4.194974153428540631e-01 4.352897738258575955e-01 5.330365906774479079e-01
2.842351382780299862e-01 2.551072954458821207e-01 2.436462967761805487e-01 2.994263592340043467e-01 4.442453255536644718e-01 2.718915032564115930e-01 1.873340119385396574e-01
7.505658173805283828e-02 2.386402553683419636e-01 1.319622342637410406e-01 2.087349785919153933e-01 2.955102442222716785e-01 2.417777054154279792e-01 4.129508899800830579e-01
1.487789051988553379e-01 9.946966035887395974e-02 1.883570285972224201e-01 2.613429895974421213e-01 4.027527249331545600e-01 3.424310778104492359e-01 6.225794255908887465e-01
1.563243529748500615e-01 2.170099231970282205e-01 7.418511122547441841e-03 4.634889795274582114e-01 2.349863372182803833e-01 9.249757343225711859e-02 7.150793361826210948e-01
2.070307493396775500e-01 1.840565234674817197e-01 9.353842198052769730e-02 3.645547063365121021e-01 1.817346878210164829e-01 7.368125430622152194e-02 4.277568349984349760e-01
2.127650701446910653e-01 1.684765833291519688e-01 1.246541666720807212e-01 3.545759498346570116e-01 3.788314020022396922e-01 7.300767894855304807e-02 3.907961944402626453e-01
2.128295732579390531e-01 1.672220285355073555e-01 1.089662907479905934e-01 3.589748027433446453e-01 3.920199771916931253e-01 7.266788948880334442e-02 3.962443611132498988e-01
0.000000000000000000e+00 0.000000000000000000e+00 0.000000000000000000e+00 0.000000000000000000e+00 0.000000000000000000e+00 0.000000000000000000e+00 0.000000000000000000e+00
2.265737759105114490e-01 3.074850571200132276e-01 5.849549826949399511e-01 4.967635715149386066e-01 4.496823187050572046e-01 4.664779824737443348e-01 1.607960760248156318e-01
0.000000000000000000e+00 0.000000000000000000e+00 0.000000000000000000e+00 0.000000000000000000e+00 0.000000000000000000e+00 0.000000000000000000e+00 0.000000000000000000e+00
0.000000000000000000e+00 0.000000000000000000e+00 0.000000000000000000e+00 0.000000000000000000e+00 0.000000000000000000e+00 0.000000000000000000e+00 0.000000000000000000e+00
0.000000000000000000e+00 0.000000000000000000e+00 0.000000000000000000e+00 0.000000000000000000e+00 0.000000000000000000e+00 0.000000000000000000e+00 0.000000000000000000e+00
2.120090993145196667e-01 2.164638075468126033e-01 4.528413673329071409e-01 3.087353139961131476e-01 4.302611641649697338e-01 3.655342022546007041e-01 1.443099559333203552e-01
0.000000000000000000e+00 0.000000000000000000e+00 0.000000000000000000e+00 0.000000000000000000e+00 0.000000000000000000e+00 0.000000000000000000e+00 0.000000000000000000e+00
0.000000000000000000e+00 0.000000000000000000e+00 0.000000000000000000e+00 0.000000000000000000e+00 0.000000000000000000e+00 0.000000000000000000e+00 0.000000000000000000e+00
0.000000000000000000e+00 0.000000000000000000e+00 0.000000000000000000e+00 0.000000000000000000e+00 0.000000000000000000e+00 0.000000000000000000e+00 0.000000000000000000e+00
0.000000000000000000e+00 0.000000000000000000e+00 0.000000000000000000e+00 0.000000000000000000e+00 0.000000000000000000e+00 0.000000000000000000e+00 0.000000000000000000e+00
0.000000000000000000e+00 0.000000000000000000e+00 0.000000000000000000e+00 0.000000000000000000e+00 0.000000000000000000e+00 0.000000000000000000e+00 0.000000000000000000e+00
0.000000000000000000e+00 0.000000000000000000e+00 0.000000000000000000e+00 0.000000000000000000e+00 0.000000000000000000e+00 0.000000000000000000e+00 0.000000000000000000e+00
0.000000000000000000e+00 0.000000000000000000e+00 0.000000000000000000e+00 0.000000000000000000e+00 0.000000000000000000e+00 0.000000000000000000e+00 0.000000000000000000e+00
0.000000000000000000e+00 0.000000000000000000e+00 0.000000000000000000e+00 0.000000000000000000e+00 0.000000000000000000e+00 0.000000000000000000e+00 0.000000000000000000e+00
0.000000000000000000e+00 0.000000000000000000e+00 0.000000000000000000e+00 0.000000000000000000e+00 0.000000000000000000e+00 0.000000000000000000e+00 0.000000000000000000e+00
0.000000000000000000e+00 0.000000000000000000e+00 0.000000000000000000e+00 0.000000000000000000e+00 0.000000000000000000e+00 0.000000000000000000e+00 0.000000000000000000e+00
0.000000000000000000e+00 0.000000000000000000e+00 0.000000000000000000e+00 0.000000000000000000e+00 0.000000000000000000e+00 0.000000000000000000e+00 0.000000000000000000e+00
0.000000000000000000e+00 0.000000000000000000e+00 0.000000000000000000e+00 0.000000000000000000e+00 0.000000000000000000e+00 0.000000000000000000e+00 0.000000000000000000e+00
0.000000000000000000e+00 0.000000000000000000e+00 0.000000000000000000e+00 0.000000000000000000e+00 0.000000000000000000e+00 0.000000000000000000e+00 0.000000000000000000e+00
0.000000000000000000e+00 0.000000000000000000e+00 0.000000000000000000e+00 0.000000000000000000e+00 0.000000000000000000e+00 0.000000000000000000e+00 0.000000000000000000e+00
0.000000000000000000e+00 0.000000000000000000e+00 0.000000000000000000e+00 0.000000000000000000e+00 0.000000000000000000e+00 0.000000000000000000e+00 0.000000000000000000e+00
0.000000000000000000e+00 0.000000000000000000e+00 0.000000000000000000e+00 0.000000000000000000e+00 0.000000000000000000e+00 0.000000000000000000e+00 0.000000000000000000e+00
0.000000000000000000e+00 0.000000000000000000e+00 0.000000000000000000e+00 0.000000000000000000e+00 0.000000000000000000e+00 0.000000000000000000e+00 0.000000000000000000e+00
0.000000000000000000e+00 0.000000000000000000e+00 0.000000000000000000e+00 0.000000000000000000e+00 0.000000000000000000e+00 0.000000000000000000e+00 0.000000000000000000e+00
0.000000000000000000e+00 0.000000000000000000e+00 0.000000000000000000e+00 0.000000000000000000e+00 0.000000000000000000e+00 0.000000000000000000e+00 0.000000000000000000e+00
3.224322939626383389e-01 2.654125855614851703e-01 3.077151727734938058e-01 2.471183500038307279e-01 4.367657240990206469e-01 2.320927765369584506e-01 5.011958140037987841e-02
1.605121552215319214e-01 2.415028674994265101e-01 1.184779433208449501e-01 4.226767361600841655e-01 3.316883613261381591e-01 3.176414624548251076e-01 5.237223503271626335e-01
1.776678335586180935e-01 1.510566080091085839e-01 1.903692779345961816e-01 2.239070048661485068e-01 3.380271929526486030e-01 4.745885694774457098e-01 2.529001906273652955e-01
1.763016840970789700e-01 1.498248938062482771e-01 2.045693217762488691e-01 2.259278878445481475e-01 3.337105420218269836e-01 4.741934410576912340e-01 2.497293894855169838e-01
6.739662386221271229e-01 6.245631027534782609e-01 3.186685975873457810e-01 3.072636049395627844e-01 2.417841715062495067e-01 4.773794174826281878e-02 4.311508811232068750e-01
0.000000000000000000e+00 0.000000000000000000e+00 0.000000000000000000e+00 0.000000000000000000e+00 0.000000000000000000e+00 0.000000000000000000e+00 0.000000000000000000e+00
0.000000000000000000e+00 0.000000000000000000e+00 0.000000000000000000e+00 0.000000000000000000e+00 0.000000000000000000e+00 0.000000000000000000e+00 0.000000000000000000e+00
0.000000000000000000e+00 0.000000000000000000e+00 0.000000000000000000e+00 0.000000000000000000e+00 0.000000000000000000e+00 0.000000000000000000e+00 0.000000000000000000e+00
6.871465045126564641e-01 4.137463013225309849e-01 3.825941820209521893e-01 2.082685452813312632e-01 1.477597127482914718e-01 3.242604890792063488e-01 1.115824808534561091e-01
2.055741755842723506e-01 2.776976826474692461e-01 3.854290629599009255e-01 4.938279873630144756e-01 4.213037453126013410e-01 3.090339469509104098e-01 4.831025948567432837e-01
7.452346322759080266e-01 7.705808220730042679e-01 8.689248200712377246e-01 9.468323533486163734e-01 9.701094242179343352e-01 9.640932502110569624e-01 9.727294364480445488e-01
0.000000000000000000e+00 0.000000000000000000e+00 0.000000000000000000e+00 0.000000000000000000e+00 0.000000000000000000e+00 0.000000000000000000e+00 0.000000000000000000e+00
8.553115678678747669e-01 9.244811987200886039e-01 9.609088600214319431e-01 8.904971122566389674e-01 8.281399448369953786e-01 5.729700542218597592e-01 8.581310672539356199e-01
6.930450956245836069e-01 6.939229084940297110e-01 8.440343543706742002e-01 8.912190741083125811e-01 9.772523674304682828e-01 9.758178995675723666e-01 9.870509773471631831e-01
5.930720102824833528e-01 4.748847719312572768e-01 5.608229828643430670e-01 3.427814400677182127e-01 5.591275234488115586e-01 7.850582497780937974e-01 9.305266665989433417e-01
3.161408085339698082e-01 2.342081504360849498e-01 2.932049302759514031e-01 1.891691097681515721e-01 4.083437465178184622e-01 4.688075320015959169e-01 3.043991959722767704e-01
7.245584473580092277e-01 7.651587366408684199e-01 8.442321964608279217e-01 9.223287513758320344e-01 9.471612635209840647e-01 9.642896714181550255e-01 9.906241022330496415e-01
6.892760867870560970e-01 7.384912629865968414e-01 8.495476760084799128e-01 9.500479455182277988e-01 9.650572135398514106e-01 9.661283876553461436e-01 9.854716221360948492e-01
5.254498482737789411e-01 6.613332415708608192e-01 8.781570456856112594e-01 9.000319465882202774e-01 9.425162578752708242e-01 9.636143649511610398e-01 9.667446224685348755e-01
5.603534548766503365e-01 3.393112557290858811e-01 2.751281697391964043e-01 1.369394348969575070e-01 4.207260588981671656e-01 5.052900501890592588e-01 4.865405202508554794e-01
2.447553653892174108e-01 4.806388615875216153e-01 3.464355275080432950e-01 3.681705776641986949e-01 3.912628606736408554e-01 1.554595735025843251e-01 2.701754994304988999e-01
4.168702638983504682e-01 3.637390453044411220e-01 2.077168564131505746e-01 1.449138555966160147e-01 4.365891782092425344e-01 5.990686139900899265e-01 5.493497828084162871e-01
0.000000000000000000e+00 0.000000000000000000e+00 0.000000000000000000e+00 0.000000000000000000e+00 0.000000000000000000e+00 0.000000000000000000e+00 0.000000000000000000e+00
7.557431175546950319e-01 8.095674524141650563e-01 4.109280695729773392e-01 4.239937305923666688e-01 3.833629242408975180e-01 3.253981151402607908e-01 2.445838403267332761e-01
1.040761297299555577e-01 2.207503946754788005e-01 1.244749043014618112e-01 4.317625939991425743e-01 3.558190500365049358e-01 4.031982238300501620e-01 2.251442681452612837e-01
7.599923462732940393e-01 8.552974246111514356e-01 9.460386622515227772e-01 9.264053524476437707e-01 8.260555829426111663e-01 4.574374496976076898e-01 5.089238949657032274e-01
4.811697499301193504e-01 6.677456464607968156e-01 7.732499442863860484e-01 8.859093952402244954e-01 9.365701865602776843e-01 9.576221345863583645e-01 9.802242879945961551e-01
8.623582213704226174e-01 7.792994396481861541e-01 8.408077194122801634e-01 8.857924099371246029e-01 9.163955583840291963e-01 9.606318831643805289e-01 9.598649749626756433e-01
0.000000000000000000e+00 0.000000000000000000e+00 0.000000000000000000e+00 0.000000000000000000e+00 0.000000000000000000e+00 0.000000000000000000e+00 0.000000000000000000e+00
0.000000000000000000e+00 0.000000000000000000e+00 0.000000000000000000e+00 0.000000000000000000e+00 0.000000000000000000e+00 0.000000000000000000e+00 0.000000000000000000e+00
6.163999004711375740e-01 8.183867147961486621e-01 9.148549408888196899e-01 9.581701063321537148e-01 9.627608003428026473e-01 9.700208902353594231e-01 9.524449192956463417e-01
0.000000000000000000e+00 0.000000000000000000e+00 0.000000000000000000e+00 0.000000000000000000e+00 0.000000000000000000e+00 0.000000000000000000e+00 0.000000000000000000e+00
5.170159576377422184e-01 5.282633565248048280e-01 7.881564513526141402e-01 6.971326829125734648e-01 5.171610410341752617e-01 5.784665235496890823e-01 6.516946309182791719e-01
4.523342579539479935e-01 6.672775194687017297e-01 4.809610415694597907e-01 3.205627294758774393e-01 9.300897454228852779e-02 2.411195088703058376e-01 4.379950841339175921e-02
6.938969217189794314e-01 6.567125343815410909e-01 6.768174046501668206e-01 5.406835802405238756e-01 3.209808584808437337e-01 2.880908806296912927e-01 2.911737826272449703e-01
0.000000000000000000e+00 0.000000000000000000e+00 0.000000000000000000e+00 0.000000000000000000e+00 0.000000000000000000e+00 0.000000000000000000e+00 0.000000000000000000e+00
6.952380120241048456e-01 6.052708517865366122e-01 5.480531942125140832e-01 5.254438684566025142e-01 7.439064159532127185e-01 8.111256439393154105e-01 4.808144699501056829e-01
8.176443172823784078e-01 7.009440607142576329e-01 7.055100543965304727e-01 6.619457212488718545e-01 3.721301486724197249e-01 2.250798698274268372e-01 9.877482216495658829e-02
6.152725188390034683e-01 7.967314490643065961e-01 9.101530734293529212e-01 7.822155117352926901e-01 7.782142968849677933e-01 4.370187405914674472e-01 4.992150728169739149e-01
5.678184642502031032e-01 7.243030711228791718e-01 8.934979142437239341e-01 9.087293505149903750e-01 9.372045893701879127e-01 8.882091226259231087e-01 8.759620431934521667e-01
7.005224598111001733e-01 8.550442650432953373e-01 8.875052272640991946e-01 8.659900445673465175e-01 7.704842193040957188e-01 7.893656997996001401e-01 7.735888294055592862e-01
7.367929043381686860e-01 8.986064699450165838e-01 9.386536281674106030e-01 9.513668232006199377e-01 9.610913090494812572e-01 9.827049058018274552e-01 9.711532069398487454e-01
6.790882056007561118e-01 8.935911928896537182e-01 9.553671061052527724e-01 9.396804760198866902e-01 9.600795062062544849e-01 9.468981568100746093e-01 9.120993281598647195e-01
6.777360008958502879e-01 7.151947271189779132e-01 3.998130603063609900e-01 1.050023657502372892e-01 4.601125705955217415e-01 5.989040526628085503e-01 4.163796974396445916e-01
7.622039677298377836e-01 7.642140756812735303e-01 8.086413296598472522e-01 8.557012006409835392e-01 8.915474179707164604e-01 8.717788206863363865e-01 8.356437213701451983e-01
9.189283030398072150e-01 9.460691743157124689e-01 9.306222165721564910e-01 9.194814028745776913e-01 9.016034508509011003e-01 9.354826760947901887e-01 9.591466438807089157e-01
1.280834281945535114e-01 3.816428002648501461e-01 5.709846916444680787e-01 6.370746367000568178e-01 7.179418745642454081e-01 7.071683761489101494e-01 5.843870877973667000e-01
8.894352678609951379e-01 9.401761444488553332e-01 9.399658900525990068e-01 8.604789349276170674e-01 7.263593736317723870e-01 6.604672316501328799e-01 7.612896486155815712e-01
8.647623412423287581e-01 8.744375201904793782e-01 8.714224978207095740e-01 8.002710354503502765e-01 8.004361988165705766e-01 7.741095912601995144e-01 8.628687501187352060e-01
0.000000000000000000e+00 0.000000000000000000e+00 0.000000000000000000e+00 0.000000000000000000e+00 0.000000000000000000e+00 0.000000000000000000e+00 0.000000000000000000e+00
5.957583057812345650e-01 6.791280242166435333e-01 6.911392550796194856e-01 4.961539365091954257e-01 4.282799159371829534e-01 2.272173754491849385e-01 7.119282963148588772e-01
8.270868924365213370e-01 8.916732419221384820e-01 8.308600515119504148e-01 8.162240439590268126e-01 8.254899661333608973e-01 7.947886680723442732e-01 7.343222316116141402e-01
0.000000000000000000e+00 0.000000000000000000e+00 0.000000000000000000e+00 0.000000000000000000e+00 0.000000000000000000e+00 0.000000000000000000e+00 0.000000000000000000e+00
5.768354081131060740e-01 5.596460284980497857e-01 6.645580400845084723e-01 5.855113830910818606e-01 5.539168369361748834e-01 6.744637164679468944e-01 5.977987947374414635e-01
5.199710421546405170e-01 4.864706810634649714e-01 3.438078047021457251e-01 3.876217003761778246e-01 1.773394071214425549e-01 5.366891854312055843e-01 5.799915599250662357e-01
8.071293318890939705e-01 8.064586960223760759e-01 8.181329683569241729e-01 8.025172933485589244e-01 6.561780941494393948e-01 4.946639600137600068e-01 3.021579180669702325e-01
0.000000000000000000e+00 0.000000000000000000e+00 0.000000000000000000e+00 0.000000000000000000e+00 0.000000000000000000e+00 0.000000000000000000e+00 0.000000000000000000e+00
8.533462203595981732e-01 8.900980259907991243e-01 9.638206041087910014e-01 9.568811529940083327e-01 9.442207801420875457e-01 8.248945252874557710e-01 6.962517647094323969e-01
0.000000000000000000e+00 0.000000000000000000e+00 0.000000000000000000e+00 0.000000000000000000e+00 0.000000000000000000e+00 0.000000000000000000e+00 0.000000000000000000e+00
6.809161452751291144e-01 5.059858371137202493e-01 2.837522352114665858e-01 2.171617491933852673e-01 2.808591730848274404e-01 3.729167359502458812e-01 5.025550961356447521e-01
7.256139315501666243e-01 8.267101626036610362e-01 8.239928518235385413e-01 4.989376172830627398e-01 3.224056411470573313e-01 7.612858186611434208e-01 7.682094414097115909e-01
0.000000000000000000e+00 0.000000000000000000e+00 0.000000000000000000e+00 0.000000000000000000e+00 0.000000000000000000e+00 0.000000000000000000e+00 0.000000000000000000e+00
2.028356674741119969e-01 3.232754891990051727e-01 6.489895913619894152e-01 6.673072708974795431e-01 6.201317821439511491e-01 6.383645743020832652e-01 4.711747940165196824e-01
0.000000000000000000e+00 0.000000000000000000e+00 0.000000000000000000e+00 0.000000000000000000e+00 0.000000000000000000e+00 0.000000000000000000e+00 0.000000000000000000e+00
8.032062179588452810e-01 8.350109072786995323e-01 8.327969150549879851e-01 9.070918315777326546e-01 9.396973564786507138e-01 7.722028821088351425e-01 7.547096909562067690e-01
0.000000000000000000e+00 0.000000000000000000e+00 0.000000000000000000e+00 0.000000000000000000e+00 0.000000000000000000e+00 0.000000000000000000e+00 0.000000000000000000e+00
9.306117430366473986e-01 8.030205828176312233e-01 8.217208624788221449e-01 9.333578651794222081e-01 9.282771264602176498e-01 5.138234938224143233e-01 2.361942838176711579e-01
0.000000000000000000e+00 0.000000000000000000e+00 0.000000000000000000e+00 0.000000000000000000e+00 0.000000000000000000e+00 0.000000000000000000e+00 0.000000000000000000e+00
7.139993700898620288e-01 3.321275179895069041e-01 6.118086771549283709e-01 6.459562161073029163e-01 3.890702546497364911e-01 1.911925933468359151e-01 2.057459921099577260e-01
6.394699564116529400e-01 1.816072288869149121e-01 2.917914397948103145e-01 2.267363251785925182e-01 3.699458580223968229e-01 1.109750277865261953e-01 6.009867081121367249e-01
1.463374733424155638e-01 3.335966330521749068e-01 4.291542402516977939e-01 5.758616254396734524e-01 5.245007168378587048e-01 5.574280483104646633e-01 6.545094908889647067e-01
5.721889115606039189e-01 6.669853787455717331e-01 6.296727567771093215e-01 5.992747898482810864e-01 7.405913379726568602e-01 6.628897664527347855e-01 7.219270042180511160e-01
8.330313668294786478e-01 7.953368860955947195e-01 6.618919193943143542e-01 6.476535910853266076e-01 6.258905903295771678e-01 4.795704406653087948e-01 4.419126940811446413e-01
6.306609671551639540e-01 7.202003227101975158e-01 8.140422091327798038e-01 8.592672540419944438e-01 9.152818965619939906e-01 7.559419367839981252e-01 5.100957052862215013e-01
0.000000000000000000e+00 0.000000000000000000e+00 0.000000000000000000e+00 0.000000000000000000e+00 0.000000000000000000e+00 0.000000000000000000e+00 0.000000000000000000e+00
0.000000000000000000e+00 0.000000000000000000e+00 0.000000000000000000e+00 0.000000000000000000e+00 0.000000000000000000e+00 0.000000000000000000e+00 0.000000000000000000e+00
0.000000000000000000e+00 0.000000000000000000e+00 0.000000000000000000e+00 0.000000000000000000e+00 0.000000000000000000e+00 0.000000000000000000e+00 0.000000000000000000e+00
0.000000000000000000e+00 0.000000000000000000e+00 0.000000000000000000e+00 0.000000000000000000e+00 0.000000000000000000e+00 0.000000000000000000e+00 0.000000000000000000e+00
0.000000000000000000e+00 0.000000000000000000e+00 0.000000000000000000e+00 0.000000000000000000e+00 0.000000000000000000e+00 0.000000000000000000e+00 0.000000000000000000e+00
0.000000000000000000e+00 0.000000000000000000e+00 0.000000000000000000e+00 0.000000000000000000e+00 0.000000000000000000e+00 0.000000000000000000e+00 0.000000000000000000e+00
0.000000000000000000e+00 0.000000000000000000e+00 0.000000000000000000e+00 0.000000000000000000e+00 0.000000000000000000e+00 0.000000000000000000e+00 0.000000000000000000e+00
0.000000000000000000e+00 0.000000000000000000e+00 0.000000000000000000e+00 0.000000000000000000e+00 0.000000000000000000e+00 0.000000000000000000e+00 0.000000000000000000e+00
0.000000000000000000e+00 0.000000000000000000e+00 0.000000000000000000e+00 0.000000000000000000e+00 0.000000000000000000e+00 0.000000000000000000e+00 0.000000000000000000e+00
0.000000000000000000e+00 0.000000000000000000e+00 0.000000000000000000e+00 0.000000000000000000e+00 0.000000000000000000e+00 0.000000000000000000e+00 0.000000000000000000e+00
0.000000000000000000e+00 0.000000000000000000e+00 0.000000000000000000e+00 0.000000000000000000e+00 0.000000000000000000e+00 0.000000000000000000e+00 0.000000000000000000e+00
0.000000000000000000e+00 0.000000000000000000e+00 0.000000000000000000e+00 0.000000000000000000e+00 0.000000000000000000e+00 0.000000000000000000e+00 0.000000000000000000e+00
0.000000000000000000e+00 0.000000000000000000e+00 0.000000000000000000e+00 0.000000000000000000e+00 0.000000000000000000e+00 0.000000000000000000e+00 0.000000000000000000e+00
0.000000000000000000e+00 0.000000000000000000e+00 0.000000000000000000e+00 0.000000000000000000e+00 0.000000000000000000e+00 0.000000000000000000e+00 0.000000000000000000e+00
0.000000000000000000e+00 0.000000000000000000e+00 0.000000000000000000e+00 0.000000000000000000e+00 0.000000000000000000e+00 0.000000000000000000e+00 0.000000000000000000e+00
0.000000000000000000e+00 0.000000000000000000e+00 0.000000000000000000e+00 0.000000000000000000e+00 0.000000000000000000e+00 0.000000000000000000e+00 0.000000000000000000e+00
0.000000000000000000e+00 0.000000000000000000e+00 0.000000000000000000e+00 0.000000000000000000e+00 0.000000000000000000e+00 0.000000000000000000e+00 0.000000000000000000e+00
0.000000000000000000e+00 0.000000000000000000e+00 0.000000000000000000e+00 0.000000000000000000e+00 0.000000000000000000e+00 0.000000000000000000e+00 0.000000000000000000e+00
0.000000000000000000e+00 0.000000000000000000e+00 0.000000000000000000e+00 0.000000000000000000e+00 0.000000000000000000e+00 0.000000000000000000e+00 0.000000000000000000e+00
0.000000000000000000e+00 0.000000000000000000e+00 0.000000000000000000e+00 0.000000000000000000e+00 0.000000000000000000e+00 0.000000000000000000e+00 0.000000000000000000e+00
0.000000000000000000e+00 0.000000000000000000e+00 0.000000000000000000e+00 0.000000000000000000e+00 0.000000000000000000e+00 0.000000000000000000e+00 0.000000000000000000e+00
0.000000000000000000e+00 0.000000000000000000e+00 0.000000000000000000e+00 0.000000000000000000e+00 0.000000000000000000e+00 0.000000000000000000e+00 0.000000000000000000e+00
0.000000000000000000e+00 0.000000000000000000e+00 0.000000000000000000e+00 0.000000000000000000e+00 0.000000000000000000e+00 0.000000000000000000e+00 0.000000000000000000e+00
0.000000000000000000e+00 0.000000000000000000e+00 0.000000000000000000e+00 0.000000000000000000e+00 0.000000000000000000e+00 0.000000000000000000e+00 0.000000000000000000e+00
0.000000000000000000e+00 0.000000000000000000e+00 0.000000000000000000e+00 0.000000000000000000e+00 0.000000000000000000e+00 0.000000000000000000e+00 0.000000000000000000e+00
0.000000000000000000e+00 0.000000000000000000e+00 0.000000000000000000e+00 0.000000000000000000e+00 0.000000000000000000e+00 0.000000000000000000e+00 0.000000000000000000e+00
0.000000000000000000e+00 0.000000000000000000e+00 0.000000000000000000e+00 0.000000000000000000e+00 0.000000000000000000e+00 0.000000000000000000e+00 0.000000000000000000e+00
0.000000000000000000e+00 0.000000000000000000e+00 0.000000000000000000e+00 0.000000000000000000e+00 0.000000000000000000e+00 0.000000000000000000e+00 0.000000000000000000e+00
0.000000000000000000e+00 0.000000000000000000e+00 0.000000000000000000e+00 0.000000000000000000e+00 0.000000000000000000e+00 0.000000000000000000e+00 0.000000000000000000e+00
0.000000000000000000e+00 0.000000000000000000e+00 0.000000000000000000e+00 0.000000000000000000e+00 0.000000000000000000e+00 0.000000000000000000e+00 0.000000000000000000e+00
0.000000000000000000e+00 0.000000000000000000e+00 0.000000000000000000e+00 0.000000000000000000e+00 0.000000000000000000e+00 0.000000000000000000e+00 0.000000000000000000e+00
0.000000000000000000e+00 0.000000000000000000e+00 0.000000000000000000e+00 0.000000000000000000e+00 0.000000000000000000e+00 0.000000000000000000e+00 0.000000000000000000e+00
0.000000000000000000e+00 0.000000000000000000e+00 0.000000000000000000e+00 0.000000000000000000e+00 0.000000000000000000e+00 0.000000000000000000e+00 0.000000000000000000e+00
