2.843464313954243039e+01 1.868464313954243039e+01 1.918464313954243039e+01 3.271846431395424588e+02 4.143464313954243039e+01 7.218464313954243039e+01 4.993464313954243039e+01
9.443744114420724145e+00 4.437441144207241450e-01 3.431937441144207241e+02 3.559437441144207241e+02 2.443744114420724145e+00 2.443744114420724145e+00 3.576937441144207241e+02
3.543589177120787781e+02 1.089177120787496733e-01 5.858917712078749673e+00 4.608917712078749673e+00 2.085891771207874967e+01 3.985891771207874967e+01 1.560891771207874967e+01
7.877658755786683287e+00 7.377658755786683287e+00 7.877658755786683287e+00 9.127658755786683287e+00 2.877658755786683287e+00 3.538776587557866833e+02 3.548776587557866833e+02
9.698612099126137309e+00 8.948612099126137309e+00 1.044861209912613731e+01 9.948612099126137309e+00 3.576986120991261373e+02 1.986120991261373092e-01 3.461986120991261373e+02
1.709073162388676792e-01 4.209073162388676792e-01 2.670907316238867679e+00 2.670907316238867679e+00 2.420907316238867679e+00 6.709073162388676792e-01 5.670907316238867679e+00
2.261420170238636729e+01 1.686420170238636729e+01 1.536420170238636729e+01 1.211420170238636729e+01 1.486420170238636729e+01 2.586420170238636729e+01 3.236142017023863673e+02
2.020663404121211215e+01 1.670663404121211215e+01 1.320663404121211215e+01 8.206634041212112152e+00 3.456634041212112152e+00 2.895663404121211215e+01 3.245663404121211215e+01
0.000000000000000000e+00 0.000000000000000000e+00 0.000000000000000000e+00 0.000000000000000000e+00 0.000000000000000000e+00 0.000000000000000000e+00 0.000000000000000000e+00
3.522496060824898905e+02 3.557496060824898905e+02 1.249606082489862047e+00 3.577496060824898905e+02 5.249606082489862047e+00 2.849960608248986205e+01 1.224960608248986205e+01
2.313870176505560039e+01 2.063870176505560039e+01 1.988870176505560039e+01 1.638870176505560039e+01 8.638701765055600390e+00 4.838870176505560039e+01 5.363870176505560039e+01
3.000071291688948349e+01 2.375071291688948349e+01 3.375071291688948349e+01 5.750071291688948349e+01 6.200071291688948349e+01 2.575071291688948349e+01 2.250712916889483495e+00
2.299914514562453860e+01 2.324914514562453860e+01 1.524914514562453860e+01 3.372491451456245386e+02 3.274991451456245386e+02 3.322491451456245386e+02 3.439991451456245386e+02
0.000000000000000000e+00 0.000000000000000000e+00 0.000000000000000000e+00 0.000000000000000000e+00 0.000000000000000000e+00 0.000000000000000000e+00 0.000000000000000000e+00
3.159042309093166523e+00 2.659042309093166523e+00 2.659042309093166523e+00 6.590423090931665229e-01 3.571590423090931381e+02 3.556590423090931381e+02 3.556590423090931381e+02
0.000000000000000000e+00 0.000000000000000000e+00 0.000000000000000000e+00 0.000000000000000000e+00 0.000000000000000000e+00 0.000000000000000000e+00 0.000000000000000000e+00
0.000000000000000000e+00 0.000000000000000000e+00 0.000000000000000000e+00 0.000000000000000000e+00 0.000000000000000000e+00 0.000000000000000000e+00 0.000000000000000000e+00
0.000000000000000000e+00 0.000000000000000000e+00 0.000000000000000000e+00 0.000000000000000000e+00 0.000000000000000000e+00 0.000000000000000000e+00 0.000000000000000000e+00
0.000000000000000000e+00 0.000000000000000000e+00 0.000000000000000000e+00 0.000000000000000000e+00 0.000000000000000000e+00 0.000000000000000000e+00 0.000000000000000000e+00
0.000000000000000000e+00 0.000000000000000000e+00 0.000000000000000000e+00 0.000000000000000000e+00 0.000000000000000000e+00 0.000000000000000000e+00 0.000000000000000000e+00
2.938190530620880736e+01 2.013190530620880736e+01 1.438190530620880736e+01 3.593819053062088074e+02 3.588819053062088074e+02 1.338190530620880736e+01 3.516319053062088074e+02
3.158003407025148590e+00 3.658003407025148590e+00 2.908003407025148590e+00 3.579080034070251486e+02 3.504080034070251486e+02 3.404080034070251486e+02 3.491580034070251486e+02
3.589989991967463538e+02 2.998999196746325424e+00 2.998999196746325424e+00 3.464989991967463538e+02 3.354989991967463538e+02 3.382489991967463538e+02 3.449989991967463538e+02
3.587569879523909435e+02 1.006987952390943519e+00 5.069879523909435193e-01 3.562569879523909435e+02 3.562569879523909435e+02 5.069879523909435193e-01 2.506987952390943519e+00
3.586797634615522838e+02 3.416797634615522838e+02 3.376797634615522838e+02 8.929763461552283843e+00 4.942976346155228384e+01 1.242976346155228384e+01 3.584297634615522838e+02
1.685255225599021855e+01 9.352552255990218555e+00 8.352552255990218555e+00 3.593525522559901901e+02 3.576025522559901901e+02 3.581025522559901901e+02 3.451025522559901901e+02
4.233897042380817766e+00 3.534838970423808178e+02 3.577338970423808178e+02 3.529838970423808178e+02 3.497338970423808178e+02 3.489838970423808178e+02 3.469838970423808178e+02
0.000000000000000000e+00 0.000000000000000000e+00 0.000000000000000000e+00 0.000000000000000000e+00 0.000000000000000000e+00 0.000000000000000000e+00 0.000000000000000000e+00
2.488694414885230799e-01 3.589988694414885231e+02 3.579988694414885231e+02 3.569988694414885231e+02 3.539988694414885231e+02 3.484988694414885231e+02 3.567488694414885231e+02
1.528716674643797546e+01 2.103716674643797546e+01 3.953716674643797546e+01 6.128716674643794704e+01 7.053716674643794704e+01 6.778716674643794704e+01 1.803716674643797546e+01
1.144071429327973988e+01 1.144071429327973988e+01 1.144071429327973988e+01 1.694071429327973988e+01 1.644071429327973988e+01 3.509407142932797115e+02 3.456907142932797115e+02
1.340508260937481566e+01 4.655082609374815661e+00 9.155082609374815661e+00 1.815508260937481566e+01 9.905082609374815661e+00 5.655082609374815661e+00 1.655082609374815661e+00
0.000000000000000000e+00 0.000000000000000000e+00 0.000000000000000000e+00 0.000000000000000000e+00 0.000000000000000000e+00 0.000000000000000000e+00 0.000000000000000000e+00
3.233283683305124896e+02 3.453283683305124896e+02 3.355783683305124896e+02 3.403283683305124896e+02 3.520783683305124896e+02 3.538283683305124896e+02 3.568283683305124896e+02
1.274929609904231143e+01 9.999296099042311425e+00 8.499296099042311425e+00 7.249296099042311425e+00 5.499296099042311425e+00 3.469992960990423398e+02 5.249296099042311425e+00
7.500667485261249112e+01 4.925667485261249112e+01 3.900667485261249112e+01 3.175667485261249112e+01 6.256674852612476911e+00 3.455066748526124911e+02 1.250667485261247691e+01
3.472180779146140139e+02 3.462180779146140139e+02 3.497180779146140139e+02 3.534680779146140139e+02 3.484680779146140139e+02 3.562180779146140139e+02 9.680779146140281455e-01
1.497467979846845765e+01 2.072467979846845765e+01 3.647467979846845765e+01 4.772467979846845765e+01 1.222467979846845765e+01 5.474679798468457648e+00 3.297467979846845765e+01
2.220779503946198474e+01 1.720779503946198474e+01 2.020779503946198474e+01 1.845779503946198474e+01 6.020779503946198474e+01 7.145779503946198474e+01 6.370779503946198474e+01
