9.548187088811722623e-01 9.540463203548336102e-01 9.602744744794480258e-01 9.605574474653495454e-01 8.535217521261848628e-01 3.035686968014407183e-01 6.272996888575084196e-01
8.418885793312842480e-01 8.718222370326379478e-01 9.117624946695168653e-01 8.328220898510340087e-01 8.401190137658355317e-01 6.117232315746884419e-01 4.539315266461484422e-01
0.000000000000000000e+00 0.000000000000000000e+00 0.000000000000000000e+00 0.000000000000000000e+00 0.000000000000000000e+00 0.000000000000000000e+00 0.000000000000000000e+00
0.000000000000000000e+00 0.000000000000000000e+00 0.000000000000000000e+00 0.000000000000000000e+00 0.000000000000000000e+00 0.000000000000000000e+00 0.000000000000000000e+00
6.878613888215578953e-01 7.545684321725660837e-01 4.524433587266605272e-01 6.327933567971456563e-01 7.148188746819127415e-01 5.920279230139432469e-01 4.128909159492134551e-01
0.000000000000000000e+00 0.000000000000000000e+00 0.000000000000000000e+00 0.000000000000000000e+00 0.000000000000000000e+00 0.000000000000000000e+00 0.000000000000000000e+00
7.071993738142549057e-01 5.576590144346715849e-01 6.854072970307661938e-01 7.727970335942063729e-01 6.224433930034914964e-01 6.681305905932366507e-01 7.930434739913720943e-01
8.109615827255404197e-01 8.243264875281448578e-01 7.698838973475548020e-01 7.386130936321981810e-01 5.606265748952836692e-01 5.078491207096276217e-01 5.283161459615380862e-01
0.000000000000000000e+00 0.000000000000000000e+00 0.000000000000000000e+00 0.000000000000000000e+00 0.000000000000000000e+00 0.000000000000000000e+00 0.000000000000000000e+00
0.000000000000000000e+00 0.000000000000000000e+00 0.000000000000000000e+00 0.000000000000000000e+00 0.000000000000000000e+00 0.000000000000000000e+00 0.000000000000000000e+00
8.289840622386639435e-01 8.119957141747380369e-01 7.920844179879940050e-01 7.376489887554636971e-01 5.398702354190726416e-01 1.888913720545371266e-01 2.319529741618837626e-01
6.837002811730636953e-01 7.433316597302545015e-01 7.146379126829630613e-01 7.358435028684281454e-01 9.128860731373472648e-01 9.816658716713356769e-01 9.553132331366599450e-01
4.751414748860551818e-01 4.161534643003534373e-01 7.504802292028627253e-01 4.569599394492621647e-01 5.883457724507450415e-01 6.280105306384738961e-01 7.410363198972488297e-01
8.530745386453182366e-01 9.464719399690036949e-01 9.755143686995692009e-01 8.612906637373066721e-01 8.410290426231413763e-01 8.653549226886386725e-01 9.481392009885346583e-01
7.893409894994970477e-01 8.895887824571200309e-01 8.465612564545161867e-01 5.990056411056853269e-01 6.173728686024270162e-01 7.580161630562536335e-01 9.412380071589641073e-01
0.000000000000000000e+00 0.000000000000000000e+00 0.000000000000000000e+00 0.000000000000000000e+00 0.000000000000000000e+00 0.000000000000000000e+00 0.000000000000000000e+00
0.000000000000000000e+00 0.000000000000000000e+00 0.000000000000000000e+00 0.000000000000000000e+00 0.000000000000000000e+00 0.000000000000000000e+00 0.000000000000000000e+00
6.099494162203707992e-01 7.682124105532182057e-01 6.748432467545414370e-01 6.779307516185687499e-01 3.953082197920910201e-01 5.719938076597439469e-01 8.362371058172703986e-01
8.705399857403258723e-01 8.077813169203287291e-01 8.229020307254629740e-01 8.393229768765467780e-01 8.612833725641989568e-01 8.078711008862430321e-01 5.797157002317800956e-01
0.000000000000000000e+00 0.000000000000000000e+00 0.000000000000000000e+00 0.000000000000000000e+00 0.000000000000000000e+00 0.000000000000000000e+00 0.000000000000000000e+00
0.000000000000000000e+00 0.000000000000000000e+00 0.000000000000000000e+00 0.000000000000000000e+00 0.000000000000000000e+00 0.000000000000000000e+00 0.000000000000000000e+00
5.089098049693888681e-01 4.489376611181190579e-01 4.524171113103154784e-01 4.981821767972660076e-01 3.918139545131352208e-01 5.569884437735741489e-01 5.158013018125074539e-02
7.704862591806699301e-01 6.750920491132091916e-01 8.345547683453014010e-01 8.919534283580206058e-01 8.779492167210906084e-01 7.450479562284936241e-01 5.882576515366914061e-01
0.000000000000000000e+00 0.000000000000000000e+00 0.000000000000000000e+00 0.000000000000000000e+00 0.000000000000000000e+00 0.000000000000000000e+00 0.000000000000000000e+00
8.622708696322698430e-01 8.634045086558586046e-01 7.130478675261856525e-01 5.950210997926620449e-01 4.033540892823452850e-01 2.499074493178124745e-01 2.727027644494166014e-01
7.398169878441344105e-01 7.177408616312953571e-01 7.838425209043395903e-01 6.958657959712859498e-01 4.973053920803746641e-01 4.194874854405397091e-01 8.183247804599419473e-01
0.000000000000000000e+00 0.000000000000000000e+00 0.000000000000000000e+00 0.000000000000000000e+00 0.000000000000000000e+00 0.000000000000000000e+00 0.000000000000000000e+00
0.000000000000000000e+00 0.000000000000000000e+00 0.000000000000000000e+00 0.000000000000000000e+00 0.000000000000000000e+00 0.000000000000000000e+00 0.000000000000000000e+00
8.450664454219131150e-01 8.812991924145877620e-01 8.101802417360677300e-01 9.217747084679264180e-01 9.637922758759428499e-01 9.589888433566808867e-01 6.037901234496183545e-01
8.025552584443880200e-01 7.840389025522113142e-01 7.374217898774431124e-01 7.477966024872285677e-01 8.390854028883381055e-01 9.153341488912247748e-01 9.584278235691227055e-01
0.000000000000000000e+00 0.000000000000000000e+00 0.000000000000000000e+00 0.000000000000000000e+00 0.000000000000000000e+00 0.000000000000000000e+00 0.000000000000000000e+00
7.918440253588011624e-01 8.484151502071568540e-01 8.312471380587577174e-01 8.980105412260732667e-01 9.234907234518184849e-01 9.429572905709858732e-01 9.246921618565804302e-01
0.000000000000000000e+00 0.000000000000000000e+00 0.000000000000000000e+00 0.000000000000000000e+00 0.000000000000000000e+00 0.000000000000000000e+00 0.000000000000000000e+00
8.019567181528126643e-01 9.164110479012276267e-01 9.232330217460615884e-01 9.453481502628424682e-01 9.156673140207547412e-01 8.086393301873248118e-01 7.680277723409395518e-01
7.938432910113372154e-01 8.401237288666023595e-01 8.725569759014641935e-01 9.377217421967132260e-01 9.535348659189394338e-01 9.509541037115450957e-01 9.684383666724498685e-01
8.638094640259764700e-01 9.050065317015462130e-01 8.183304541553227951e-01 8.623125748195347162e-01 8.500365082940967154e-01 8.055490391484845247e-01 8.941678630898690638e-01
9.502017810038450030e-01 9.352575882868511270e-01 9.455649613514202079e-01 9.230690740778974002e-01 8.714067515716270584e-01 8.669264764158721714e-01 5.330483542822683773e-01
9.507477965307823409e-01 9.298175034130096162e-01 9.043373362494027123e-01 8.758810221905123372e-01 8.148951081310179534e-01 6.825027897386430897e-01 7.452713048803670803e-01
6.354739206663673201e-01 8.086480598596103020e-01 8.726399249150004200e-01 9.143375391849337674e-01 9.660758463961056641e-01 9.818520426104404564e-01 9.537699045977284795e-01
0.000000000000000000e+00 0.000000000000000000e+00 0.000000000000000000e+00 0.000000000000000000e+00 0.000000000000000000e+00 0.000000000000000000e+00 0.000000000000000000e+00
7.472405341933593403e-01 7.891032787228841050e-01 7.023937964657589461e-01 5.832467247044620384e-01 4.616046688724433911e-01 7.024760610916089831e-01 8.662559100555042857e-01
0.000000000000000000e+00 0.000000000000000000e+00 0.000000000000000000e+00 0.000000000000000000e+00 0.000000000000000000e+00 0.000000000000000000e+00 0.000000000000000000e+00
0.000000000000000000e+00 0.000000000000000000e+00 0.000000000000000000e+00 0.000000000000000000e+00 0.000000000000000000e+00 0.000000000000000000e+00 0.000000000000000000e+00
8.188297861986082449e-01 8.377025764711414357e-01 6.235124075609626004e-01 3.125097252321852870e-01 4.127652045222759414e-01 7.474773365124020019e-01 8.142313344214922033e-01
8.074494768150595192e-01 8.650055686013503609e-01 7.618348687817191323e-01 6.813038941840884322e-01 6.591837111015379502e-01 8.339186876946298455e-01 9.378283385952215223e-01
9.322856761411919546e-01 9.016387656239024384e-01 8.176088657184141795e-01 8.271953498340907096e-01 8.567931792012682957e-01 8.222783988156706636e-01 7.740244422756560327e-01
6.535787866957916137e-01 7.338350870053337305e-01 5.702479409933844945e-01 3.799491037878314215e-01 1.218298804358805831e-01 5.782172946631692900e-01 7.127652595293233473e-01
5.520409348982120434e-01 6.692055918580318563e-01 4.557113921860304062e-01 1.403133886967351251e-01 3.437692592432214367e-01 5.496510731819976847e-01 6.001835502805384914e-01
7.818859430102310659e-01 8.173985830164175459e-01 7.243466633252172437e-01 5.799042433577359379e-01 2.558554966807068398e-01 2.342861189757520224e-01 5.710072473925063008e-01
0.000000000000000000e+00 0.000000000000000000e+00 0.000000000000000000e+00 0.000000000000000000e+00 0.000000000000000000e+00 0.000000000000000000e+00 0.000000000000000000e+00
8.499236644708638710e-01 7.294852480550800822e-01 6.330676130736881957e-01 8.223428976687117142e-01 7.818435392011700014e-01 9.404543617857433757e-01 9.353793396166911744e-01
7.982906527618615078e-01 7.644214762111395389e-01 9.533717616714320053e-01 9.622045955101286019e-01 9.380546167539405289e-01 8.955257087297915364e-01 8.774059408330179277e-01
6.796741402130384024e-01 7.447653702835483891e-01 7.270266351984437936e-01 7.138289996139981497e-01 8.652299283875340974e-01 9.355199830509089987e-01 9.450370538354526673e-01
8.943851076835462877e-01 8.990246661417644614e-01 9.315855911054639060e-01 9.423461949394640325e-01 8.860230391082557500e-01 9.032304847735178610e-01 8.607348397495314662e-01
8.581673417386574965e-01 8.723667208889385183e-01 8.812067037515541879e-01 6.837420551089606890e-01 7.471327030379195655e-01 6.365665886555292863e-01 5.093346732838348601e-01
7.240828142209495555e-01 8.571084274151917759e-01 8.465706712946837742e-01 8.616348354442425750e-01 8.301772639948488131e-01 8.512850050054081574e-01 6.887932587742532364e-01
9.573753776353071121e-01 9.461109689236216758e-01 9.678496211665565951e-01 9.732324355308379360e-01 9.583409759547714124e-01 8.100096758343883208e-01 6.892256703261666617e-01
9.575717385283998295e-01 9.473733364817686908e-01 9.687304055438881178e-01 9.766182690897683427e-01 9.556188465799172471e-01 8.096727575517944642e-01 6.908500802440737942e-01
0.000000000000000000e+00 0.000000000000000000e+00 0.000000000000000000e+00 0.000000000000000000e+00 0.000000000000000000e+00 0.000000000000000000e+00 0.000000000000000000e+00
7.801371452414623819e-01 7.624685537526766366e-01 8.377071525143954256e-01 8.156774152980775794e-01 7.100939455840606929e-01 5.486508571093442477e-01 4.654426187080943356e-01
0.000000000000000000e+00 0.000000000000000000e+00 0.000000000000000000e+00 0.000000000000000000e+00 0.000000000000000000e+00 0.000000000000000000e+00 0.000000000000000000e+00
8.463393074625364942e-01 8.329988389811440186e-01 8.999377212596361142e-01 8.737294223353418987e-01 8.294840456374653614e-01 7.985755488241538247e-01 7.807647837303614002e-01
0.000000000000000000e+00 0.000000000000000000e+00 0.000000000000000000e+00 0.000000000000000000e+00 0.000000000000000000e+00 0.000000000000000000e+00 0.000000000000000000e+00
7.691164504231603471e-01 6.537807014068455214e-01 4.599317979960093061e-01 2.664557985800544149e-01 6.175352381272622981e-01 4.490171565222570993e-01 5.253597196061228214e-01
0.000000000000000000e+00 0.000000000000000000e+00 0.000000000000000000e+00 0.000000000000000000e+00 0.000000000000000000e+00 0.000000000000000000e+00 0.000000000000000000e+00
0.000000000000000000e+00 0.000000000000000000e+00 0.000000000000000000e+00 0.000000000000000000e+00 0.000000000000000000e+00 0.000000000000000000e+00 0.000000000000000000e+00
7.861444005700104487e-01 8.084139617475841755e-01 8.610480326889522473e-01 7.975149809019576042e-01 7.270354781357318830e-01 3.917009307306441590e-01 3.104783989237460892e-02
6.091890784355068478e-01 7.580056492152114078e-01 6.996137193281315447e-01 5.469323507313980093e-01 2.421803268528215924e-01 6.001304386268138114e-01 4.974990940100030290e-01
8.057840231912444251e-01 8.539678626791623595e-01 7.261144873056862847e-01 6.128629433489377609e-01 7.371796386903569642e-01 5.827591967176992682e-01 5.123445126541720240e-01
0.000000000000000000e+00 0.000000000000000000e+00 0.000000000000000000e+00 0.000000000000000000e+00 0.000000000000000000e+00 0.000000000000000000e+00 0.000000000000000000e+00
7.973647717099526799e-01 6.315034452709552548e-01 7.857249751968961027e-01 8.372980619754417653e-01 8.197784586871748047e-01 7.378575712127884989e-01 3.049789210740276868e-01
0.000000000000000000e+00 0.000000000000000000e+00 0.000000000000000000e+00 0.000000000000000000e+00 0.000000000000000000e+00 0.000000000000000000e+00 0.000000000000000000e+00
0.000000000000000000e+00 0.000000000000000000e+00 0.000000000000000000e+00 0.000000000000000000e+00 0.000000000000000000e+00 0.000000000000000000e+00 0.000000000000000000e+00
6.180836332446172365e-01 5.448546963592001413e-01 4.965811025073218476e-01 5.466225151957360834e-02 9.296666249085169809e-02 3.236715238982992848e-01 4.885138814760379145e-01
0.000000000000000000e+00 0.000000000000000000e+00 0.000000000000000000e+00 0.000000000000000000e+00 0.000000000000000000e+00 0.000000000000000000e+00 0.000000000000000000e+00
7.130595221292191921e-01 7.420571373530862047e-01 8.460271628623409201e-01 8.833256369791451235e-01 9.063858682144796397e-01 7.333970471905905120e-01 5.464762272055088133e-01
3.489923812626061217e-01 4.334975409125351731e-01 4.483895907396632796e-01 1.014907973249390832e-01 1.577210773198793325e-01 2.312061591255052395e-01 1.858936666242844149e-01
1.143674854997965840e-01 3.157909460867708296e-01 4.918009789028261469e-01 2.579715072676367904e-01 3.844137511074719460e-01 3.641704100531645283e-01 4.738127985247248541e-01
8.251384633784667466e-01 9.088286603083073345e-01 9.033342190285245099e-01 8.521140278294926373e-01 7.631283735051593853e-01 2.056138571293011363e-01 3.678619700655888503e-01
7.184512792057970998e-01 7.000262931332115190e-01 7.404147337744091395e-01 6.476032718546416156e-01 6.141797051156134835e-01 5.384998738266041363e-01 7.171005990446608358e-01
0.000000000000000000e+00 0.000000000000000000e+00 0.000000000000000000e+00 0.000000000000000000e+00 0.000000000000000000e+00 0.000000000000000000e+00 0.000000000000000000e+00
8.581200860173129330e-01 8.173561906571975566e-01 8.934750728350051574e-01 9.433079325237389012e-01 9.597966938810106319e-01 9.785746452109139737e-01 9.848100547730824772e-01
7.639122544389479463e-01 6.184443163970052559e-01 8.102521294108085970e-01 8.054127328845106515e-01 6.416853710292464985e-01 3.836305645045946511e-01 1.145204939778678710e-01
8.011259489125619471e-01 8.481275236619385538e-01 9.005533762682368382e-01 8.485052240087644915e-01 7.331208255493623094e-01 6.957571592115188164e-01 8.663542367288759039e-01
6.067248201860429013e-01 5.046168751806558994e-01 6.113192863212837391e-01 4.479534793741085097e-01 1.504878477463865161e-01 3.739830021378223734e-01 7.313835729509781114e-01
7.464407782675395175e-01 8.743849105558758605e-01 8.776505155043934359e-01 8.767473772354165140e-01 6.745260828950243592e-01 6.000949614565428414e-01 1.229001693146254820e-01
7.450845651225970201e-01 8.773977421553615930e-01 8.730379574011194466e-01 8.800478359384649174e-01 6.592088394362874970e-01 6.010347450681828851e-01 1.255761510781996104e-01
6.623226905343035931e-01 5.016555679722419780e-01 8.807878407869474957e-01 9.305136566416571942e-01 8.334226419533392605e-01 7.438208435707746036e-01 7.748601285796828941e-01
0.000000000000000000e+00 0.000000000000000000e+00 0.000000000000000000e+00 0.000000000000000000e+00 0.000000000000000000e+00 0.000000000000000000e+00 0.000000000000000000e+00
0.000000000000000000e+00 0.000000000000000000e+00 0.000000000000000000e+00 0.000000000000000000e+00 0.000000000000000000e+00 0.000000000000000000e+00 0.000000000000000000e+00
0.000000000000000000e+00 0.000000000000000000e+00 0.000000000000000000e+00 0.000000000000000000e+00 0.000000000000000000e+00 0.000000000000000000e+00 0.000000000000000000e+00
8.353706168393482123e-01 8.652502398527752714e-01 3.938490579893226262e-01 2.493956650247449169e-01 3.159249272686356358e-01 5.222839733084579938e-01 3.020536603324847080e-01
2.874408347589383350e-01 3.127718470912534410e-01 4.453252023782717228e-01 5.372265385420196271e-01 2.011468098548071792e-01 5.229565109203224704e-01 4.102862599319228032e-01
8.095210407534880748e-01 8.323774700320906161e-01 8.600192297508831851e-01 8.497771781145920800e-01 9.534823449877257717e-01 9.727725418526819157e-01 9.545211260191581726e-01
0.000000000000000000e+00 0.000000000000000000e+00 0.000000000000000000e+00 0.000000000000000000e+00 0.000000000000000000e+00 0.000000000000000000e+00 0.000000000000000000e+00
9.308225993785226304e-01 9.206355921141264886e-01 9.024429565493918837e-01 8.576599646441714908e-01 7.857344224704833069e-01 6.730191101673648202e-01 3.800584841818241411e-01
9.220912286761278054e-01 9.705754478042291078e-01 9.274978306780703452e-01 8.999909722303204296e-01 9.225770294723771858e-01 9.734418018388315552e-01 9.763340192596325906e-01
4.349629357492075243e-01 2.188364317625904609e-01 5.025232837437750844e-01 3.914104174758331056e-01 5.465414715573319038e-01 6.234144413680950958e-01 8.787646703258619185e-01
2.622676745425033817e-01 2.061064112226623224e-01 2.240288728017352238e-01 5.957103757082193862e-01 6.843044432313970526e-01 5.026087844046097652e-01 3.039567381397031975e-01
8.266263127265301991e-01 7.950918306174331596e-01 8.638400738273537272e-01 9.323236243552396330e-01 9.320347065505242279e-01 9.645338193147806605e-01 9.959139835473779234e-01
7.913515571482776512e-01 7.742528029145325785e-01 9.150177479000007885e-01 9.430415001951012455e-01 9.365898257890750145e-01 9.537145412624036256e-01 9.864373466827904835e-01
7.454584705263540556e-01 7.594496057298828484e-01 8.899499735273267431e-01 9.316747992291463110e-01 9.385962156893863373e-01 9.524840202952551405e-01 9.523708605020114737e-01
4.466735602873699307e-01 6.696665391644068821e-01 4.301847629579773624e-01 3.153257530458983271e-01 3.546873429131305877e-01 3.908411952639245790e-01 5.783047960902881757e-01
7.436054160945476665e-01 5.653632393718300841e-01 7.521322858097019282e-01 7.929149975787733728e-01 4.623790928134828837e-01 7.058219408790253890e-01 3.569579254708339366e-01
7.527693114561347931e-01 7.475233910928038572e-01 2.697577599346542843e-01 2.537902544415753248e-01 7.920278547555401616e-01 7.094651495977133404e-01 6.920939497387403883e-01
0.000000000000000000e+00 0.000000000000000000e+00 0.000000000000000000e+00 0.000000000000000000e+00 0.000000000000000000e+00 0.000000000000000000e+00 0.000000000000000000e+00
8.966526231782195877e-01 7.480042626795952998e-01 8.067223119644543194e-01 7.362062267897291346e-01 3.543942632586549180e-01 4.514991714090587638e-01 3.306920083846136560e-01
7.398037050675050352e-01 7.204680083079875175e-01 6.232659236550290860e-01 7.490858776246867023e-01 8.879566286129788599e-01 9.131127181576161878e-01 8.841898510814418799e-01
9.193286831604581266e-01 9.383725894554928448e-01 8.385477401200303049e-01 8.387049468894521853e-01 8.993391833451036543e-01 6.450192169960087263e-01 4.795458437435359822e-01
7.459253851921694434e-01 7.697839999526496779e-01 8.451623375180938869e-01 9.019450376953118687e-01 9.424657098076750783e-01 9.660217107797802738e-01 9.818588456376120543e-01
8.935675180763082981e-01 9.139754831225502807e-01 9.210148170501192277e-01 9.191657568724325156e-01 9.413407240493097961e-01 9.505825325799360792e-01 6.561245550209169330e-01
0.000000000000000000e+00 0.000000000000000000e+00 0.000000000000000000e+00 0.000000000000000000e+00 0.000000000000000000e+00 0.000000000000000000e+00 0.000000000000000000e+00
0.000000000000000000e+00 0.000000000000000000e+00 0.000000000000000000e+00 0.000000000000000000e+00 0.000000000000000000e+00 0.000000000000000000e+00 0.000000000000000000e+00
7.473743075099013033e-01 8.268132929304143897e-01 9.192448592022450793e-01 9.344335235940213202e-01 9.461496800315767342e-01 9.754346029397085172e-01 9.664992864687638185e-01
0.000000000000000000e+00 0.000000000000000000e+00 0.000000000000000000e+00 0.000000000000000000e+00 0.000000000000000000e+00 0.000000000000000000e+00 0.000000000000000000e+00
6.875303163821754326e-01 8.084997113755562070e-01 4.849089353921481882e-01 4.826535572621284964e-01 4.963638818362000049e-01 5.833670595520871194e-01 5.177671395357132944e-01
7.228837668029485242e-01 5.497528002639584521e-01 6.725720758746148720e-01 8.109754496005187052e-01 7.621695185885857260e-01 6.098859275370369648e-01 4.006189669099410877e-01
5.371101768543593558e-01 6.272793570930541573e-01 7.183412634693288057e-01 6.686049934595571509e-01 3.452236226390672513e-01 2.452328688983574922e-01 4.803797184368492901e-01
0.000000000000000000e+00 0.000000000000000000e+00 0.000000000000000000e+00 0.000000000000000000e+00 0.000000000000000000e+00 0.000000000000000000e+00 0.000000000000000000e+00
8.196750009095397083e-01 7.929007068809904579e-01 8.114445030236029366e-01 8.804625212708312443e-01 9.429441390866725170e-01 8.884340638877672447e-01 7.086233450761737496e-01
9.241550046385040851e-01 9.242541972672270179e-01 8.326515185095101357e-01 5.942719329113744786e-01 2.641525063097699966e-01 2.521488698277610796e-01 2.631951768007884662e-01
8.792548114453176966e-01 8.831004553129733203e-01 9.189853728737231719e-01 7.245982731749704975e-01 4.860955454903210238e-01 6.409885905648680104e-01 2.629762980932160432e-01
7.653583023295349452e-01 9.550759207563025432e-01 9.537881807744874596e-01 8.912003503802179427e-01 9.186552616543380845e-01 8.483964197821488584e-01 8.896373240113532033e-01
7.840162798800773825e-01 7.597079185184502093e-01 8.659972568897361667e-01 8.363317697714236498e-01 6.432561562137081301e-01 4.455214078379116094e-01 5.322843872208393723e-01
9.144526122737903773e-01 9.638641753314385330e-01 9.400275760043396156e-01 9.560910558956702276e-01 9.792591573484356049e-01 9.886979746465915930e-01 9.847460169711584888e-01
7.092911724965753617e-01 8.126966371793491462e-01 9.201560560241406339e-01 9.121975898004611727e-01 8.768844989498459919e-01 8.088339514551809994e-01 6.903797100004434029e-01
4.102719849714124845e-01 4.923008881598109898e-01 6.343142013639855303e-01 6.380896799414632614e-01 4.745944247188685905e-01 5.461150572325952357e-01 3.878080751430383888e-01
8.083444360387975758e-01 8.652405703342180843e-01 8.558255062166699734e-01 7.316449700008127444e-01 8.679591660089054361e-01 5.503834147360548990e-01 6.617274641185186823e-01
8.727067643965373822e-01 9.163099822369301650e-01 9.591734526816761974e-01 9.603556361046904355e-01 9.551707122623356305e-01 9.470603639471465440e-01 9.034423646738340974e-01
5.960098540093429209e-01 5.503349768131706732e-01 6.625398334110144116e-01 4.405802754103400609e-01 4.686718167438138072e-01 2.247126784836726565e-01 7.346401592137951075e-01
9.642971752790393536e-01 9.775460193636207329e-01 9.697763370296702545e-01 9.024976973045233386e-01 7.653328097905085503e-01 7.058293982479508788e-01 7.031997584876951146e-01
9.501335744553849327e-01 9.221719270709834992e-01 8.902472776698654444e-01 9.470811107334557999e-01 9.549612190308905957e-01 8.831446825559033931e-01 9.367268851490037074e-01
7.448079514313871163e-01 8.328814560895022590e-01 4.096766456454831173e-01 5.277976812872375856e-01 5.134051695458884401e-01 6.209748086223100261e-01 5.484109633875355883e-01
7.459259979914154570e-01 7.478379926738631944e-01 4.784648812174121524e-01 5.225380934519453513e-01 6.107728535158146732e-01 5.809322428985050912e-01 9.056054470343664065e-01
9.658042799116847155e-01 9.724137679553044311e-01 9.654966566171468978e-01 9.161309415790053201e-01 8.958771296645950954e-01 5.956606774631746370e-01 6.318006203661630238e-01
0.000000000000000000e+00 0.000000000000000000e+00 0.000000000000000000e+00 0.000000000000000000e+00 0.000000000000000000e+00 0.000000000000000000e+00 0.000000000000000000e+00
8.793617643667300809e-01 8.999708271328604736e-01 8.362925363310927951e-01 8.122417451449021053e-01 8.967731787565169643e-01 9.007497194619852321e-01 7.275157697000905754e-01
8.217670174511477743e-01 7.924758102907168977e-01 7.044352478361043390e-01 6.758872226885868084e-01 6.813739699557787022e-01 7.096616958170619549e-01 5.848252065769382613e-01
8.698673938174741327e-01 8.891350831381151787e-01 8.373246601126385080e-01 9.037689263652047833e-01 8.145578968101786499e-01 5.526893503137951802e-01 5.178747185400233155e-01
0.000000000000000000e+00 0.000000000000000000e+00 0.000000000000000000e+00 0.000000000000000000e+00 0.000000000000000000e+00 0.000000000000000000e+00 0.000000000000000000e+00
9.556091388556385846e-01 9.542237439978956681e-01 9.572301713103117393e-01 8.930207171911425101e-01 9.046773886599026593e-01 8.657900130542739436e-01 6.688544784116271513e-01
0.000000000000000000e+00 0.000000000000000000e+00 0.000000000000000000e+00 0.000000000000000000e+00 0.000000000000000000e+00 0.000000000000000000e+00 0.000000000000000000e+00
7.885362968045962484e-01 7.914855193664572797e-01 7.132633977095631517e-01 3.104476304116849938e-01 3.987436761007744912e-01 3.477958824688302530e-01 6.276882007146676878e-01
8.628818001180054154e-01 7.772524394237207979e-01 7.898263645024555801e-01 6.849297297987717581e-01 5.756161803962642765e-01 2.458085544951995327e-01 7.123674718374669590e-01
0.000000000000000000e+00 0.000000000000000000e+00 0.000000000000000000e+00 0.000000000000000000e+00 0.000000000000000000e+00 0.000000000000000000e+00 0.000000000000000000e+00
4.995088894856741790e-01 2.550274942886903151e-01 6.068686056979238214e-02 5.922324446771549677e-01 6.394203219074688915e-01 4.533009270059756846e-01 2.721115962096134488e-01
0.000000000000000000e+00 0.000000000000000000e+00 0.000000000000000000e+00 0.000000000000000000e+00 0.000000000000000000e+00 0.000000000000000000e+00 0.000000000000000000e+00
9.313531219184172372e-01 9.579613942903253410e-01 9.237278964715411878e-01 8.809296034124775021e-01 8.324810371878498261e-01 7.994501013106197762e-01 3.073350840406407491e-01
0.000000000000000000e+00 0.000000000000000000e+00 0.000000000000000000e+00 0.000000000000000000e+00 0.000000000000000000e+00 0.000000000000000000e+00 0.000000000000000000e+00
8.752282713892136634e-01 8.651651502374094749e-01 9.265434104927865455e-01 9.557620622928123533e-01 9.644197702108927572e-01 9.504508135122259338e-01 8.140920035064197480e-01
0.000000000000000000e+00 0.000000000000000000e+00 0.000000000000000000e+00 0.000000000000000000e+00 0.000000000000000000e+00 0.000000000000000000e+00 0.000000000000000000e+00
6.919866526461312395e-01 8.754037557081313370e-01 7.335880492400467245e-01 7.464205516925470629e-01 5.358725449879266911e-01 4.072306885850216496e-01 8.248634466641882046e-01
6.508224993764850641e-01 4.547462962662503494e-01 3.768294977517042676e-01 3.622878988686926705e-01 4.322865024862502237e-01 1.191273770373362934e-01 5.098033115262602388e-01
4.438999039012762604e-01 4.306158189999891306e-01 4.204242136358103954e-01 2.216683584770361426e-01 3.764254492113524031e-01 7.334036189364667724e-01 6.009375773399859844e-01
8.227639378056066377e-01 7.176150907238011412e-01 6.416057782810997701e-01 4.479398667232851183e-01 5.647407814666537407e-01 6.498619483033311051e-01 6.665704085538453061e-01
7.247842487165064851e-01 7.357155101613939152e-01 6.769321437101327721e-01 5.834926001377792604e-01 5.039861818931931081e-01 2.359110048648236646e-01 2.265861694992842845e-01
8.606645355824114052e-01 9.007146023066402440e-01 9.103712636793176438e-01 8.922661905989600628e-01 9.249628521663710856e-01 6.109503738261752304e-01 4.965236095100314384e-01
8.071116595638851976e-01 7.242265932012547092e-01 8.194671459679192527e-01 8.610307724514651984e-01 8.150768032493566073e-01 7.635423208905814940e-01 7.307018746444715607e-01
0.000000000000000000e+00 0.000000000000000000e+00 0.000000000000000000e+00 0.000000000000000000e+00 0.000000000000000000e+00 0.000000000000000000e+00 0.000000000000000000e+00
0.000000000000000000e+00 0.000000000000000000e+00 0.000000000000000000e+00 0.000000000000000000e+00 0.000000000000000000e+00 0.000000000000000000e+00 0.000000000000000000e+00
9.104775179505268934e-01 9.360959903923994352e-01 9.188848488908047951e-01 8.698327156499533475e-01 9.269780526429181045e-01 8.654577707793195129e-01 6.132340106736046126e-01
8.795790269989131049e-01 8.816387125434308469e-01 7.952915550099126651e-01 5.433073376475984206e-01 7.927662468139049512e-01 7.704316406063010936e-01 8.241259798014064497e-01
7.635484098087494953e-01 8.219918871698468354e-01 7.859777639753118272e-01 3.352404208660276219e-01 2.238931118760638939e-01 5.407400424715935738e-01 6.667379419194185974e-01
9.212640188624902082e-01 8.587195647926232356e-01 8.204756724818597080e-01 8.407485878565958970e-01 7.120175903305171472e-01 8.867297146953529996e-01 8.867404399500035117e-01
0.000000000000000000e+00 0.000000000000000000e+00 0.000000000000000000e+00 0.000000000000000000e+00 0.000000000000000000e+00 0.000000000000000000e+00 0.000000000000000000e+00
7.294381016740012491e-01 7.260858446701433655e-01 6.175001426080006794e-01 7.055160913755536001e-01 7.784187171787587678e-01 9.150663538805802188e-01 7.329784555569641702e-01
7.552453570167602104e-01 7.082897133409848944e-01 7.626467926899255234e-01 8.201347357324376697e-01 8.863806581873310275e-01 8.025335498282890612e-01 5.562985369217235965e-01
8.327317293927024577e-01 8.422581403885966989e-01 8.534925443662711997e-01 3.530800223715436226e-01 1.019053860727374278e-01 2.904600586489608505e-01 4.317707965438019602e-01
0.000000000000000000e+00 0.000000000000000000e+00 0.000000000000000000e+00 0.000000000000000000e+00 0.000000000000000000e+00 0.000000000000000000e+00 0.000000000000000000e+00
5.777141471025425412e-01 6.203451590281213734e-01 6.909495837602535051e-01 8.783286078949001929e-01 9.405585329520610438e-01 9.637460560866573100e-01 9.723982530364273513e-01
7.542331913256538067e-01 7.379821888678081976e-01 8.636767960634684771e-01 8.488749992117644583e-01 8.641357226421372273e-01 8.885335318888378797e-01 7.513291116650518964e-01
8.557608491305110920e-01 9.108519590908408237e-01 9.362980641959214312e-01 9.188762496812121761e-01 8.800142059039435249e-01 7.331223254511443077e-01 3.039152102667146416e-01
0.000000000000000000e+00 0.000000000000000000e+00 0.000000000000000000e+00 0.000000000000000000e+00 0.000000000000000000e+00 0.000000000000000000e+00 0.000000000000000000e+00
0.000000000000000000e+00 0.000000000000000000e+00 0.000000000000000000e+00 0.000000000000000000e+00 0.000000000000000000e+00 0.000000000000000000e+00 0.000000000000000000e+00
8.504999044048685564e-01 7.334100957489360084e-01 8.212268275975889154e-01 8.355763316672228935e-01 9.117283202231600825e-01 6.486340813490915069e-01 4.787026060961708240e-01
7.758007445374855982e-01 7.160962183580444895e-01 6.400629297074855728e-01 6.713764858570069327e-01 8.117652274890084785e-01 5.978356870010059776e-01 4.559463892850023070e-01
4.861868377387169593e-01 5.253910941184549710e-01 5.154074327225960372e-01 3.950025769141410903e-01 3.967696887363504898e-01 3.071719412697537233e-01 2.624241062102062316e-01
9.052530949247011849e-01 8.680620751150522896e-01 9.025057881287501527e-01 9.428150049760734008e-01 8.960556399254022697e-01 8.167004392623897768e-01 6.672952671246040746e-01
0.000000000000000000e+00 0.000000000000000000e+00 0.000000000000000000e+00 0.000000000000000000e+00 0.000000000000000000e+00 0.000000000000000000e+00 0.000000000000000000e+00
9.207870108396616349e-01 8.595466327075278468e-01 6.808372394974377961e-01 8.063250857401582650e-01 5.642646457860157616e-01 4.628961168007287852e-01 6.928315599003700420e-01
8.406657189725670332e-01 8.687196167875069763e-01 8.656903217371000325e-01 9.112655884042725196e-01 9.096569074580040937e-01 6.986165186087872625e-01 4.182966382598073407e-01
0.000000000000000000e+00 0.000000000000000000e+00 0.000000000000000000e+00 0.000000000000000000e+00 0.000000000000000000e+00 0.000000000000000000e+00 0.000000000000000000e+00
0.000000000000000000e+00 0.000000000000000000e+00 0.000000000000000000e+00 0.000000000000000000e+00 0.000000000000000000e+00 0.000000000000000000e+00 0.000000000000000000e+00
5.020036269114748206e-01 5.056794948292925307e-01 1.961295409014831848e-01 2.433592531402178905e-01 2.009807791933646282e-01 6.834086171485421746e-01 6.170336366231564673e-01
6.099730397158794615e-01 5.266070425102984398e-01 4.501398712991086515e-01 3.631392969797640480e-01 9.142812022085597401e-02 2.010337675506111421e-01 1.070363704722351456e-01
5.486325681233521490e-01 6.155597649665904836e-01 5.919217510462069232e-01 6.334644641204819626e-01 6.482290068265301741e-01 5.143869571332359003e-01 5.040186570380987829e-01
8.416756424685387650e-01 8.568117495948955886e-01 9.096698797997755381e-01 8.709686065431596624e-01 8.675595371937648848e-01 5.394661813987354781e-01 2.923276536419752158e-01
9.137308880615089279e-01 7.658354058743680470e-01 3.186162288783976337e-01 1.973317557601865502e-01 1.332130210947387872e-01 2.032933491819142735e-01 2.832069819684670531e-01
0.000000000000000000e+00 0.000000000000000000e+00 0.000000000000000000e+00 0.000000000000000000e+00 0.000000000000000000e+00 0.000000000000000000e+00 0.000000000000000000e+00
0.000000000000000000e+00 0.000000000000000000e+00 0.000000000000000000e+00 0.000000000000000000e+00 0.000000000000000000e+00 0.000000000000000000e+00 0.000000000000000000e+00
