9.469133482132933155e-01 9.475651009745456044e-01 9.452042927110234638e-01 9.189343731056561770e-01 9.253250758264915943e-01 9.216569770089219071e-01 5.819377871401645308e-01
9.835133152183574978e-01 9.891727723647361081e-01 9.887618865134352175e-01 9.834216691019760370e-01 9.872428908755307431e-01 9.720479705728379827e-01 9.464434866876765273e-01
0.000000000000000000e+00 0.000000000000000000e+00 0.000000000000000000e+00 0.000000000000000000e+00 0.000000000000000000e+00 0.000000000000000000e+00 0.000000000000000000e+00
0.000000000000000000e+00 0.000000000000000000e+00 0.000000000000000000e+00 0.000000000000000000e+00 0.000000000000000000e+00 0.000000000000000000e+00 0.000000000000000000e+00
8.706455594515992713e-01 7.595478693565196338e-01 5.386565306619208737e-01 5.996149376672704756e-01 9.317090184455870672e-01 7.844604747062385863e-01 7.598891191265655376e-01
0.000000000000000000e+00 0.000000000000000000e+00 0.000000000000000000e+00 0.000000000000000000e+00 0.000000000000000000e+00 0.000000000000000000e+00 0.000000000000000000e+00
9.520055479369150531e-01 9.190254622381012206e-01 8.988218191419355962e-01 9.050024592862793149e-01 8.429879219630762588e-01 7.887799710236315098e-01 7.924390229113056350e-01
8.753969760789855892e-01 9.283989081442012292e-01 8.737597516874893167e-01 9.512444044628067807e-01 9.635659082353618121e-01 9.336859065485643150e-01 8.757389873077879860e-01
0.000000000000000000e+00 0.000000000000000000e+00 0.000000000000000000e+00 0.000000000000000000e+00 0.000000000000000000e+00 0.000000000000000000e+00 0.000000000000000000e+00
0.000000000000000000e+00 0.000000000000000000e+00 0.000000000000000000e+00 0.000000000000000000e+00 0.000000000000000000e+00 0.000000000000000000e+00 0.000000000000000000e+00
9.428454233070602264e-01 8.809270002757920714e-01 2.005801644281190177e-01 1.746803227823091331e-01 3.268206746541947316e-01 5.842321139438638733e-01 5.946078079035261865e-01
8.876432193536062387e-01 7.818340023116572279e-01 4.692688756197332944e-01 6.060224851544943059e-01 5.061915141120100214e-01 3.712342800573494306e-01 3.622666601628010130e-01
7.734273105553300942e-01 8.410451761999431231e-01 9.227484452895645672e-01 9.338643738651166704e-01 9.281671985003480119e-01 9.365370621636407433e-01 9.307153660937116380e-01
9.132097300398911432e-01 9.581105279147685838e-01 9.827630033926629816e-01 9.905888828788065315e-01 9.936302591815150409e-01 9.836622696767373109e-01 9.824653633133930697e-01
9.014946684089175655e-01 9.686197929139938045e-01 9.847047509736972515e-01 9.893110037781642774e-01 9.812013909952999047e-01 8.313480916495539219e-01 9.628746059939367052e-01
0.000000000000000000e+00 0.000000000000000000e+00 0.000000000000000000e+00 0.000000000000000000e+00 0.000000000000000000e+00 0.000000000000000000e+00 0.000000000000000000e+00
0.000000000000000000e+00 0.000000000000000000e+00 0.000000000000000000e+00 0.000000000000000000e+00 0.000000000000000000e+00 0.000000000000000000e+00 0.000000000000000000e+00
9.310247652914853678e-01 9.204020930275902401e-01 8.942079910960533118e-01 8.845428664671314278e-01 8.901910085689421770e-01 8.766302615634559148e-01 8.820652071115434589e-01
9.781973537121489981e-01 9.805840371890828244e-01 9.788622838342779797e-01 9.697362815287894344e-01 9.604859731438294412e-01 9.483491588130156247e-01 6.442753801043803463e-01
0.000000000000000000e+00 0.000000000000000000e+00 0.000000000000000000e+00 0.000000000000000000e+00 0.000000000000000000e+00 0.000000000000000000e+00 0.000000000000000000e+00
0.000000000000000000e+00 0.000000000000000000e+00 0.000000000000000000e+00 0.000000000000000000e+00 0.000000000000000000e+00 0.000000000000000000e+00 0.000000000000000000e+00
8.541788727315424712e-01 8.660275161582999814e-01 9.553035568861463211e-01 9.850333940696641699e-01 9.934218599635632474e-01 9.807691757027433566e-01 9.557770807586233319e-01
9.378003827445532403e-01 9.217779372763843515e-01 7.067834431142663298e-01 4.115826420975585709e-01 4.463584167018352922e-01 9.218538320729695590e-01 9.374816824153682226e-01
0.000000000000000000e+00 0.000000000000000000e+00 0.000000000000000000e+00 0.000000000000000000e+00 0.000000000000000000e+00 0.000000000000000000e+00 0.000000000000000000e+00
9.367507916648467603e-01 9.633593524902017702e-01 9.243376563216288977e-01 5.809413048570626348e-01 5.559808290355583438e-01 4.189454637635758316e-01 2.133718638851633265e-01
9.793619192091763681e-01 9.746534047188261107e-01 9.818403919058920071e-01 9.825614285920512003e-01 9.336078158201681632e-01 8.899018129958600198e-01 8.601864218604573509e-01
0.000000000000000000e+00 0.000000000000000000e+00 0.000000000000000000e+00 0.000000000000000000e+00 0.000000000000000000e+00 0.000000000000000000e+00 0.000000000000000000e+00
0.000000000000000000e+00 0.000000000000000000e+00 0.000000000000000000e+00 0.000000000000000000e+00 0.000000000000000000e+00 0.000000000000000000e+00 0.000000000000000000e+00
8.783868721734701124e-01 6.807516981839274450e-01 6.329346417477744735e-01 6.253314923258931346e-01 5.656735054026041931e-01 5.274945174885018462e-01 4.053970801273623636e-01
9.379503233234401938e-01 9.023593877252438222e-01 9.475000301605982500e-01 9.373808949518772637e-01 9.416285023859550796e-01 9.612717904487674270e-01 9.676237490570296362e-01
0.000000000000000000e+00 0.000000000000000000e+00 0.000000000000000000e+00 0.000000000000000000e+00 0.000000000000000000e+00 0.000000000000000000e+00 0.000000000000000000e+00
7.952249043626173908e-01 6.199141464735150597e-01 6.025084602333348194e-01 7.970358780357074124e-01 6.663901222171504379e-01 4.408433624026337760e-01 6.716507391312582786e-01
0.000000000000000000e+00 0.000000000000000000e+00 0.000000000000000000e+00 0.000000000000000000e+00 0.000000000000000000e+00 0.000000000000000000e+00 0.000000000000000000e+00
8.963639665116733823e-01 8.836449513447212079e-01 8.720352989772908181e-01 8.746584972695531368e-01 8.828842997726876751e-01 4.907890310571185744e-01 7.895942785857046342e-01
8.404590668305821355e-01 8.769702118012837611e-01 9.240732630121315516e-01 9.625929449743342303e-01 9.741435440538906976e-01 9.530274474958597697e-01 9.809104733763208683e-01
9.307131796442494887e-01 9.281243781566309581e-01 9.141801279457812957e-01 9.137850746792794965e-01 9.330837276800241220e-01 9.115401317032482131e-01 9.836043601561889060e-01
9.907373195969985114e-01 9.944637013958133043e-01 9.949562309869024457e-01 9.945257114791165032e-01 9.955919190147740627e-01 9.913410161013832544e-01 9.886419208874283049e-01
9.238950463340380725e-01 9.179219534039692041e-01 9.148387451299533346e-01 7.722654941300031162e-01 7.482062443291233045e-01 9.276012782485811847e-01 9.832497444965397904e-01
9.020623779837370071e-01 8.855096875493970732e-01 8.766251697964803080e-01 9.043214413642974847e-01 9.015677424786824323e-01 9.034649334006471522e-01 6.925607726762944560e-01
0.000000000000000000e+00 0.000000000000000000e+00 0.000000000000000000e+00 0.000000000000000000e+00 0.000000000000000000e+00 0.000000000000000000e+00 0.000000000000000000e+00
9.883756917887721594e-01 9.839171148196524941e-01 9.777743225434307739e-01 9.697850803366481198e-01 9.694598203942683678e-01 9.421627230869676906e-01 9.414059775503381688e-01
0.000000000000000000e+00 0.000000000000000000e+00 0.000000000000000000e+00 0.000000000000000000e+00 0.000000000000000000e+00 0.000000000000000000e+00 0.000000000000000000e+00
0.000000000000000000e+00 0.000000000000000000e+00 0.000000000000000000e+00 0.000000000000000000e+00 0.000000000000000000e+00 0.000000000000000000e+00 0.000000000000000000e+00
8.181028166032321414e-01 5.952976932175336744e-01 7.227295164207461209e-01 6.001112828676502531e-01 8.220419849224981368e-01 7.639256761940260709e-01 8.630092232890574921e-01
9.598471858596951956e-01 9.679190645328047404e-01 9.785823487855085379e-01 9.679986576602628290e-01 9.792348449568820667e-01 9.818487790345034050e-01 9.821932930055794486e-01
8.976242281124761080e-01 8.235407759816247841e-01 8.389592678979508333e-01 8.595056514693177885e-01 7.600499266471367754e-01 7.536281984018317059e-01 8.795912436949540059e-01
3.985234274933368015e-01 5.372415880791360232e-01 7.053049673462451485e-01 5.919273341143278522e-01 3.156182438570036553e-01 4.067179294418463154e-01 7.281665461849173848e-01
4.586649835228289174e-01 5.993334011474484857e-01 8.505356575216799220e-01 7.478367058196601080e-01 3.695958801594115828e-01 3.922047222581503401e-01 7.729839982387674002e-01
9.380445841132695195e-01 9.171450337395314900e-01 9.224342253101890376e-01 9.088883410221101355e-01 9.208604855621491669e-01 9.343222382637772494e-01 9.822092513414100168e-01
0.000000000000000000e+00 0.000000000000000000e+00 0.000000000000000000e+00 0.000000000000000000e+00 0.000000000000000000e+00 0.000000000000000000e+00 0.000000000000000000e+00
0.000000000000000000e+00 0.000000000000000000e+00 0.000000000000000000e+00 0.000000000000000000e+00 0.000000000000000000e+00 0.000000000000000000e+00 0.000000000000000000e+00
8.035458831404719282e-01 8.208628472306789270e-01 7.892899667040604861e-01 7.073537711224101576e-01 7.035338646297724097e-01 7.536250213511966889e-01 9.552282231774761323e-01
9.267126743924642973e-01 8.723292626496785829e-01 8.928355666384326650e-01 9.170780598601837585e-01 9.074718332328189918e-01 8.774707861607553561e-01 9.478606325959414436e-01
9.613145348443892235e-01 9.236496325315328715e-01 8.107002243215399861e-01 7.621590832668174720e-01 6.405868316326120970e-01 8.448839379573918063e-01 9.543594073313507176e-01
9.740260791030525001e-01 9.814256321420757878e-01 9.867011578352321566e-01 9.894720221712332009e-01 9.752331150121426040e-01 6.903173435119686063e-01 9.824169576116094094e-01
8.998253370237260240e-01 8.675582070852169148e-01 8.514854567445756528e-01 8.797274987674638114e-01 9.320376584666065778e-01 9.219860139292258561e-01 9.464527062524303869e-01
9.869734571620920605e-01 9.917609396588260573e-01 9.945043549424953389e-01 9.939432852729442880e-01 9.889218951265656976e-01 9.872055140767050929e-01 9.880022126967500373e-01
9.869120478176531819e-01 9.916673938488583806e-01 9.945538534994058377e-01 9.939335641908850771e-01 9.889029440953036598e-01 9.872054048351436295e-01 9.879357693943072727e-01
0.000000000000000000e+00 0.000000000000000000e+00 0.000000000000000000e+00 0.000000000000000000e+00 0.000000000000000000e+00 0.000000000000000000e+00 0.000000000000000000e+00
9.285316221407772241e-01 9.465976958376344230e-01 9.656712189573365412e-01 8.024048207765789309e-01 5.056428547469209445e-01 4.512195676409931910e-01 8.889624664920944275e-01
0.000000000000000000e+00 0.000000000000000000e+00 0.000000000000000000e+00 0.000000000000000000e+00 0.000000000000000000e+00 0.000000000000000000e+00 0.000000000000000000e+00
9.548359851712858726e-01 9.655608539950906177e-01 9.655649555443494014e-01 9.427339092465557568e-01 9.463356355370556861e-01 9.434525425345618999e-01 8.770888517199124657e-01
0.000000000000000000e+00 0.000000000000000000e+00 0.000000000000000000e+00 0.000000000000000000e+00 0.000000000000000000e+00 0.000000000000000000e+00 0.000000000000000000e+00
8.717048280415417016e-01 8.654365553764655772e-01 7.901534792748778901e-01 7.935654939069436420e-01 7.781075597877327166e-01 8.440464442852513294e-01 3.234475442140686829e-01
0.000000000000000000e+00 0.000000000000000000e+00 0.000000000000000000e+00 0.000000000000000000e+00 0.000000000000000000e+00 0.000000000000000000e+00 0.000000000000000000e+00
0.000000000000000000e+00 0.000000000000000000e+00 0.000000000000000000e+00 0.000000000000000000e+00 0.000000000000000000e+00 0.000000000000000000e+00 0.000000000000000000e+00
9.332972142377010671e-01 9.172899670163532360e-01 9.036289921881639486e-01 9.048832358569068868e-01 9.286444066952631582e-01 5.370211759160553600e-01 1.712889533782054607e-01
9.149076702584385545e-01 9.132870267357167116e-01 8.969811724529731523e-01 9.167465652316426628e-01 8.896387555897768973e-01 8.575951520353819468e-01 8.676431526152841300e-01
8.932417505632104238e-01 7.834501175411672236e-01 5.099946746087247185e-01 4.706513006666359078e-01 7.638499248021947130e-01 6.428679704331643485e-01 4.136451404297056822e-01
0.000000000000000000e+00 0.000000000000000000e+00 0.000000000000000000e+00 0.000000000000000000e+00 0.000000000000000000e+00 0.000000000000000000e+00 0.000000000000000000e+00
8.873530244967732239e-01 8.656950339239460890e-01 7.971106950749589082e-01 6.255205612599925580e-01 4.929486066522353882e-01 3.549722663304604175e-01 5.626936148436875174e-01
0.000000000000000000e+00 0.000000000000000000e+00 0.000000000000000000e+00 0.000000000000000000e+00 0.000000000000000000e+00 0.000000000000000000e+00 0.000000000000000000e+00
0.000000000000000000e+00 0.000000000000000000e+00 0.000000000000000000e+00 0.000000000000000000e+00 0.000000000000000000e+00 0.000000000000000000e+00 0.000000000000000000e+00
8.779149655852495071e-01 8.514837668520839342e-01 8.763773293367248529e-01 9.399854292175585657e-01 9.057921256173777635e-01 8.073788247742338386e-01 7.910937393598045375e-01
0.000000000000000000e+00 0.000000000000000000e+00 0.000000000000000000e+00 0.000000000000000000e+00 0.000000000000000000e+00 0.000000000000000000e+00 0.000000000000000000e+00
8.505881711117407873e-01 7.850869522342284190e-01 8.686795674992139338e-01 8.959602602632971147e-01 9.003892900633193586e-01 8.201954207783775930e-01 3.790348525786415568e-01
8.126731549446005731e-01 7.672130248159133581e-01 7.117589114743830825e-01 6.074974619619885052e-01 4.596932905432008498e-01 5.495064473271377148e-01 5.498111851911264836e-01
8.769971435838046503e-01 8.091962723209070729e-01 6.972757340243602719e-01 6.415020100412529569e-01 5.298223324992418215e-01 6.648621214358375608e-01 7.919840724194722181e-01
8.842268401005672906e-01 8.114282339017828694e-01 8.017723258898873384e-01 7.170524204016917036e-01 6.991569676174955728e-01 7.676483672430752803e-01 1.587857399651730894e-01
8.973736793396943634e-01 7.875528013738647415e-01 3.410686095389744987e-01 4.166266451327320097e-01 3.420949169091288544e-01 2.042669930587389382e-01 6.827266359018779873e-02
0.000000000000000000e+00 0.000000000000000000e+00 0.000000000000000000e+00 0.000000000000000000e+00 0.000000000000000000e+00 0.000000000000000000e+00 0.000000000000000000e+00
6.656431177329840132e-01 5.388310583680617771e-01 3.062091607391129733e-01 2.495967395537539435e-01 3.132358214385445039e-01 8.453844565440454817e-02 1.048809642564880844e-02
2.703632866757621836e-02 2.129208294858407711e-03 4.800405387739968381e-03 9.070755009263114371e-03 9.027725023285569986e-03 3.257552408275020926e-03 1.707697524868842824e-03
2.965334454249602958e-01 1.050735077929465522e-01 7.385511640525235788e-02 3.045758884297805613e-02 2.202815631832087326e-02 1.212655520833821714e-02 3.143374331512767319e-03
5.473345853376707648e-01 3.297456347313492131e-01 2.769184245292519719e-01 3.222479393742087028e-01 5.139474717464392189e-02 2.405936675326799945e-01 1.704496521188548358e-02
7.527736433917300296e-01 7.287157178562646553e-01 7.050309557136820171e-01 4.498411022461731856e-01 6.452735666301642747e-02 5.015081416636660294e-02 1.980925225989932717e-02
7.527593472392377638e-01 7.328130373326052771e-01 7.078602325165228581e-01 4.495829842213882044e-01 6.488920428516511962e-02 4.474428444618238493e-02 1.993370748636986295e-02
9.711089884367094527e-01 9.749205960514387703e-01 9.616419989363670373e-01 9.687809889646548100e-01 9.620828548572797345e-01 9.380929852843092887e-01 9.725274833172838918e-01
0.000000000000000000e+00 0.000000000000000000e+00 0.000000000000000000e+00 0.000000000000000000e+00 0.000000000000000000e+00 0.000000000000000000e+00 0.000000000000000000e+00
0.000000000000000000e+00 0.000000000000000000e+00 0.000000000000000000e+00 0.000000000000000000e+00 0.000000000000000000e+00 0.000000000000000000e+00 0.000000000000000000e+00
0.000000000000000000e+00 0.000000000000000000e+00 0.000000000000000000e+00 0.000000000000000000e+00 0.000000000000000000e+00 0.000000000000000000e+00 0.000000000000000000e+00
9.008758712072206798e-01 9.006910131212760851e-01 8.298906396430896226e-01 5.800280371865960127e-01 3.972829943210933745e-01 1.178809706051353878e-01 5.333615318509667136e-02
8.844885175231730345e-01 8.527399700372523261e-01 6.514603138376053870e-01 5.809269700121175717e-01 3.638931244946199128e-01 3.581895523301014128e-01 3.710700563794718243e-01
8.257956441690674776e-01 8.062774962843245463e-01 8.884707817557551124e-01 9.032392881875772606e-01 7.430712719414012124e-01 1.480467366459340961e-01 9.672137452181794881e-02
0.000000000000000000e+00 0.000000000000000000e+00 0.000000000000000000e+00 0.000000000000000000e+00 0.000000000000000000e+00 0.000000000000000000e+00 0.000000000000000000e+00
9.175302794244480920e-01 9.263073648689305051e-01 9.476640141181871257e-01 9.470495498414764901e-01 8.801098574100473249e-01 7.419821240360958692e-01 1.870993940287388191e-01
6.036887595275833851e-01 3.900675429492997948e-01 5.871976039270447867e-01 7.624035219395980389e-01 7.919675170861897318e-01 3.504802422242930815e-01 6.423472535248567206e-02
6.891834517735972998e-01 8.555392339895500076e-01 9.190948543288331996e-01 9.106117440549865716e-01 7.927498974507126706e-01 6.183127351645463232e-01 2.042671861787515031e-01
9.846262299884231961e-01 9.763806936667476233e-01 9.701162258859916676e-01 9.596219272796872035e-01 9.128345257301171412e-01 7.494273920190865912e-01 1.894678171994128024e-01
9.016960819043626785e-01 8.072312527399506665e-01 7.903827496839753719e-01 8.474174931170042058e-01 7.913315719999310938e-01 7.427509118977131397e-01 9.596099797487325223e-01
8.974501024085639322e-01 7.905195084240822512e-01 8.087910982421943062e-01 8.677153084254429771e-01 8.356794754376797307e-01 8.071258701701856664e-01 9.353704606054218385e-01
9.106580103038439677e-01 8.274022376852319116e-01 7.407405903365030797e-01 6.210818119876160281e-01 5.894516343617267617e-01 7.748256550827059552e-01 8.518099099332026025e-01
9.776761368764014248e-01 9.736849163392966577e-01 9.750575632329157028e-01 9.596607205314567901e-01 9.349569809194236969e-01 9.070204819097031912e-01 8.966585067958994237e-01
9.668890979312044776e-01 9.358539979963975686e-01 8.164253702995347695e-01 6.850055625992189645e-01 3.460298401822600178e-01 8.469732569249971421e-02 1.121949536826247727e-02
8.912721019365511532e-01 8.764010894187364009e-01 8.372529276872765491e-01 7.694855839496915761e-01 7.433044320587590681e-01 7.763020471446764603e-02 5.184332154011979388e-02
0.000000000000000000e+00 0.000000000000000000e+00 0.000000000000000000e+00 0.000000000000000000e+00 0.000000000000000000e+00 0.000000000000000000e+00 0.000000000000000000e+00
6.516531874780225886e-01 4.545041092978460706e-01 1.099757152700027718e-01 6.638007383427969865e-02 4.687376079930379719e-02 2.103428779383782754e-02 1.295973457547311934e-02
7.961363628140251114e-01 7.748336897888598029e-01 5.631662174569057600e-01 5.185605932107274496e-01 2.376106785238582542e-01 2.596071069277204879e-01 3.624008429727927361e-01
4.246224490548728414e-01 2.345128517823317771e-01 2.162714774408099339e-01 2.411346568714460015e-01 2.672755188518879943e-01 1.113716109816884209e-01 1.149973838357845092e-02
5.644864277264508567e-01 3.171719585633160365e-01 2.618640547644701666e-01 1.824396640751144993e-01 9.087061185503809979e-02 2.598283744970545164e-02 1.764504255111104883e-02
8.431777275471147304e-03 8.880488766030099346e-03 1.496216252995136164e-02 2.022257659354115972e-02 3.071416258667678326e-02 5.088622011361200285e-03 1.894588186974089207e-03
0.000000000000000000e+00 0.000000000000000000e+00 0.000000000000000000e+00 0.000000000000000000e+00 0.000000000000000000e+00 0.000000000000000000e+00 0.000000000000000000e+00
0.000000000000000000e+00 0.000000000000000000e+00 0.000000000000000000e+00 0.000000000000000000e+00 0.000000000000000000e+00 0.000000000000000000e+00 0.000000000000000000e+00
6.987160606370065863e-02 2.021405128473446888e-01 1.202839438718955739e-01 5.530018145972706578e-02 5.528944701575221575e-03 1.796993063050015410e-02 2.129575339234381429e-02
0.000000000000000000e+00 0.000000000000000000e+00 0.000000000000000000e+00 0.000000000000000000e+00 0.000000000000000000e+00 0.000000000000000000e+00 0.000000000000000000e+00
8.719235496651895900e-01 7.095733355222691996e-01 3.894028301880354537e-01 3.430449926402360239e-01 4.851727557767032128e-01 1.901297574674940538e-01 1.787759524859337812e-01
8.923852954265183435e-01 8.021224729573867007e-01 5.083618896532753340e-01 8.422206052924087472e-02 1.254423150814528154e-01 6.396837185245596302e-02 9.283339065828970574e-03
9.797643507716926603e-01 9.818502790945999870e-01 9.731098049630498847e-01 8.786334203078702831e-01 4.042576790967304934e-01 3.428371837035353309e-01 1.451882412843692183e-01
0.000000000000000000e+00 0.000000000000000000e+00 0.000000000000000000e+00 0.000000000000000000e+00 0.000000000000000000e+00 0.000000000000000000e+00 0.000000000000000000e+00
9.602305569328549728e-01 9.442845283466666517e-01 9.093049161266496538e-01 8.487115949601542475e-01 6.800815439208135471e-01 9.413229055152005920e-02 2.984327719269114221e-02
2.332012812485396644e-02 1.095402429257945620e-01 8.180271575936993653e-03 2.941727626708472328e-03 1.396307197729641314e-03 1.193338184380971596e-03 1.700525911198472835e-03
5.919833260900423388e-01 4.529234117837295792e-01 5.783229500749534902e-01 3.163266260331685786e-01 5.619598072787734822e-01 1.253356752206538638e-02 6.352381619077865360e-02
8.321367451198162790e-01 7.447011337118341068e-01 5.543541949877089925e-01 3.392812108061525889e-01 3.546314829748313802e-01 3.448272928267276383e-01 1.229676907348802445e-01
1.843227768388358834e-01 8.079748903489740453e-02 9.440748108214168377e-02 1.092510566990206738e-01 4.636827146393110444e-02 3.937621828290949755e-01 9.938993117375199970e-03
4.952513669095786053e-01 4.392907567929954515e-01 3.432532739019918400e-01 2.441276881620608741e-01 1.310437464096571303e-01 3.716895775082802722e-02 1.815668048280706312e-02
8.074198756395821741e-01 7.553259002509912223e-01 8.045414086352479233e-01 6.927200113333132903e-01 4.257830232452198826e-01 8.476219356547656791e-02 2.606513153959923168e-02
8.749774776168499635e-01 8.604054612420389825e-01 4.785215773167351694e-01 3.294319642596979514e-01 1.752505426885243855e-01 3.473737932097067937e-02 1.329588504289656078e-03
5.211281469821480439e-01 2.319813129421962605e-01 1.650116831694350139e-01 2.323020846231987069e-01 5.251658128614614812e-02 5.639109271431057974e-03 5.282067446940407959e-03
8.890315667887327411e-01 8.129443645438894084e-01 6.630143823408242154e-01 7.816713670573809392e-01 9.430348914262717264e-01 9.767652532657844500e-01 9.823998331103579451e-01
9.855522354929220352e-01 9.770146645454285128e-01 9.685993892485575962e-01 9.728686102173705885e-01 9.537177900225667360e-01 8.550977273497702980e-01 9.234675122358154686e-01
9.444912348182080697e-01 9.565756820842279406e-01 9.749666921320526702e-01 9.750855807883255233e-01 9.673520090054623655e-01 9.710556260722998934e-01 9.718193715227593232e-01
9.866180760635371305e-01 9.831384547586204947e-01 9.681265775725029776e-01 9.402106349882980441e-01 9.137580418244246605e-01 9.585961486769529749e-01 9.760199762811826441e-01
8.238031170548472115e-01 6.503080310754296711e-01 5.487722202868202670e-01 7.695424765507182796e-01 6.789545710059605721e-01 7.213239926235051058e-01 9.109444212820946296e-01
8.462092551094578807e-01 7.242427804768790667e-01 8.097874074590269977e-01 9.332837467687861155e-01 8.802053349888963041e-01 8.145663118601953467e-01 9.708069538345400762e-01
9.312498501537642692e-01 9.207564657992838297e-01 9.480675389602124525e-01 9.527123361618980990e-01 9.280456557730053513e-01 9.502473516965653788e-01 9.542993735275469014e-01
0.000000000000000000e+00 0.000000000000000000e+00 0.000000000000000000e+00 0.000000000000000000e+00 0.000000000000000000e+00 0.000000000000000000e+00 0.000000000000000000e+00
9.019451909909931286e-01 8.436569153600385063e-01 7.974159825148902092e-01 7.970442363815415376e-01 6.856421996936827856e-01 6.135195911449796702e-01 4.337775085148870002e-01
7.223587997405784833e-01 7.830291385650792746e-01 7.981718770088805925e-01 4.796633109159625930e-01 5.893678177362225989e-01 8.307190494674608905e-01 7.678995850780253596e-01
8.424474588282901966e-01 8.433057612487880883e-01 8.345976384861242270e-01 8.707869584512962779e-01 9.039667768032654260e-01 6.889028286291087877e-01 9.734564672969850951e-01
0.000000000000000000e+00 0.000000000000000000e+00 0.000000000000000000e+00 0.000000000000000000e+00 0.000000000000000000e+00 0.000000000000000000e+00 0.000000000000000000e+00
9.190499918880278285e-01 9.280426653477189536e-01 9.538326706525582788e-01 9.791115756282969818e-01 9.851248597943018659e-01 9.800059216053966793e-01 9.913482487263027831e-01
0.000000000000000000e+00 0.000000000000000000e+00 0.000000000000000000e+00 0.000000000000000000e+00 0.000000000000000000e+00 0.000000000000000000e+00 0.000000000000000000e+00
8.746916825714690091e-01 5.496492157150361102e-01 4.468096616581340719e-01 8.843338773118247786e-01 5.050739653167687360e-01 5.918380990823420840e-01 6.371186136161800517e-01
9.758596853274279503e-01 9.735903032064604501e-01 9.774726727320828257e-01 7.161679270764729210e-01 3.079658181521581217e-01 7.011490882872016828e-01 2.579969679116919656e-01
0.000000000000000000e+00 0.000000000000000000e+00 0.000000000000000000e+00 0.000000000000000000e+00 0.000000000000000000e+00 0.000000000000000000e+00 0.000000000000000000e+00
8.602765334600971370e-01 8.655650459040786782e-01 9.559186572213091981e-01 9.815367001487937948e-01 9.816299492701067164e-01 9.571875911795558745e-01 8.423277972839698924e-01
0.000000000000000000e+00 0.000000000000000000e+00 0.000000000000000000e+00 0.000000000000000000e+00 0.000000000000000000e+00 0.000000000000000000e+00 0.000000000000000000e+00
8.413151570500615462e-01 7.781762598866721614e-01 8.529463686028854186e-01 9.199253920340061397e-01 9.338244637403236847e-01 9.261934952802757248e-01 9.156273845350513252e-01
0.000000000000000000e+00 0.000000000000000000e+00 0.000000000000000000e+00 0.000000000000000000e+00 0.000000000000000000e+00 0.000000000000000000e+00 0.000000000000000000e+00
9.007024514113362024e-01 7.970529686606472319e-01 6.247348650532197345e-01 7.290703312500954603e-01 9.232841554102221293e-01 9.649646621202030428e-01 9.851009202836306100e-01
0.000000000000000000e+00 0.000000000000000000e+00 0.000000000000000000e+00 0.000000000000000000e+00 0.000000000000000000e+00 0.000000000000000000e+00 0.000000000000000000e+00
6.059563477438594248e-01 5.289293411691350366e-01 7.675594185110783396e-01 9.087357354065233039e-01 8.694290322511367686e-01 8.831497997550639134e-01 9.099829352009788375e-01
9.745468234146377196e-01 9.607099680979048761e-01 9.594905590023268260e-01 9.568117850625330600e-01 9.504327491966707564e-01 8.155280839119889436e-01 3.651546533262224337e-01
5.433926179594426031e-01 2.262550135019309461e-01 2.112537407968396730e-01 4.235872495074490818e-01 7.719347692823529394e-01 8.469855199087087394e-01 4.471660270157237216e-01
9.814878401506890171e-01 9.771382939897305109e-01 9.657835400915503188e-01 9.728939962029037325e-01 9.893597042991512103e-01 9.716498841978936651e-01 9.753483203522601563e-01
8.129298236699358249e-01 8.100199691335403518e-01 7.012017748849347365e-01 6.099784974689215211e-01 5.517329926320340139e-01 4.490766238333316895e-01 3.214214078375822181e-01
8.683481630862972533e-01 8.673640125152343172e-01 8.773198793616900915e-01 8.350612645479282836e-01 8.359544867392012524e-01 4.739172893289154698e-01 7.710440863901761865e-01
9.330684377410990438e-01 9.399536599548186100e-01 9.502241194476356290e-01 9.609407451507585574e-01 9.631931239809036205e-01 5.810329053842548941e-01 9.024156588750718022e-01
0.000000000000000000e+00 0.000000000000000000e+00 0.000000000000000000e+00 0.000000000000000000e+00 0.000000000000000000e+00 0.000000000000000000e+00 0.000000000000000000e+00
0.000000000000000000e+00 0.000000000000000000e+00 0.000000000000000000e+00 0.000000000000000000e+00 0.000000000000000000e+00 0.000000000000000000e+00 0.000000000000000000e+00
9.071488152858412368e-01 8.966622099285387337e-01 9.193781242740307613e-01 9.021209001978159892e-01 7.532871870179671525e-01 4.613478229242498618e-01 8.269348654317985048e-01
9.306303839810209366e-01 9.069742951144621479e-01 8.856112352737401938e-01 8.151808783875355013e-01 8.333394203833728309e-01 5.144768068541923922e-01 8.382515350115271602e-01
9.277074557566213908e-01 8.744624513334946503e-01 8.685030331862916286e-01 9.381945516958642983e-01 9.525999831793239281e-01 8.926989013753469093e-01 9.697309776025438977e-01
9.406960327446269865e-01 9.246048296996934868e-01 9.310547440145383602e-01 9.347721631628934658e-01 9.305541535734354053e-01 9.244781797446254279e-01 8.564504108436821195e-01
0.000000000000000000e+00 0.000000000000000000e+00 0.000000000000000000e+00 0.000000000000000000e+00 0.000000000000000000e+00 0.000000000000000000e+00 0.000000000000000000e+00
7.055018309557808953e-01 5.143719790058952634e-01 6.341085852090797559e-01 8.198705594168004263e-01 8.546319226063493479e-01 6.951305042128554934e-01 8.083951996576969057e-01
9.052358424937221315e-01 8.408556331906962278e-01 8.612113033918284977e-01 8.260517215394472812e-01 7.637411343809036302e-01 8.615356377580934977e-01 9.199035853672838936e-01
8.171882403102269654e-01 7.800076765737560258e-01 7.807119076557615944e-01 8.182448154856852840e-01 8.731792304495422652e-01 6.204250365669131684e-01 9.088288066264212928e-01
0.000000000000000000e+00 0.000000000000000000e+00 0.000000000000000000e+00 0.000000000000000000e+00 0.000000000000000000e+00 0.000000000000000000e+00 0.000000000000000000e+00
9.394336886244250007e-01 9.193850197569860550e-01 9.343890650480631832e-01 9.593208852747793225e-01 9.688999027861188162e-01 8.954572201749403382e-01 8.828185339892460348e-01
9.594517744465534959e-01 9.284140222428861611e-01 8.982957815897146814e-01 8.489414249796886081e-01 6.977296691300186593e-01 8.523116290489877178e-01 9.394624948894981786e-01
9.385627636817965858e-01 9.519575057596516565e-01 9.660952369779206572e-01 9.713965969816674706e-01 9.666686779778338456e-01 4.446792100345327015e-01 7.666314805121563491e-01
2.325776299690550664e-01 1.672590559749508599e-01 1.718405574036530881e-01 2.386234446739492754e-01 1.171818241781632658e-01 3.870472528034538118e-01 7.281784102988343721e-02
0.000000000000000000e+00 0.000000000000000000e+00 0.000000000000000000e+00 0.000000000000000000e+00 0.000000000000000000e+00 0.000000000000000000e+00 0.000000000000000000e+00
9.720315289705308004e-01 9.772809400875233088e-01 9.644923875536323132e-01 9.731326438134638712e-01 7.639568370788950569e-01 5.465510876633347115e-01 7.756490502141589749e-01
9.610304102426074913e-01 9.605526153300940617e-01 9.403209612400870165e-01 4.959776308132731737e-01 7.937469090709423636e-01 4.174916355330999806e-01 2.992900356110517190e-01
8.709306230889725109e-01 9.411930593925197375e-01 9.376887861583497186e-01 9.513749553947726811e-01 9.452772027112132935e-01 8.883224338584692070e-01 7.859272031583576235e-01
9.193645744837491973e-01 9.177042557692016711e-01 8.975496165315561825e-01 4.133010873131451879e-01 3.601188389364072262e-01 5.867148783589191119e-01 8.849977531784395390e-01
0.000000000000000000e+00 0.000000000000000000e+00 0.000000000000000000e+00 0.000000000000000000e+00 0.000000000000000000e+00 0.000000000000000000e+00 0.000000000000000000e+00
9.805185313736726194e-01 9.791255779808799575e-01 9.633926335997131662e-01 9.607531057457455725e-01 9.246931738410649748e-01 9.258027462190435708e-01 9.472318886798695159e-01
9.068677962509741342e-01 8.945497010132416049e-01 8.933428898932703754e-01 8.472071359089524689e-01 5.582723351485556762e-01 3.660194224602317248e-01 8.681382070940584228e-01
0.000000000000000000e+00 0.000000000000000000e+00 0.000000000000000000e+00 0.000000000000000000e+00 0.000000000000000000e+00 0.000000000000000000e+00 0.000000000000000000e+00
0.000000000000000000e+00 0.000000000000000000e+00 0.000000000000000000e+00 0.000000000000000000e+00 0.000000000000000000e+00 0.000000000000000000e+00 0.000000000000000000e+00
8.813352335670218141e-01 8.845497834024689254e-01 8.995468014624806719e-01 8.855838836982874440e-01 9.034801936930159094e-01 9.375894622275329215e-01 9.360769555157866240e-01
8.310246195082590104e-01 5.990165739826815994e-01 7.256489934958710863e-01 7.253749130839661774e-01 5.811644777223479164e-01 8.201013525811051696e-01 9.454794879599948132e-01
5.079949682227653529e-01 4.843852992128801493e-01 5.647402749365489916e-01 8.180238843252861658e-01 6.742124518886718487e-01 2.907274174321183846e-01 5.341472282298217467e-01
8.596193058401569997e-01 8.003260438074736305e-01 9.058263836570668026e-01 9.759090240324735932e-01 9.847654961471730140e-01 9.818683829987108203e-01 9.863034440328471986e-01
9.461989915307437160e-01 9.261901203915353653e-01 9.213822740739564532e-01 9.264282538627045538e-01 9.110030183913191415e-01 8.427340230865320025e-01 9.019363129316886329e-01
0.000000000000000000e+00 0.000000000000000000e+00 0.000000000000000000e+00 0.000000000000000000e+00 0.000000000000000000e+00 0.000000000000000000e+00 0.000000000000000000e+00
0.000000000000000000e+00 0.000000000000000000e+00 0.000000000000000000e+00 0.000000000000000000e+00 0.000000000000000000e+00 0.000000000000000000e+00 0.000000000000000000e+00
