2.027835674149804390e+01 3.077835674149804390e+01 3.452835674149804390e+01 3.377835674149804390e+01 3.167783567414980439e+02 3.110283567414980439e+02 7.778356741498043903e+00
3.584430171077337945e+02 3.943017107733794546e+00 3.693017107733794546e+00 3.571930171077337945e+02 3.494430171077337945e+02 3.474430171077337945e+02 3.521930171077337945e+02
3.507534674199586675e+02 3.503467419958667506e+00 1.275346741995866751e+01 5.003467419958667506e+00 3.547534674199586675e+02 3.530034674199586675e+02 3.592534674199586675e+02
3.588173843735143009e+02 3.595673843735143009e+02 8.173843735143009326e-01 6.738437351430093258e-02 3.538173843735143009e+02 3.428173843735143009e+02 2.567384373514300933e+00
3.563905179305104411e+02 3.593905179305104411e+02 3.905179305104411469e-01 3.571405179305104411e+02 3.448905179305104411e+02 3.113905179305104411e+02 3.583905179305104411e+02
3.580261932558007061e+02 3.555261932558007061e+02 3.515261932558007061e+02 3.492761932558007061e+02 3.520261932558007061e+02 3.522761932558007061e+02 2.276193255800706083e+00
4.099042782872970747e+00 6.099042782872970747e+00 7.349042782872970747e+00 6.599042782872970747e+00 2.934904278287297075e+01 3.434904278287297075e+01 6.099042782872970747e+00
1.320507316529733544e+01 1.245507316529733544e+01 9.455073165297335436e+00 1.455073165297335436e+00 2.170507316529733544e+01 1.895507316529733544e+01 1.970507316529733544e+01
0.000000000000000000e+00 0.000000000000000000e+00 0.000000000000000000e+00 0.000000000000000000e+00 0.000000000000000000e+00 0.000000000000000000e+00 0.000000000000000000e+00
3.506425693342505951e+02 1.892569334250595148e+00 1.114256933425059515e+01 5.392569334250595148e+00 3.546425693342505951e+02 3.413925693342505951e+02 3.553925693342505951e+02
1.287568668720768983e+01 7.875686687207689829e+00 1.625686687207689829e+00 3.576256866872076898e+02 1.875686687207689829e+00 4.412568668720768983e+01 4.487568668720768983e+01
1.525087186717883014e+01 1.625087186717883014e+01 1.625087186717883014e+01 2.350087186717883014e+01 3.475087186717883014e+01 3.572508718671788301e+02 5.925087186717883014e+01
1.225292604825665421e+01 8.752926048256654212e+00 3.455029260482566542e+02 3.095029260482566542e+02 3.097529260482566542e+02 3.410029260482566542e+02 3.585029260482566542e+02
0.000000000000000000e+00 0.000000000000000000e+00 0.000000000000000000e+00 0.000000000000000000e+00 0.000000000000000000e+00 0.000000000000000000e+00 0.000000000000000000e+00
3.490699676931736235e+02 3.500699676931736235e+02 3.503199676931736235e+02 3.525699676931736235e+02 3.538199676931736235e+02 3.538199676931736235e+02 3.533199676931736235e+02
0.000000000000000000e+00 0.000000000000000000e+00 0.000000000000000000e+00 0.000000000000000000e+00 0.000000000000000000e+00 0.000000000000000000e+00 0.000000000000000000e+00
0.000000000000000000e+00 0.000000000000000000e+00 0.000000000000000000e+00 0.000000000000000000e+00 0.000000000000000000e+00 0.000000000000000000e+00 0.000000000000000000e+00
0.000000000000000000e+00 0.000000000000000000e+00 0.000000000000000000e+00 0.000000000000000000e+00 0.000000000000000000e+00 0.000000000000000000e+00 0.000000000000000000e+00
0.000000000000000000e+00 0.000000000000000000e+00 0.000000000000000000e+00 0.000000000000000000e+00 0.000000000000000000e+00 0.000000000000000000e+00 0.000000000000000000e+00
0.000000000000000000e+00 0.000000000000000000e+00 0.000000000000000000e+00 0.000000000000000000e+00 0.000000000000000000e+00 0.000000000000000000e+00 0.000000000000000000e+00
2.654656940158076850e+00 3.596546569401580768e+02 3.566546569401580768e+02 3.524046569401580768e+02 2.404656940158076850e+00 5.404656940158076850e+00 3.429046569401580768e+02
3.601319921694994264e-01 3.576101319921694994e+02 3.556101319921694994e+02 3.456101319921694994e+02 3.398601319921694994e+02 3.148601319921694994e+02 3.498601319921694994e+02
2.328391794066533294e+00 1.057839179406653329e+01 8.578391794066533294e+00 3.570783917940665333e+02 3.500783917940665333e+02 3.545783917940665333e+02 3.555783917940665333e+02
3.761632303443320779e-01 3.583761632303443321e+02 3.563761632303443321e+02 3.561261632303443321e+02 3.531261632303443321e+02 3.526261632303443321e+02 3.583761632303443321e+02
3.465476516619069116e+02 2.204765166190691161e+01 3.079765166190691161e+01 8.547651661906911613e+00 3.452976516619069116e+02 3.445476516619069116e+02 3.567976516619069116e+02
3.360139709797414298e+02 3.390139709797414298e+02 3.312639709797414298e+02 3.382639709797414298e+02 3.532639709797414298e+02 3.537639709797414298e+02 3.487639709797414298e+02
3.514256032244733206e+02 3.509256032244733206e+02 3.474256032244733206e+02 3.431756032244733206e+02 3.434256032244733206e+02 1.675603224473320552e+00 3.167560322447332055e+01
0.000000000000000000e+00 0.000000000000000000e+00 0.000000000000000000e+00 0.000000000000000000e+00 0.000000000000000000e+00 0.000000000000000000e+00 0.000000000000000000e+00
3.002215280870871084e+00 3.595022152808708711e+02 3.545022152808708711e+02 3.522522152808708711e+02 3.510022152808708711e+02 3.505022152808708711e+02 3.535022152808708711e+02
3.582810518989282400e+02 3.560310518989282400e+02 3.487810518989282400e+02 3.310310518989282400e+02 5.531051898928268429e+00 6.478105189892824001e+01 5.828105189892824001e+01
3.539786464570835278e+02 3.552286464570835278e+02 3.534786464570835278e+02 3.524786464570835278e+02 3.499786464570835278e+02 3.304786464570835278e+02 3.509786464570835278e+02
1.243564662115147712e+00 3.574935646621151477e+02 3.509935646621151477e+02 3.477435646621151477e+02 3.504935646621151477e+02 7.493564662115147712e+00 3.243564662115147712e+00
0.000000000000000000e+00 0.000000000000000000e+00 0.000000000000000000e+00 0.000000000000000000e+00 0.000000000000000000e+00 0.000000000000000000e+00 0.000000000000000000e+00
3.363830312206108601e+02 3.276330312206108601e+02 2.863303122061086015e+01 3.383031220610860146e+00 3.496330312206108601e+02 3.526330312206108601e+02 3.533830312206108601e+02
3.447475135813542693e+02 3.469975135813542693e+02 3.494975135813542693e+02 3.497475135813542693e+02 3.417475135813542693e+02 3.319975135813542693e+02 1.997513581354297685e+00
3.708069215871273627e+01 3.470806921587127363e+02 3.433306921587127363e+02 3.293306921587127363e+02 3.405806921587127363e+02 6.830692158712739825e+00 1.408069215871273983e+01
1.997887222987352516e+02 1.975387222987352516e+02 2.528872229873525157e+01 1.972887222987352516e+02 1.960387222987352516e+02 1.853872229873525157e+01 1.803872229873525157e+01
3.592866261629245628e+01 2.161786626162924563e+02 2.154286626162924563e+02 3.517866261629245628e+01 3.167866261629245628e+01 4.092866261629245628e+01 2.061786626162924563e+02
6.116344136733613368e+01 6.141344136733613368e+01 6.266344136733613368e+01 6.691344136733613368e+01 6.691344136733613368e+01 7.241344136733613368e+01 7.641344136733613368e+01
1.650221542126092800e+02 9.452215421260927997e+01 1.667721542126092800e+02 1.612721542126092800e+02 1.262721542126092800e+02 8.402215421260927997e+01 8.477215421260927997e+01
1.538765390421720554e+02 1.543765390421720554e+02 1.551265390421720554e+02 1.687653904217205536e+01 1.433765390421720554e+02 1.398765390421720554e+02 3.436265390421720554e+02
0.000000000000000000e+00 0.000000000000000000e+00 0.000000000000000000e+00 0.000000000000000000e+00 0.000000000000000000e+00 0.000000000000000000e+00 0.000000000000000000e+00
1.692622518510167993e+02 1.680122518510167993e+02 1.707622518510167993e+02 1.832622518510167993e+02 2.017622518510167993e+02 2.465122518510167993e+02 2.535122518510167993e+02
1.753919657855063292e+02 2.103919657855063292e+02 1.873919657855063292e+02 2.136419657855063292e+02 2.193919657855063292e+02 3.403919657855063292e+02 5.639196578550634342e+01
3.221254646757076330e+02 3.226254646757076330e+02 3.351254646757076330e+02 1.381254646757076330e+02 1.346254646757076330e+02 2.363754646757076330e+02 2.908754646757076330e+02
8.208955034276112883e+01 8.058955034276112883e+01 7.258955034276112883e+01 7.258955034276112883e+01 7.308955034276112883e+01 2.858955034276112883e+01 5.608955034276112883e+01
3.263052224273175739e+02 1.930522242731757387e+01 1.320552224273175739e+02 1.083052224273175739e+02 6.305222427317573874e+00 1.140552224273175739e+02 2.985552224273175739e+02
0.000000000000000000e+00 0.000000000000000000e+00 0.000000000000000000e+00 0.000000000000000000e+00 0.000000000000000000e+00 0.000000000000000000e+00 0.000000000000000000e+00
0.000000000000000000e+00 0.000000000000000000e+00 0.000000000000000000e+00 0.000000000000000000e+00 0.000000000000000000e+00 0.000000000000000000e+00 0.000000000000000000e+00
2.438616322361492621e+02 2.341116322361492621e+02 2.533616322361492621e+02 4.461163223614926210e+01 5.861163223614926210e+01 6.836163223614926210e+01 7.461163223614926210e+01
1.906933363058119539e+02 1.904433363058119539e+02 1.824433363058119539e+02 2.994333630581195393e+01 2.134433363058119539e+02 2.036933363058119539e+02 1.444333630581195393e+01
1.989229925385644719e+02 6.417299253856447194e+01 1.689229925385644719e+02 1.901729925385644719e+02 1.586729925385644719e+02 6.967299253856447194e+01 9.167299253856447194e+01
0.000000000000000000e+00 0.000000000000000000e+00 0.000000000000000000e+00 0.000000000000000000e+00 0.000000000000000000e+00 0.000000000000000000e+00 0.000000000000000000e+00
3.371873886316487869e+02 2.941873886316487869e+02 2.474373886316487585e+02 8.718738863164875852e+01 1.469373886316487585e+02 3.379373886316487869e+02 3.364373886316487869e+02
1.993184946966599114e+02 8.431849469665991137e+01 8.856849469665991137e+01 9.031849469665991137e+01 5.781849469665991137e+01 4.931849469665991137e+01 4.406849469665991137e+01
0.000000000000000000e+00 0.000000000000000000e+00 0.000000000000000000e+00 0.000000000000000000e+00 0.000000000000000000e+00 0.000000000000000000e+00 0.000000000000000000e+00
0.000000000000000000e+00 0.000000000000000000e+00 0.000000000000000000e+00 0.000000000000000000e+00 0.000000000000000000e+00 0.000000000000000000e+00 0.000000000000000000e+00
0.000000000000000000e+00 0.000000000000000000e+00 0.000000000000000000e+00 0.000000000000000000e+00 0.000000000000000000e+00 0.000000000000000000e+00 0.000000000000000000e+00
0.000000000000000000e+00 0.000000000000000000e+00 0.000000000000000000e+00 0.000000000000000000e+00 0.000000000000000000e+00 0.000000000000000000e+00 0.000000000000000000e+00
2.336165083424152726e+02 2.023665083424152726e+02 1.918665083424152726e+02 8.636650834241527264e+01 8.011650834241527264e+01 7.836650834241527264e+01 1.626165083424152726e+02
3.386105898044130527e+02 3.496105898044130527e+02 3.061058980441305266e+01 8.136058980441305266e+01 9.986058980441305266e+01 1.068605898044130527e+02 3.211058980441305266e+01
3.590697730401412855e+02 3.578197730401412855e+02 6.069773040141285492e+00 4.319773040141285492e+00 2.230697730401412855e+02 1.320697730401412855e+02 2.300697730401412855e+02
3.454728083778526297e+02 3.212228083778526297e+02 2.634728083778526297e+02 7.647280837785262975e+01 5.922280837785262975e+01 6.472808377852629746e+00 3.499728083778526297e+02
0.000000000000000000e+00 0.000000000000000000e+00 0.000000000000000000e+00 0.000000000000000000e+00 0.000000000000000000e+00 0.000000000000000000e+00 0.000000000000000000e+00
2.888205778109781932e+02 2.755705778109781932e+02 1.258205778109781932e+02 1.093205778109781932e+02 7.907057781097819316e+01 5.282057781097819316e+01 1.932057781097819316e+01
0.000000000000000000e+00 0.000000000000000000e+00 0.000000000000000000e+00 0.000000000000000000e+00 0.000000000000000000e+00 0.000000000000000000e+00 0.000000000000000000e+00
4.437974010131711111e-01 1.443797401013171111e+00 4.193797401013171111e+00 1.169379740101317111e+01 3.469379740101317111e+01 1.534437974010131711e+02 3.519437974010131711e+02
3.049532650431302727e+01 2.274953265043130273e+02 2.387453265043130273e+02 1.862453265043130273e+02 2.294953265043130273e+02 2.514953265043130273e+02 2.369953265043130273e+02
