7.535585352690795657e-01 7.326616638558614003e-01 5.780142832390869900e-01 2.411616067880176795e-01 2.315007354110855675e-01 3.753382590100339811e-01 2.578831168159366194e-01
8.095130114761885931e-01 7.221334383065382001e-01 8.505515820296146723e-01 8.566276010811195718e-01 7.182587763298694528e-01 6.586793241107484764e-01 4.243301279100649137e-01
8.594484180378421101e-01 7.263165105722393378e-01 6.276607736938862869e-01 7.517915854431510558e-01 9.213851101727609239e-01 8.901238323876750069e-01 9.624992803967545862e-01
8.667052656769543839e-01 8.987227448142340869e-01 8.949103525513698587e-01 7.958206864819262760e-01 7.391512309632265465e-01 4.082306081141800491e-01 2.848877043829253775e-01
9.318771775717605843e-01 8.864229162329370082e-01 8.976284020202863756e-01 8.480701619020378779e-01 8.335099432143936449e-01 7.564044420916348210e-01 7.966002603605556454e-01
9.015598019902030247e-01 7.022426045027888586e-01 7.072576019593173058e-01 7.640293416328636233e-01 1.476176424176527946e-01 1.963752203205255675e-01 2.646115279914170171e-01
8.598896501344361898e-01 8.310244930295033194e-01 8.937497423374725081e-01 7.555798194651877076e-01 8.520403855170961549e-01 7.587385390108773997e-01 1.748619282078752446e-01
8.528780476284087975e-01 7.995980970630958140e-01 7.687239471645593847e-01 7.708991415914854262e-01 6.132642902708640431e-01 5.751096079454124377e-01 8.580135285746649521e-01
0.000000000000000000e+00 0.000000000000000000e+00 0.000000000000000000e+00 0.000000000000000000e+00 0.000000000000000000e+00 0.000000000000000000e+00 0.000000000000000000e+00
8.850122096913730640e-01 8.260303319793373955e-01 7.680657866313560511e-01 7.946722900727408723e-01 9.497779351897938094e-01 9.289414807329346990e-01 9.712446769690809001e-01
6.799431714724781806e-01 6.886154044866490409e-01 5.773034722264988039e-01 5.334152253809699706e-01 3.446621599390688462e-01 2.199206368204865703e-01 3.947061059811367567e-01
3.084943348494648130e-01 3.015290143383591026e-01 1.707349487493421691e-01 6.208772922114669940e-02 7.654178945173709114e-02 4.526767599847832946e-01 4.946916568650134849e-01
6.447969692156934052e-01 7.561384327743299050e-01 9.254287783251426980e-01 9.468375621385829444e-01 9.401561581730194517e-01 8.811604910574547533e-01 9.421317313764817625e-01
0.000000000000000000e+00 0.000000000000000000e+00 0.000000000000000000e+00 0.000000000000000000e+00 0.000000000000000000e+00 0.000000000000000000e+00 0.000000000000000000e+00
8.960879901930707270e-01 9.187773989622272097e-01 9.443464996777584108e-01 9.459756758144823863e-01 9.016206965550632724e-01 9.459677732341784662e-01 9.314874182944152814e-01
0.000000000000000000e+00 0.000000000000000000e+00 0.000000000000000000e+00 0.000000000000000000e+00 0.000000000000000000e+00 0.000000000000000000e+00 0.000000000000000000e+00
0.000000000000000000e+00 0.000000000000000000e+00 0.000000000000000000e+00 0.000000000000000000e+00 0.000000000000000000e+00 0.000000000000000000e+00 0.000000000000000000e+00
0.000000000000000000e+00 0.000000000000000000e+00 0.000000000000000000e+00 0.000000000000000000e+00 0.000000000000000000e+00 0.000000000000000000e+00 0.000000000000000000e+00
0.000000000000000000e+00 0.000000000000000000e+00 0.000000000000000000e+00 0.000000000000000000e+00 0.000000000000000000e+00 0.000000000000000000e+00 0.000000000000000000e+00
0.000000000000000000e+00 0.000000000000000000e+00 0.000000000000000000e+00 0.000000000000000000e+00 0.000000000000000000e+00 0.000000000000000000e+00 0.000000000000000000e+00
8.662991123716233810e-01 8.241031099537873272e-01 5.562434473733083307e-01 4.436381021714203565e-01 3.353374499347626658e-01 5.835772770478498961e-01 4.713695016289716211e-01
8.586722391537188193e-01 9.123358357667605834e-01 8.954380100216648986e-01 9.434825101540059711e-01 9.333182997901822153e-01 8.632094088938462306e-01 7.000169360612847891e-01
8.417281199759553134e-01 9.088245215083874395e-01 8.223662192049561170e-01 8.437967077627126500e-01 8.304338962784060252e-01 7.630998568819959971e-01 8.389645568491931327e-01
7.883670926213620644e-01 9.366509506546685238e-01 9.653443678848647735e-01 9.419302085542138325e-01 8.486785282714048861e-01 6.656765521761840443e-01 4.329810523040313330e-01
7.195006493105241541e-01 7.969766200910182175e-01 7.867679858179281727e-01 8.081894346751773428e-01 7.244760260984145495e-01 7.046399180762937808e-01 8.144312555757365901e-01
9.416664211578418264e-01 9.032441412339708986e-01 8.936040913116662932e-01 9.015691631054787436e-01 8.283782908388226396e-01 8.656799733554871867e-01 6.326488281830856542e-01
8.367829280785050727e-01 8.993628540568591179e-01 8.480663430223529531e-01 9.289993044679394352e-01 9.737167598259516277e-01 9.850104076858613444e-01 9.811718983726047671e-01
0.000000000000000000e+00 0.000000000000000000e+00 0.000000000000000000e+00 0.000000000000000000e+00 0.000000000000000000e+00 0.000000000000000000e+00 0.000000000000000000e+00
9.195449278815097660e-01 8.922544162639577392e-01 8.609778703997421623e-01 8.228208022002004851e-01 7.470392288702905059e-01 6.439775853704272635e-01 4.942375993110784682e-01
2.420464075312809826e-01 1.790730090900357063e-01 2.240046437972653959e-01 2.146535002592210861e-01 4.517268724862126827e-01 4.382391480172143639e-01 3.603031675976135495e-01
8.794874252306825735e-01 9.025685680836352809e-01 8.665425983427105239e-01 6.912351067500025481e-01 7.344979679838434805e-01 7.604096830847988375e-01 8.779754902542287187e-01
8.735116073619013655e-01 8.946472988149059002e-01 7.181734294772595950e-01 6.672296945502123044e-01 6.864905595592282195e-01 5.566367352892177545e-01 1.123974134208144543e-01
0.000000000000000000e+00 0.000000000000000000e+00 0.000000000000000000e+00 0.000000000000000000e+00 0.000000000000000000e+00 0.000000000000000000e+00 0.000000000000000000e+00
8.614375197850234755e-01 9.391718924242025146e-01 9.642309374286595069e-01 9.629403399067363312e-01 9.706268265030082443e-01 9.878150242409912130e-01 9.834437807088231009e-01
9.534248532369676843e-01 9.474245938463274896e-01 8.608971348256656553e-01 7.253050091325723425e-01 3.897569158558538693e-01 3.019516912397378627e-01 4.184947665219221347e-01
8.775386759137717707e-01 8.591289699141129166e-01 7.399457238761087963e-01 4.984321592636206666e-01 3.905532932434920279e-01 2.690927917320892204e-01 3.304047722061604353e-01
6.764320923407169950e-01 7.770209078713192774e-01 6.705498990066199871e-01 4.287046068428820855e-01 7.703171798673661419e-01 8.377960509768855868e-01 9.063892985448357420e-01
7.906138113500964515e-01 8.550761579411547686e-01 6.892393886810982417e-01 6.209824127395666693e-01 4.370710010786287847e-01 3.304625418269716702e-02 6.939249702022075306e-02
3.455961148062021149e-01 3.290124682431841974e-01 3.451506636421264318e-01 4.457562456342316071e-01 4.687191951631210496e-01 3.844934743896633589e-01 2.326030234723025225e-01
1.694309293687245310e-01 6.123185269883646420e-01 4.807817095463018386e-01 6.366507061256810873e-01 3.665234317723224389e-01 3.648729614228382045e-01 5.416399362551411745e-01
8.388944956089607885e-01 8.672835141645018897e-01 8.890388709429952740e-01 9.340089129604742801e-01 7.845210139269275240e-01 4.786246431165008808e-01 3.731930341208342106e-01
0.000000000000000000e+00 0.000000000000000000e+00 0.000000000000000000e+00 0.000000000000000000e+00 0.000000000000000000e+00 0.000000000000000000e+00 0.000000000000000000e+00
8.907996141312809479e-01 9.037873894050584278e-01 7.643406856376813163e-01 8.082632814591153014e-01 5.364804208181278566e-01 1.835056570727125747e-01 2.787278396867804986e-01
5.887183431636888731e-01 6.272338401348941384e-01 4.947347337722668437e-01 3.002235743390837541e-01 1.786446645418597323e-01 5.883634438989054916e-01 4.828226313845888629e-01
6.554906008735496004e-01 6.704400906951646366e-01 6.373993759432055040e-01 1.559111196362173990e-01 3.763233822491205416e-01 8.012544112274189168e-01 8.226398605105558204e-01
4.843153135537874854e-01 5.340219994728844233e-01 7.334147223972017349e-01 6.395055813167740411e-01 5.228474334102919396e-01 5.739010116093045122e-01 3.905199500815904612e-01
9.260980218395622465e-01 9.498359441343517950e-01 9.544378354009382948e-01 9.337603729635134409e-01 8.792561170136460325e-01 7.741327725164640627e-01 5.807766303815551368e-01
0.000000000000000000e+00 0.000000000000000000e+00 0.000000000000000000e+00 0.000000000000000000e+00 0.000000000000000000e+00 0.000000000000000000e+00 0.000000000000000000e+00
0.000000000000000000e+00 0.000000000000000000e+00 0.000000000000000000e+00 0.000000000000000000e+00 0.000000000000000000e+00 0.000000000000000000e+00 0.000000000000000000e+00
6.640765231734697682e-01 7.286740570148774188e-01 7.935383333876403489e-01 7.263881645742816806e-01 4.866260792876218599e-01 3.554630295301789977e-01 6.647294196843858138e-01
7.988439122949271276e-01 8.559616820009323668e-01 5.707700630158266675e-01 7.313038697328665405e-01 7.230591249401284726e-01 6.014807626781772942e-01 5.782591411488956501e-01
6.415623519564838118e-01 7.584954379481291253e-01 5.381543603850328372e-01 5.114606787297826251e-01 5.639173015285137147e-01 6.336212415358817296e-01 7.976790210921400615e-01
0.000000000000000000e+00 0.000000000000000000e+00 0.000000000000000000e+00 0.000000000000000000e+00 0.000000000000000000e+00 0.000000000000000000e+00 0.000000000000000000e+00
6.537322328322101583e-01 6.801223602027669513e-01 5.223672349115594526e-01 5.052580452676274092e-01 8.052648548657709293e-01 6.839300710598474886e-01 8.326342797128446493e-01
5.016967378960012214e-01 3.951511928687288511e-01 4.224977387192617728e-01 3.095633600089628401e-01 4.176441792899497352e-01 4.731365244575348461e-01 6.968385169740576313e-01
0.000000000000000000e+00 0.000000000000000000e+00 0.000000000000000000e+00 0.000000000000000000e+00 0.000000000000000000e+00 0.000000000000000000e+00 0.000000000000000000e+00
0.000000000000000000e+00 0.000000000000000000e+00 0.000000000000000000e+00 0.000000000000000000e+00 0.000000000000000000e+00 0.000000000000000000e+00 0.000000000000000000e+00
0.000000000000000000e+00 0.000000000000000000e+00 0.000000000000000000e+00 0.000000000000000000e+00 0.000000000000000000e+00 0.000000000000000000e+00 0.000000000000000000e+00
0.000000000000000000e+00 0.000000000000000000e+00 0.000000000000000000e+00 0.000000000000000000e+00 0.000000000000000000e+00 0.000000000000000000e+00 0.000000000000000000e+00
6.822473357277016870e-01 7.889359868585140712e-01 8.617823426707040824e-01 8.689329217333704447e-01 8.414826332638617457e-01 4.540498065763888258e-01 1.904789293274654349e-01
5.701838432970474102e-01 5.807095084237571259e-01 9.129989782498250106e-01 8.888244792268004124e-01 8.223154092511765212e-01 7.814757738529227726e-01 6.121139909000233859e-01
9.227169520863971464e-01 9.258458198012090579e-01 8.796547291374098299e-01 7.735124239575260630e-01 8.468694219747463503e-01 4.087311004396859682e-01 3.835536984287884477e-01
9.206639189126658573e-01 9.044970165791714756e-01 9.025382965821432402e-01 9.008963844215802652e-01 8.537340073710536492e-01 8.739958872027528969e-01 6.372891565422454940e-01
0.000000000000000000e+00 0.000000000000000000e+00 0.000000000000000000e+00 0.000000000000000000e+00 0.000000000000000000e+00 0.000000000000000000e+00 0.000000000000000000e+00
8.169269741950498931e-01 7.104523254447484559e-01 7.527555563998741261e-01 6.035334527061186893e-01 6.098989158472682970e-01 7.050084878575777481e-01 8.319823979529176183e-01
0.000000000000000000e+00 0.000000000000000000e+00 0.000000000000000000e+00 0.000000000000000000e+00 0.000000000000000000e+00 0.000000000000000000e+00 0.000000000000000000e+00
8.598060342234131737e-01 9.253478169326168068e-01 8.793024370713173887e-01 8.166509091359747119e-01 8.786170286852634792e-01 6.554701704281292729e-01 3.426178227513203556e-01
7.416375990199338686e-01 7.551716630122234930e-01 6.652917691669558709e-01 7.739282181346104350e-01 3.510487127567272769e-01 1.913399946183539646e-01 7.062754158000226212e-01
