3.485425948142296306e+02 3.480425948142296306e+02 3.467925948142296306e+02 3.450425948142296306e+02 3.435425948142296306e+02 3.577925948142296306e+02 3.595425948142296306e+02
3.599067534296793838e+02 4.067534296793837711e-01 3.596567534296793838e+02 3.466567534296793838e+02 3.486567534296793838e+02 3.499067534296793838e+02 3.576567534296793838e+02
0.000000000000000000e+00 0.000000000000000000e+00 0.000000000000000000e+00 0.000000000000000000e+00 0.000000000000000000e+00 0.000000000000000000e+00 0.000000000000000000e+00
0.000000000000000000e+00 0.000000000000000000e+00 0.000000000000000000e+00 0.000000000000000000e+00 0.000000000000000000e+00 0.000000000000000000e+00 0.000000000000000000e+00
4.527900026065537986e+00 3.777790002606553799e+01 1.177790002606553799e+01 1.202790002606553799e+01 3.072779000260655380e+02 2.450279000260655380e+02 2.755279000260655380e+02
0.000000000000000000e+00 0.000000000000000000e+00 0.000000000000000000e+00 0.000000000000000000e+00 0.000000000000000000e+00 0.000000000000000000e+00 0.000000000000000000e+00
3.454200822632209338e+02 3.531700822632209338e+02 7.420082263220933783e+00 3.539200822632209338e+02 3.569200822632209338e+02 1.670082263220933783e+00 3.042008226322093378e+01
3.559091136583735420e+02 1.409113658373541966e+00 9.091136583735419663e-01 3.581591136583735420e+02 3.199091136583735420e+02 3.421591136583735420e+02 1.409113658373541966e+00
0.000000000000000000e+00 0.000000000000000000e+00 0.000000000000000000e+00 0.000000000000000000e+00 0.000000000000000000e+00 0.000000000000000000e+00 0.000000000000000000e+00
0.000000000000000000e+00 0.000000000000000000e+00 0.000000000000000000e+00 0.000000000000000000e+00 0.000000000000000000e+00 0.000000000000000000e+00 0.000000000000000000e+00
2.103107056099042893e+01 2.128107056099042893e+01 2.503107056099042893e+01 2.103107056099042893e+01 2.531070560990428930e+00 3.442810705609904289e+02 7.403107056099042893e+01
5.150884368649667522e+01 4.500884368649667522e+01 4.508843686496675218e+00 3.190088436864966752e+02 3.177588436864966752e+02 3.482588436864966752e+02 3.467588436864966752e+02
3.381561227747932890e+02 3.426561227747932890e+02 2.156122774793288954e+00 3.481561227747932890e+02 3.364061227747932890e+02 3.419061227747932890e+02 3.494061227747932890e+02
4.626038568920989746e+00 1.412603856892098975e+01 4.126038568920989746e+00 3.503760385689209897e+02 3.441260385689209897e+02 3.508760385689209897e+02 3.581260385689209897e+02
3.436333305240567597e+02 3.513833305240567597e+02 9.133330524056759714e+00 3.586333305240567597e+02 3.581333305240567597e+02 4.133330524056759714e+00 3.483833305240567597e+02
0.000000000000000000e+00 0.000000000000000000e+00 0.000000000000000000e+00 0.000000000000000000e+00 0.000000000000000000e+00 0.000000000000000000e+00 0.000000000000000000e+00
0.000000000000000000e+00 0.000000000000000000e+00 0.000000000000000000e+00 0.000000000000000000e+00 0.000000000000000000e+00 0.000000000000000000e+00 0.000000000000000000e+00
3.406718016662553055e+02 3.479218016662553055e+02 3.419218016662553055e+02 3.566718016662553055e+02 3.671801666255305463e+00 3.434218016662553055e+02 3.569218016662553055e+02
3.480919346765043656e+02 3.841934676504365598e+00 1.591934676504365598e+00 3.560919346765043656e+02 5.591934676504365598e+00 3.555919346765043656e+02 5.841934676504365598e+00
0.000000000000000000e+00 0.000000000000000000e+00 0.000000000000000000e+00 0.000000000000000000e+00 0.000000000000000000e+00 0.000000000000000000e+00 0.000000000000000000e+00
0.000000000000000000e+00 0.000000000000000000e+00 0.000000000000000000e+00 0.000000000000000000e+00 0.000000000000000000e+00 0.000000000000000000e+00 0.000000000000000000e+00
2.984028696427969862e+00 1.234028696427969862e+00 1.398402869642796986e+01 3.494840286964279699e+02 3.452340286964279699e+02 3.332340286964279699e+02 3.327340286964279699e+02
3.435236346696268583e+02 2.023634669626858340e+00 3.565236346696268583e+02 2.773634669626858340e+00 7.773634669626858340e+00 3.550236346696268583e+02 3.417736346696268583e+02
0.000000000000000000e+00 0.000000000000000000e+00 0.000000000000000000e+00 0.000000000000000000e+00 0.000000000000000000e+00 0.000000000000000000e+00 0.000000000000000000e+00
9.828464692949239634e+00 2.382846469294923963e+01 4.582846469294923963e+01 5.382846469294923963e+01 5.782846469294923963e+01 5.832846469294923963e+01 5.882846469294923963e+01
3.489288121080369365e+02 3.521788121080369365e+02 5.928812108036936479e+00 3.428812108036936479e+00 1.292881210803693648e+01 1.178812108036936479e+00 3.461788121080369365e+02
0.000000000000000000e+00 0.000000000000000000e+00 0.000000000000000000e+00 0.000000000000000000e+00 0.000000000000000000e+00 0.000000000000000000e+00 0.000000000000000000e+00
0.000000000000000000e+00 0.000000000000000000e+00 0.000000000000000000e+00 0.000000000000000000e+00 0.000000000000000000e+00 0.000000000000000000e+00 0.000000000000000000e+00
3.312901540983305040e+02 3.340401540983305040e+02 3.370401540983305040e+02 3.337901540983305040e+02 3.295401540983305040e+02 3.480401540983305040e+02 3.572901540983305040e+02
3.400776052474271296e+02 3.408276052474271296e+02 3.323276052474271296e+02 3.335776052474271296e+02 3.405776052474271296e+02 3.558276052474271296e+02 3.568276052474271296e+02
0.000000000000000000e+00 0.000000000000000000e+00 0.000000000000000000e+00 0.000000000000000000e+00 0.000000000000000000e+00 0.000000000000000000e+00 0.000000000000000000e+00
3.369757988223113898e+02 3.369757988223113898e+02 3.557257988223113898e+02 1.647579882231136139e+01 1.272579882231136139e+01 3.547257988223113898e+02 3.484757988223113898e+02
0.000000000000000000e+00 0.000000000000000000e+00 0.000000000000000000e+00 0.000000000000000000e+00 0.000000000000000000e+00 0.000000000000000000e+00 0.000000000000000000e+00
3.507095508434875342e+02 3.597095508434875342e+02 3.484595508434875342e+02 3.264595508434875342e+02 3.409595508434875342e+02 5.209550843487534166e+00 2.045955084348753417e+01
3.574764829976078886e+02 3.417264829976078886e+02 3.414764829976078886e+02 3.509764829976078886e+02 3.477264829976078886e+02 3.477264829976078886e+02 3.489764829976078886e+02
3.494923972341636045e+02 3.569923972341636045e+02 3.569923972341636045e+02 3.557423972341636045e+02 3.459923972341636045e+02 3.399923972341636045e+02 3.382423972341636045e+02
3.554429606597980751e+02 3.521929606597980751e+02 3.591929606597980751e+02 3.539429606597980751e+02 3.486929606597980751e+02 3.456929606597980751e+02 3.599429606597980751e+02
3.344728136483324192e+02 3.397228136483324192e+02 3.509728136483324192e+02 3.567228136483324192e+02 3.517228136483324192e+02 3.307228136483324192e+02 3.412228136483324192e+02
2.844286165102158748e+01 3.719286165102158748e+01 3.669286165102158748e+01 5.442861651021587477e+00 3.546928616510215875e+02 3.551928616510215875e+02 3.579428616510215875e+02
0.000000000000000000e+00 0.000000000000000000e+00 0.000000000000000000e+00 0.000000000000000000e+00 0.000000000000000000e+00 0.000000000000000000e+00 0.000000000000000000e+00
3.593698807363559240e+02 3.423698807363559240e+02 2.736988073635592400e+01 3.986988073635592400e+01 5.619880736355924000e+00 3.533698807363559240e+02 3.033698807363559240e+02
0.000000000000000000e+00 0.000000000000000000e+00 0.000000000000000000e+00 0.000000000000000000e+00 0.000000000000000000e+00 0.000000000000000000e+00 0.000000000000000000e+00
0.000000000000000000e+00 0.000000000000000000e+00 0.000000000000000000e+00 0.000000000000000000e+00 0.000000000000000000e+00 0.000000000000000000e+00 0.000000000000000000e+00
3.520603502641448586e+02 3.570603502641448586e+02 2.928103502641448586e+02 3.565603502641448586e+02 3.368103502641448586e+02 3.543103502641448586e+02 3.413103502641448586e+02
6.608987332721198982e-01 1.741089873327211990e+01 3.160898733272119898e+00 3.519108987332721199e+02 3.431608987332721199e+02 3.406608987332721199e+02 3.551608987332721199e+02
3.224276155651428439e+02 3.356776155651428439e+02 3.296776155651428439e+02 3.456776155651428439e+02 3.521776155651428439e+02 3.539276155651428439e+02 3.421776155651428439e+02
1.652109265459637300e+01 2.777109265459637300e+01 2.502109265459637300e+01 5.771092654596372995e+00 2.227109265459637300e+01 3.075210926545963730e+02 3.125210926545963730e+02
0.000000000000000000e+00 0.000000000000000000e+00 0.000000000000000000e+00 0.000000000000000000e+00 0.000000000000000000e+00 0.000000000000000000e+00 0.000000000000000000e+00
4.709304725659762880e+00 7.209304725659762880e+00 2.709304725659762880e+00 3.409593047256597629e+02 3.257093047256597629e+02 3.477093047256597629e+02 9.370930472565976288e+01
0.000000000000000000e+00 0.000000000000000000e+00 0.000000000000000000e+00 0.000000000000000000e+00 0.000000000000000000e+00 0.000000000000000000e+00 0.000000000000000000e+00
3.501630712701570474e+02 3.514130712701570474e+02 3.504130712701570474e+02 3.464130712701570474e+02 3.414130712701570474e+02 3.396630712701570474e+02 3.494130712701570474e+02
6.667094387936060684e+00 5.417094387936060684e+00 3.574170943879360607e+02 3.589170943879360607e+02 3.569170943879360607e+02 3.569170943879360607e+02 3.591670943879360607e+02
1.857522861743922249e+01 1.382522861743922249e+01 3.533252286174392225e+02 3.345752286174392225e+02 3.470752286174392225e+02 3.490752286174392225e+02 3.508252286174392225e+02
3.556962047617465714e+02 3.534462047617465714e+02 3.536962047617465714e+02 3.514462047617465714e+02 3.509462047617465714e+02 3.529462047617465714e+02 3.524462047617465714e+02
3.502259210335041644e+02 3.467259210335041644e+02 3.464759210335041644e+02 3.414759210335041644e+02 3.584759210335041644e+02 3.487259210335041644e+02 6.197592103350416437e+01
4.385105292488674422e+00 5.885105292488674422e+00 3.441351052924886744e+02 3.241351052924886744e+02 3.293851052924886744e+02 3.336351052924886744e+02 1.635105292488674422e+00
3.210472407078397055e+02 3.425472407078397055e+02 3.547972407078397055e+02 3.575472407078397055e+02 3.380472407078397055e+02 3.447972407078397055e+02 3.425472407078397055e+02
3.201356155907367338e+02 3.421356155907367338e+02 3.543856155907367338e+02 3.573856155907367338e+02 3.376356155907367338e+02 3.443856155907367338e+02 3.421356155907367338e+02
0.000000000000000000e+00 0.000000000000000000e+00 0.000000000000000000e+00 0.000000000000000000e+00 0.000000000000000000e+00 0.000000000000000000e+00 0.000000000000000000e+00
3.297736658239041958e+02 3.442736658239041958e+02 3.597736658239041958e+02 3.395236658239041958e+02 3.360236658239041958e+02 3.405236658239041958e+02 3.402736658239041958e+02
0.000000000000000000e+00 0.000000000000000000e+00 0.000000000000000000e+00 0.000000000000000000e+00 0.000000000000000000e+00 0.000000000000000000e+00 0.000000000000000000e+00
1.654815151028452647e+01 9.798151510284526466e+00 3.410481515102845265e+02 3.410481515102845265e+02 3.470481515102845265e+02 3.490481515102845265e+02 3.487981515102845265e+02
0.000000000000000000e+00 0.000000000000000000e+00 0.000000000000000000e+00 0.000000000000000000e+00 0.000000000000000000e+00 0.000000000000000000e+00 0.000000000000000000e+00
3.551118164111233000e+02 3.236118164111233000e+02 3.138618164111233000e+02 3.251118164111233000e+02 3.161181641112329999e+01 2.873618164111233000e+02 3.116118164111233000e+02
0.000000000000000000e+00 0.000000000000000000e+00 0.000000000000000000e+00 0.000000000000000000e+00 0.000000000000000000e+00 0.000000000000000000e+00 0.000000000000000000e+00
0.000000000000000000e+00 0.000000000000000000e+00 0.000000000000000000e+00 0.000000000000000000e+00 0.000000000000000000e+00 0.000000000000000000e+00 0.000000000000000000e+00
2.046008306913614661e+01 1.046008306913614661e+01 3.527100830691361466e+02 3.419600830691361466e+02 3.267100830691361466e+02 3.529600830691361466e+02 9.021008306913614661e+01
3.059454548563926437e+02 2.969454548563926437e+02 2.679454548563926437e+02 2.826954548563926437e+02 3.064454548563926437e+02 3.444454548563926437e+02 3.441954548563926437e+02
3.535513272962685960e+02 3.443013272962685960e+02 3.453013272962685960e+02 3.368013272962685960e+02 3.363013272962685960e+02 3.218013272962685960e+02 3.295513272962685960e+02
0.000000000000000000e+00 0.000000000000000000e+00 0.000000000000000000e+00 0.000000000000000000e+00 0.000000000000000000e+00 0.000000000000000000e+00 0.000000000000000000e+00
4.137187646322161072e+00 3.448871876463221611e+02 3.413871876463221611e+02 3.486371876463221611e+02 3.391371876463221611e+02 3.433871876463221611e+02 2.463718764632216107e+01
0.000000000000000000e+00 0.000000000000000000e+00 0.000000000000000000e+00 0.000000000000000000e+00 0.000000000000000000e+00 0.000000000000000000e+00 0.000000000000000000e+00
0.000000000000000000e+00 0.000000000000000000e+00 0.000000000000000000e+00 0.000000000000000000e+00 0.000000000000000000e+00 0.000000000000000000e+00 0.000000000000000000e+00
3.403409221381321572e+02 3.309092213813215722e+01 2.759092213813215722e+01 3.558409221381321572e+02 4.340922138132157215e+00 1.084092213813215722e+01 1.220909221381321572e+02
0.000000000000000000e+00 0.000000000000000000e+00 0.000000000000000000e+00 0.000000000000000000e+00 0.000000000000000000e+00 0.000000000000000000e+00 0.000000000000000000e+00
1.124607195584979991e+01 1.174607195584979991e+01 3.587460719558497999e+02 3.482460719558497999e+02 3.379960719558497999e+02 3.477460719558497999e+02 3.502460719558497999e+02
2.504259279849924269e+01 4.929259279849924269e+01 3.004259279849924269e+01 3.254259279849924269e+01 1.454259279849924269e+01 3.592925927984992427e+02 3.337925927984992427e+02
4.239946621792626047e+01 4.889946621792626047e+01 2.881494662179262605e+02 1.258994662179262605e+02 2.463994662179262605e+02 3.308994662179262605e+02 3.228994662179262605e+02
3.441097522262191433e+02 3.536097522262191433e+02 3.359752226219171689e+00 3.421097522262191433e+02 3.381097522262191433e+02 4.910975222621917169e+01 5.185975222621917169e+01
3.312844872599424662e+01 2.387844872599424662e+01 4.137844872599424662e+01 3.062844872599424662e+01 9.878448725994246615e+00 5.878448725994246615e+00 1.912844872599424662e+01
0.000000000000000000e+00 0.000000000000000000e+00 0.000000000000000000e+00 0.000000000000000000e+00 0.000000000000000000e+00 0.000000000000000000e+00 0.000000000000000000e+00
7.181199771208866878e+00 2.181199771208866878e+00 3.461811997712088669e+02 3.466811997712088669e+02 3.466811997712088669e+02 3.476811997712088669e+02 3.476811997712088669e+02
3.489085490891273480e+02 9.658549089127347997e+00 2.190854908912734800e+01 3.389085490891273480e+02 3.406585490891273480e+02 3.036585490891273480e+02 3.259085490891273480e+02
1.665752297691915373e+01 6.157522976919153734e+00 3.476575229769191537e+02 3.399075229769191537e+02 3.531575229769191537e+02 3.379075229769191537e+02 3.479075229769191537e+02
1.572726362819201995e+01 2.547726362819201995e+01 7.227263628192019951e+00 6.227263628192019951e+00 2.897726362819201995e+01 1.472726362819201995e+01 4.477263628192019951e+00
1.434581973262930887e+01 1.659581973262930887e+01 1.309581973262930887e+01 3.565958197326293089e+02 3.188458197326293089e+02 3.245958197326293089e+02 2.813458197326293089e+02
1.423845794598923931e+01 1.648845794598923931e+01 1.248845794598923931e+01 3.567384579459892393e+02 3.184884579459892393e+02 3.244884579459892393e+02 2.817384579459892393e+02
3.597073889081779043e+02 3.537073889081779043e+02 3.519573889081779043e+02 3.482073889081779043e+02 3.479573889081779043e+02 3.337073889081779043e+02 2.620738890817790434e+01
0.000000000000000000e+00 0.000000000000000000e+00 0.000000000000000000e+00 0.000000000000000000e+00 0.000000000000000000e+00 0.000000000000000000e+00 0.000000000000000000e+00
0.000000000000000000e+00 0.000000000000000000e+00 0.000000000000000000e+00 0.000000000000000000e+00 0.000000000000000000e+00 0.000000000000000000e+00 0.000000000000000000e+00
0.000000000000000000e+00 0.000000000000000000e+00 0.000000000000000000e+00 0.000000000000000000e+00 0.000000000000000000e+00 0.000000000000000000e+00 0.000000000000000000e+00
1.726200968494833887e+01 1.026200968494833887e+01 3.300120096849483389e+02 2.625120096849483389e+02 2.535120096849483389e+02 2.480120096849483389e+02 3.297620096849483389e+02
2.745458671195456191e+01 2.070458671195456191e+01 3.212045867119545619e+02 3.070458671195456191e+01 4.670458671195456191e+01 5.945458671195456191e+01 3.445458671195456191e+01
1.279329888434062923e+00 3.392793298884340629e+02 3.547793298884340629e+02 3.507793298884340629e+02 7.793298884340629229e-01 3.597793298884340629e+02 3.467793298884340629e+02
0.000000000000000000e+00 0.000000000000000000e+00 0.000000000000000000e+00 0.000000000000000000e+00 0.000000000000000000e+00 0.000000000000000000e+00 0.000000000000000000e+00
3.544291144776610736e+02 3.469291144776610736e+02 3.479291144776610736e+02 3.469291144776610736e+02 3.514291144776610736e+02 5.179114477661073579e+00 1.192911447766107358e+01
3.560263720963000083e+02 3.505263720963000083e+02 3.270263720963000083e+02 3.502763720963000083e+02 3.532763720963000083e+02 3.447763720963000083e+02 3.397763720963000083e+02
3.004118790448768550e+01 4.979118790448768550e+01 6.904118790448768550e+01 3.292911879044876855e+02 3.045411879044876855e+02 3.402911879044876855e+02 3.315411879044876855e+02
2.043108345112290749e+02 2.693108345112290749e+02 2.170608345112290749e+02 1.950608345112290749e+02 3.158108345112290749e+02 1.683108345112290749e+02 1.323108345112290749e+02
3.284562436369216130e+02 3.409562436369216130e+02 3.509562436369216130e+02 9.706243636921612961e+00 1.695624363692161296e+01 9.956243636921612961e+00 3.452062436369216130e+02
3.560006387886449488e+02 3.525006387886449488e+02 1.500638788644948818e+00 1.250063878864494882e+01 1.675063878864494882e+01 6.000638788644948818e+00 3.427506387886449488e+02
1.243603564526551963e+01 3.581860356452655196e+02 4.360356452655196335e-01 3.399360356452655196e+02 3.466860356452655196e+02 3.581860356452655196e+02 3.411860356452655196e+02
5.557494327695690117e+01 8.574943276956901173e+00 7.494327695690117253e-02 3.370749432769569012e+02 5.132494327695690117e+01 4.882494327695690117e+01 3.230749432769569012e+02
3.899617843096791603e+00 3.496496178430967916e+02 3.453996178430967916e+02 3.373996178430967916e+02 3.491496178430967916e+02 3.361496178430967916e+02 3.371496178430967916e+02
1.180400512633241306e+01 3.580540051263324131e+02 5.554005126332413056e+00 3.588040051263324131e+02 3.410540051263324131e+02 2.054005126332413056e+00 5.554005126332413056e+00
0.000000000000000000e+00 0.000000000000000000e+00 0.000000000000000000e+00 0.000000000000000000e+00 0.000000000000000000e+00 0.000000000000000000e+00 0.000000000000000000e+00
3.382817903589966591e+02 3.430317903589966591e+02 3.405317903589966591e+02 3.342817903589966591e+02 4.281790358996659052e+00 3.320317903589966591e+02 6.281790358996659052e+00
2.335298320855565635e+01 5.185298320855565635e+01 1.135298320855565635e+01 7.602983208555656347e+00 9.102983208555656347e+00 5.102983208555656347e+00 5.102983208555656347e+00
2.299772646290421108e+00 8.549772646290421108e+00 7.299772646290421108e+00 3.562997726462904211e+02 3.515497726462904211e+02 3.587997726462904211e+02 6.299772646290421108e+00
3.485797898537848027e+02 3.493297898537848027e+02 3.568297898537848027e+02 3.543297898537848027e+02 3.465797898537848027e+02 3.395797898537848027e+02 3.518297898537848027e+02
7.324903479675901963e+01 6.774903479675901963e+01 6.724903479675901963e+01 5.924903479675901963e+01 6.499034796759019628e+00 3.449990347967590196e+02 3.497490347967590196e+02
0.000000000000000000e+00 0.000000000000000000e+00 0.000000000000000000e+00 0.000000000000000000e+00 0.000000000000000000e+00 0.000000000000000000e+00 0.000000000000000000e+00
0.000000000000000000e+00 0.000000000000000000e+00 0.000000000000000000e+00 0.000000000000000000e+00 0.000000000000000000e+00 0.000000000000000000e+00 0.000000000000000000e+00
3.525735810440553450e+02 3.550735810440553450e+02 3.573235810440553450e+02 3.595735810440553450e+02 3.573235810440553450e+02 3.548235810440553450e+02 3.433235810440553450e+02
0.000000000000000000e+00 0.000000000000000000e+00 0.000000000000000000e+00 0.000000000000000000e+00 0.000000000000000000e+00 0.000000000000000000e+00 0.000000000000000000e+00
2.416447303159543480e+00 6.666447303159543480e+00 3.476664473031595435e+02 3.324164473031595435e+02 3.379164473031595435e+02 6.666447303159543480e+00 3.406664473031595435e+02
0.000000000000000000e+00 0.000000000000000000e+00 0.000000000000000000e+00 0.000000000000000000e+00 0.000000000000000000e+00 0.000000000000000000e+00 0.000000000000000000e+00
0.000000000000000000e+00 0.000000000000000000e+00 0.000000000000000000e+00 0.000000000000000000e+00 0.000000000000000000e+00 0.000000000000000000e+00 0.000000000000000000e+00
0.000000000000000000e+00 0.000000000000000000e+00 0.000000000000000000e+00 0.000000000000000000e+00 0.000000000000000000e+00 0.000000000000000000e+00 0.000000000000000000e+00
0.000000000000000000e+00 0.000000000000000000e+00 0.000000000000000000e+00 0.000000000000000000e+00 0.000000000000000000e+00 0.000000000000000000e+00 0.000000000000000000e+00
0.000000000000000000e+00 0.000000000000000000e+00 0.000000000000000000e+00 0.000000000000000000e+00 0.000000000000000000e+00 0.000000000000000000e+00 0.000000000000000000e+00
0.000000000000000000e+00 0.000000000000000000e+00 0.000000000000000000e+00 0.000000000000000000e+00 0.000000000000000000e+00 0.000000000000000000e+00 0.000000000000000000e+00
0.000000000000000000e+00 0.000000000000000000e+00 0.000000000000000000e+00 0.000000000000000000e+00 0.000000000000000000e+00 0.000000000000000000e+00 0.000000000000000000e+00
0.000000000000000000e+00 0.000000000000000000e+00 0.000000000000000000e+00 0.000000000000000000e+00 0.000000000000000000e+00 0.000000000000000000e+00 0.000000000000000000e+00
0.000000000000000000e+00 0.000000000000000000e+00 0.000000000000000000e+00 0.000000000000000000e+00 0.000000000000000000e+00 0.000000000000000000e+00 0.000000000000000000e+00
0.000000000000000000e+00 0.000000000000000000e+00 0.000000000000000000e+00 0.000000000000000000e+00 0.000000000000000000e+00 0.000000000000000000e+00 0.000000000000000000e+00
0.000000000000000000e+00 0.000000000000000000e+00 0.000000000000000000e+00 0.000000000000000000e+00 0.000000000000000000e+00 0.000000000000000000e+00 0.000000000000000000e+00
0.000000000000000000e+00 0.000000000000000000e+00 0.000000000000000000e+00 0.000000000000000000e+00 0.000000000000000000e+00 0.000000000000000000e+00 0.000000000000000000e+00
0.000000000000000000e+00 0.000000000000000000e+00 0.000000000000000000e+00 0.000000000000000000e+00 0.000000000000000000e+00 0.000000000000000000e+00 0.000000000000000000e+00
0.000000000000000000e+00 0.000000000000000000e+00 0.000000000000000000e+00 0.000000000000000000e+00 0.000000000000000000e+00 0.000000000000000000e+00 0.000000000000000000e+00
0.000000000000000000e+00 0.000000000000000000e+00 0.000000000000000000e+00 0.000000000000000000e+00 0.000000000000000000e+00 0.000000000000000000e+00 0.000000000000000000e+00
0.000000000000000000e+00 0.000000000000000000e+00 0.000000000000000000e+00 0.000000000000000000e+00 0.000000000000000000e+00 0.000000000000000000e+00 0.000000000000000000e+00
0.000000000000000000e+00 0.000000000000000000e+00 0.000000000000000000e+00 0.000000000000000000e+00 0.000000000000000000e+00 0.000000000000000000e+00 0.000000000000000000e+00
0.000000000000000000e+00 0.000000000000000000e+00 0.000000000000000000e+00 0.000000000000000000e+00 0.000000000000000000e+00 0.000000000000000000e+00 0.000000000000000000e+00
0.000000000000000000e+00 0.000000000000000000e+00 0.000000000000000000e+00 0.000000000000000000e+00 0.000000000000000000e+00 0.000000000000000000e+00 0.000000000000000000e+00
0.000000000000000000e+00 0.000000000000000000e+00 0.000000000000000000e+00 0.000000000000000000e+00 0.000000000000000000e+00 0.000000000000000000e+00 0.000000000000000000e+00
0.000000000000000000e+00 0.000000000000000000e+00 0.000000000000000000e+00 0.000000000000000000e+00 0.000000000000000000e+00 0.000000000000000000e+00 0.000000000000000000e+00
0.000000000000000000e+00 0.000000000000000000e+00 0.000000000000000000e+00 0.000000000000000000e+00 0.000000000000000000e+00 0.000000000000000000e+00 0.000000000000000000e+00
0.000000000000000000e+00 0.000000000000000000e+00 0.000000000000000000e+00 0.000000000000000000e+00 0.000000000000000000e+00 0.000000000000000000e+00 0.000000000000000000e+00
0.000000000000000000e+00 0.000000000000000000e+00 0.000000000000000000e+00 0.000000000000000000e+00 0.000000000000000000e+00 0.000000000000000000e+00 0.000000000000000000e+00
0.000000000000000000e+00 0.000000000000000000e+00 0.000000000000000000e+00 0.000000000000000000e+00 0.000000000000000000e+00 0.000000000000000000e+00 0.000000000000000000e+00
0.000000000000000000e+00 0.000000000000000000e+00 0.000000000000000000e+00 0.000000000000000000e+00 0.000000000000000000e+00 0.000000000000000000e+00 0.000000000000000000e+00
0.000000000000000000e+00 0.000000000000000000e+00 0.000000000000000000e+00 0.000000000000000000e+00 0.000000000000000000e+00 0.000000000000000000e+00 0.000000000000000000e+00
0.000000000000000000e+00 0.000000000000000000e+00 0.000000000000000000e+00 0.000000000000000000e+00 0.000000000000000000e+00 0.000000000000000000e+00 0.000000000000000000e+00
0.000000000000000000e+00 0.000000000000000000e+00 0.000000000000000000e+00 0.000000000000000000e+00 0.000000000000000000e+00 0.000000000000000000e+00 0.000000000000000000e+00
0.000000000000000000e+00 0.000000000000000000e+00 0.000000000000000000e+00 0.000000000000000000e+00 0.000000000000000000e+00 0.000000000000000000e+00 0.000000000000000000e+00
0.000000000000000000e+00 0.000000000000000000e+00 0.000000000000000000e+00 0.000000000000000000e+00 0.000000000000000000e+00 0.000000000000000000e+00 0.000000000000000000e+00
0.000000000000000000e+00 0.000000000000000000e+00 0.000000000000000000e+00 0.000000000000000000e+00 0.000000000000000000e+00 0.000000000000000000e+00 0.000000000000000000e+00
0.000000000000000000e+00 0.000000000000000000e+00 0.000000000000000000e+00 0.000000000000000000e+00 0.000000000000000000e+00 0.000000000000000000e+00 0.000000000000000000e+00
0.000000000000000000e+00 0.000000000000000000e+00 0.000000000000000000e+00 0.000000000000000000e+00 0.000000000000000000e+00 0.000000000000000000e+00 0.000000000000000000e+00
0.000000000000000000e+00 0.000000000000000000e+00 0.000000000000000000e+00 0.000000000000000000e+00 0.000000000000000000e+00 0.000000000000000000e+00 0.000000000000000000e+00
0.000000000000000000e+00 0.000000000000000000e+00 0.000000000000000000e+00 0.000000000000000000e+00 0.000000000000000000e+00 0.000000000000000000e+00 0.000000000000000000e+00
0.000000000000000000e+00 0.000000000000000000e+00 0.000000000000000000e+00 0.000000000000000000e+00 0.000000000000000000e+00 0.000000000000000000e+00 0.000000000000000000e+00
0.000000000000000000e+00 0.000000000000000000e+00 0.000000000000000000e+00 0.000000000000000000e+00 0.000000000000000000e+00 0.000000000000000000e+00 0.000000000000000000e+00
0.000000000000000000e+00 0.000000000000000000e+00 0.000000000000000000e+00 0.000000000000000000e+00 0.000000000000000000e+00 0.000000000000000000e+00 0.000000000000000000e+00
0.000000000000000000e+00 0.000000000000000000e+00 0.000000000000000000e+00 0.000000000000000000e+00 0.000000000000000000e+00 0.000000000000000000e+00 0.000000000000000000e+00
0.000000000000000000e+00 0.000000000000000000e+00 0.000000000000000000e+00 0.000000000000000000e+00 0.000000000000000000e+00 0.000000000000000000e+00 0.000000000000000000e+00
0.000000000000000000e+00 0.000000000000000000e+00 0.000000000000000000e+00 0.000000000000000000e+00 0.000000000000000000e+00 0.000000000000000000e+00 0.000000000000000000e+00
0.000000000000000000e+00 0.000000000000000000e+00 0.000000000000000000e+00 0.000000000000000000e+00 0.000000000000000000e+00 0.000000000000000000e+00 0.000000000000000000e+00
0.000000000000000000e+00 0.000000000000000000e+00 0.000000000000000000e+00 0.000000000000000000e+00 0.000000000000000000e+00 0.000000000000000000e+00 0.000000000000000000e+00
0.000000000000000000e+00 0.000000000000000000e+00 0.000000000000000000e+00 0.000000000000000000e+00 0.000000000000000000e+00 0.000000000000000000e+00 0.000000000000000000e+00
0.000000000000000000e+00 0.000000000000000000e+00 0.000000000000000000e+00 0.000000000000000000e+00 0.000000000000000000e+00 0.000000000000000000e+00 0.000000000000000000e+00
0.000000000000000000e+00 0.000000000000000000e+00 0.000000000000000000e+00 0.000000000000000000e+00 0.000000000000000000e+00 0.000000000000000000e+00 0.000000000000000000e+00
0.000000000000000000e+00 0.000000000000000000e+00 0.000000000000000000e+00 0.000000000000000000e+00 0.000000000000000000e+00 0.000000000000000000e+00 0.000000000000000000e+00
0.000000000000000000e+00 0.000000000000000000e+00 0.000000000000000000e+00 0.000000000000000000e+00 0.000000000000000000e+00 0.000000000000000000e+00 0.000000000000000000e+00
0.000000000000000000e+00 0.000000000000000000e+00 0.000000000000000000e+00 0.000000000000000000e+00 0.000000000000000000e+00 0.000000000000000000e+00 0.000000000000000000e+00
0.000000000000000000e+00 0.000000000000000000e+00 0.000000000000000000e+00 0.000000000000000000e+00 0.000000000000000000e+00 0.000000000000000000e+00 0.000000000000000000e+00
0.000000000000000000e+00 0.000000000000000000e+00 0.000000000000000000e+00 0.000000000000000000e+00 0.000000000000000000e+00 0.000000000000000000e+00 0.000000000000000000e+00
0.000000000000000000e+00 0.000000000000000000e+00 0.000000000000000000e+00 0.000000000000000000e+00 0.000000000000000000e+00 0.000000000000000000e+00 0.000000000000000000e+00
0.000000000000000000e+00 0.000000000000000000e+00 0.000000000000000000e+00 0.000000000000000000e+00 0.000000000000000000e+00 0.000000000000000000e+00 0.000000000000000000e+00
0.000000000000000000e+00 0.000000000000000000e+00 0.000000000000000000e+00 0.000000000000000000e+00 0.000000000000000000e+00 0.000000000000000000e+00 0.000000000000000000e+00
0.000000000000000000e+00 0.000000000000000000e+00 0.000000000000000000e+00 0.000000000000000000e+00 0.000000000000000000e+00 0.000000000000000000e+00 0.000000000000000000e+00
0.000000000000000000e+00 0.000000000000000000e+00 0.000000000000000000e+00 0.000000000000000000e+00 0.000000000000000000e+00 0.000000000000000000e+00 0.000000000000000000e+00
0.000000000000000000e+00 0.000000000000000000e+00 0.000000000000000000e+00 0.000000000000000000e+00 0.000000000000000000e+00 0.000000000000000000e+00 0.000000000000000000e+00
0.000000000000000000e+00 0.000000000000000000e+00 0.000000000000000000e+00 0.000000000000000000e+00 0.000000000000000000e+00 0.000000000000000000e+00 0.000000000000000000e+00
0.000000000000000000e+00 0.000000000000000000e+00 0.000000000000000000e+00 0.000000000000000000e+00 0.000000000000000000e+00 0.000000000000000000e+00 0.000000000000000000e+00
0.000000000000000000e+00 0.000000000000000000e+00 0.000000000000000000e+00 0.000000000000000000e+00 0.000000000000000000e+00 0.000000000000000000e+00 0.000000000000000000e+00
0.000000000000000000e+00 0.000000000000000000e+00 0.000000000000000000e+00 0.000000000000000000e+00 0.000000000000000000e+00 0.000000000000000000e+00 0.000000000000000000e+00
0.000000000000000000e+00 0.000000000000000000e+00 0.000000000000000000e+00 0.000000000000000000e+00 0.000000000000000000e+00 0.000000000000000000e+00 0.000000000000000000e+00
0.000000000000000000e+00 0.000000000000000000e+00 0.000000000000000000e+00 0.000000000000000000e+00 0.000000000000000000e+00 0.000000000000000000e+00 0.000000000000000000e+00
0.000000000000000000e+00 0.000000000000000000e+00 0.000000000000000000e+00 0.000000000000000000e+00 0.000000000000000000e+00 0.000000000000000000e+00 0.000000000000000000e+00
0.000000000000000000e+00 0.000000000000000000e+00 0.000000000000000000e+00 0.000000000000000000e+00 0.000000000000000000e+00 0.000000000000000000e+00 0.000000000000000000e+00
0.000000000000000000e+00 0.000000000000000000e+00 0.000000000000000000e+00 0.000000000000000000e+00 0.000000000000000000e+00 0.000000000000000000e+00 0.000000000000000000e+00
0.000000000000000000e+00 0.000000000000000000e+00 0.000000000000000000e+00 0.000000000000000000e+00 0.000000000000000000e+00 0.000000000000000000e+00 0.000000000000000000e+00
0.000000000000000000e+00 0.000000000000000000e+00 0.000000000000000000e+00 0.000000000000000000e+00 0.000000000000000000e+00 0.000000000000000000e+00 0.000000000000000000e+00
0.000000000000000000e+00 0.000000000000000000e+00 0.000000000000000000e+00 0.000000000000000000e+00 0.000000000000000000e+00 0.000000000000000000e+00 0.000000000000000000e+00
0.000000000000000000e+00 0.000000000000000000e+00 0.000000000000000000e+00 0.000000000000000000e+00 0.000000000000000000e+00 0.000000000000000000e+00 0.000000000000000000e+00
0.000000000000000000e+00 0.000000000000000000e+00 0.000000000000000000e+00 0.000000000000000000e+00 0.000000000000000000e+00 0.000000000000000000e+00 0.000000000000000000e+00
0.000000000000000000e+00 0.000000000000000000e+00 0.000000000000000000e+00 0.000000000000000000e+00 0.000000000000000000e+00 0.000000000000000000e+00 0.000000000000000000e+00
0.000000000000000000e+00 0.000000000000000000e+00 0.000000000000000000e+00 0.000000000000000000e+00 0.000000000000000000e+00 0.000000000000000000e+00 0.000000000000000000e+00
