3.053359715236967986e+01 3.437835971523696799e+02 3.177835971523696799e+02 3.147835971523696799e+02 3.435335971523696799e+02 1.153359715236967986e+01 2.478359715236967986e+01
3.581114641619319627e+02 3.546114641619319627e+02 3.433614641619319627e+02 3.611464161931962735e+00 7.861464161931962735e+00 3.614641619319627353e-01 3.546114641619319627e+02
3.249773205920917007e+01 3.427477320592091701e+02 3.747732059209170075e+00 9.747732059209170075e+00 2.997732059209170075e+00 2.247732059209170075e+00 3.549977320592091701e+02
6.551231663081466650e+00 1.180123166308146665e+01 4.301231663081466650e+00 3.585512316630814666e+02 3.570512316630814666e+02 4.051231663081466650e+00 6.155123166308146665e+01
3.588723399266222600e+02 8.723399266222600090e-01 3.568723399266222600e+02 3.561223399266222600e+02 3.581223399266222600e+02 2.122339926622260009e+00 1.687233992662226001e+01
2.259382816658205684e+01 8.438281665820568378e-01 3.398438281665820568e+02 3.473438281665820568e+02 3.595938281665820568e+02 1.159382816658205684e+01 5.093828166582056838e+00
4.229328579522967857e+01 4.793285795229678570e+00 3.490432857952296786e+02 1.279328579522967857e+01 3.530432857952296786e+02 3.537932857952296786e+02 1.043285795229678570e+00
3.543641130896733102e+02 1.536411308967331024e+01 4.361411308967331024e+01 4.511411308967331024e+01 3.686411308967331024e+01 9.364113089673310242e+00 4.114113089673310242e+00
0.000000000000000000e+00 0.000000000000000000e+00 0.000000000000000000e+00 0.000000000000000000e+00 0.000000000000000000e+00 0.000000000000000000e+00 0.000000000000000000e+00
3.863808071250315379e+01 1.588808071250315379e+01 3.551380807125031538e+02 3.521380807125031538e+02 3.531380807125031538e+02 3.598880807125031538e+02 3.526380807125031538e+02
3.453068686866960206e+02 1.405686868669602063e+01 3.445568686866960206e+02 3.405568686866960206e+02 3.513068686866960206e+02 3.443068686866960206e+02 4.130686868669602063e+01
5.366258096575086256e+01 2.174125809657508626e+02 2.061625809657508626e+02 6.016258096575086256e+01 2.459125809657508626e+02 1.016258096575086256e+01 2.159125809657508626e+02
1.765973441150373446e+01 3.456597344115037345e+02 8.909734411503734464e+00 1.315973441150373446e+01 1.090973441150373446e+01 1.065973441150373446e+01 8.409734411503734464e+00
0.000000000000000000e+00 0.000000000000000000e+00 0.000000000000000000e+00 0.000000000000000000e+00 0.000000000000000000e+00 0.000000000000000000e+00 0.000000000000000000e+00
3.549493350140583630e+02 3.474493350140583630e+02 3.536993350140583630e+02 4.949335014058362958e+00 1.444933501405836296e+01 1.944933501405836296e+01 1.194933501405836296e+01
0.000000000000000000e+00 0.000000000000000000e+00 0.000000000000000000e+00 0.000000000000000000e+00 0.000000000000000000e+00 0.000000000000000000e+00 0.000000000000000000e+00
0.000000000000000000e+00 0.000000000000000000e+00 0.000000000000000000e+00 0.000000000000000000e+00 0.000000000000000000e+00 0.000000000000000000e+00 0.000000000000000000e+00
0.000000000000000000e+00 0.000000000000000000e+00 0.000000000000000000e+00 0.000000000000000000e+00 0.000000000000000000e+00 0.000000000000000000e+00 0.000000000000000000e+00
0.000000000000000000e+00 0.000000000000000000e+00 0.000000000000000000e+00 0.000000000000000000e+00 0.000000000000000000e+00 0.000000000000000000e+00 0.000000000000000000e+00
0.000000000000000000e+00 0.000000000000000000e+00 0.000000000000000000e+00 0.000000000000000000e+00 0.000000000000000000e+00 0.000000000000000000e+00 0.000000000000000000e+00
2.073548673094217065e+01 1.148548673094217065e+01 1.073548673094217065e+01 1.298548673094217065e+01 1.973548673094217065e+01 3.154854867309421707e+02 3.192354867309421707e+02
3.593051862853495777e+02 3.565551862853495777e+02 3.598051862853495777e+02 4.305186285349577702e+00 3.805186285349577702e+00 3.555551862853495777e+02 5.551862853495777017e-01
2.062667301158194277e+01 1.212667301158194277e+01 1.126673011581942774e+00 3.376673011581942774e+00 2.126673011581942774e+00 1.126673011581942774e+00 1.266730115819427738e-01
1.043221985297719812e+01 3.569322198529771981e+02 3.389322198529771981e+02 3.569322198529771981e+02 1.932219852977198116e+00 5.432219852977198116e+00 4.322198529771981157e-01
1.333091823716074487e+01 3.328309182371607449e+02 3.415809182371607449e+02 3.528309182371607449e+02 2.080918237160744866e+00 3.520809182371607449e+02 3.498309182371607449e+02
3.583997091111090754e+02 2.389970911110907537e+01 1.399709111109075366e+00 4.399709111109075366e+00 3.576497091111090754e+02 1.439970911110907537e+01 2.214970911110907537e+01
2.224384999522357020e+01 2.249384999522357020e+01 8.493849995223570204e+00 1.749384999522357020e+01 9.493849995223570204e+00 6.243849995223570204e+00 2.424384999522357020e+01
0.000000000000000000e+00 0.000000000000000000e+00 0.000000000000000000e+00 0.000000000000000000e+00 0.000000000000000000e+00 0.000000000000000000e+00 0.000000000000000000e+00
1.993465205053377076e+01 1.943465205053377076e+01 9.346520505337707618e-01 1.818465205053377076e+01 3.934652050533770762e+00 2.543465205053377076e+01 2.768465205053377076e+01
9.031602831210153681e+01 1.745660283121015368e+02 1.933160283121015368e+02 2.035660283121015368e+02 1.448160283121015368e+02 3.513160283121015368e+02 2.540660283121015368e+02
2.569723746890144866e+01 1.694723746890144866e+01 2.019723746890144866e+01 2.719723746890144866e+01 1.044723746890144866e+01 1.744723746890144866e+01 3.571972374689014487e+02
8.598579623920670656e+00 5.348579623920670656e+00 2.848579623920670656e+00 5.098579623920670656e+00 1.709857962392067066e+01 3.359857962392067066e+01 2.059857962392067066e+01
0.000000000000000000e+00 0.000000000000000000e+00 0.000000000000000000e+00 0.000000000000000000e+00 0.000000000000000000e+00 0.000000000000000000e+00 0.000000000000000000e+00
1.304931147633601540e+01 3.587993114763360154e+02 3.512993114763360154e+02 9.299311476336015403e+00 9.799311476336015403e+00 5.549311476336015403e+00 8.799311476336015403e+00
3.568527994888261219e+02 3.536027994888261219e+02 1.710279948882612189e+01 5.352799488826121888e+00 3.523527994888261219e+02 3.446027994888261219e+02 2.602799488826121888e+00
3.587906033355297950e+02 3.590406033355297950e+02 3.480406033355297950e+02 3.492906033355297950e+02 3.260406033355297950e+02 2.395406033355297666e+02 2.217906033355297666e+02
8.071776594793732329e+00 3.490717765947937323e+02 3.418217765947937323e+02 3.148217765947937323e+02 3.373217765947937323e+02 3.473217765947937323e+02 3.395717765947937323e+02
9.663620480794406831e+00 3.239136204807944068e+02 3.531636204807944068e+02 1.669136204807944068e+02 1.741636204807944068e+02 5.241362048079440683e+01 2.966362048079440683e+01
1.468944528641623037e+01 7.318944528641623037e+01 4.893944528641623037e+01 1.168944528641623037e+01 1.343944528641623037e+01 1.689445286416230374e+00 3.589394452864162304e+02
