3.594592704734392328e+02 3.322092704734392328e+02 3.532092704734392328e+02 3.452092704734392328e+02 2.827092704734392328e+02 3.072092704734392328e+02 2.045927047343921856e+01
3.541202912912014540e+02 3.538702912912014540e+02 3.471202912912014540e+02 3.503702912912014540e+02 3.513702912912014540e+02 3.521202912912014540e+02 3.546202912912014540e+02
3.535381085843238225e+02 3.557881085843238225e+02 2.538108584323850891e+00 7.538108584323850891e+00 5.788108584323850891e+00 4.788108584323850891e+00 3.038108584323850891e+00
3.587648848853350501e+02 1.488488533505005762e-02 2.514884885335050058e+00 3.264884885335050058e+00 3.572648848853350501e+02 3.465148848853350501e+02 3.460148848853350501e+02
3.583368241791993114e+02 1.336824179199311402e+00 3.836824179199311402e+00 5.868241791993114020e-01 3.523368241791993114e+02 3.363368241791993114e+02 3.353368241791993114e+02
8.903322711148007329e-01 3.596403322711148007e+02 3.581403322711148007e+02 3.568903322711148007e+02 3.581403322711148007e+02 3.593903322711148007e+02 4.890332271114800733e+00
8.518652759516328388e+00 1.201865275951632839e+01 1.676865275951632839e+01 2.151865275951632839e+01 2.876865275951632839e+01 3.176865275951632839e+01 3.165186527595163284e+02
1.895452529411284104e+01 1.645452529411284104e+01 1.420452529411284104e+01 6.704525294112841038e+00 6.204525294112841038e+00 2.995452529411284104e+01 2.745452529411284104e+01
0.000000000000000000e+00 0.000000000000000000e+00 0.000000000000000000e+00 0.000000000000000000e+00 0.000000000000000000e+00 0.000000000000000000e+00 0.000000000000000000e+00
3.556783409517744303e+02 3.594283409517744303e+02 8.428340951774430323e+00 6.928340951774430323e+00 3.561783409517744303e+02 3.464283409517744303e+02 3.581783409517744303e+02
1.411534901765929817e+01 1.136534901765929817e+01 9.115349017659298170e+00 2.615349017659298170e+00 3.341153490176592982e+02 2.865349017659298170e+00 3.036534901765929817e+01
9.935334432301488050e-01 9.243533443230148805e+00 2.124353344323014881e+01 4.224353344323014881e+01 6.474353344323014881e+01 1.449353344323014881e+01 1.749353344323014881e+01
2.224579194496590162e+01 2.349579194496590162e+01 1.674579194496590162e+01 3.374957919449659016e+02 3.217457919449659016e+02 3.312457919449659016e+02 3.419957919449659016e+02
0.000000000000000000e+00 0.000000000000000000e+00 0.000000000000000000e+00 0.000000000000000000e+00 0.000000000000000000e+00 0.000000000000000000e+00 0.000000000000000000e+00
3.569188222120400269e+02 3.559188222120400269e+02 3.556688222120400269e+02 3.559188222120400269e+02 3.559188222120400269e+02 3.561688222120400269e+02 3.564188222120400269e+02
0.000000000000000000e+00 0.000000000000000000e+00 0.000000000000000000e+00 0.000000000000000000e+00 0.000000000000000000e+00 0.000000000000000000e+00 0.000000000000000000e+00
0.000000000000000000e+00 0.000000000000000000e+00 0.000000000000000000e+00 0.000000000000000000e+00 0.000000000000000000e+00 0.000000000000000000e+00 0.000000000000000000e+00
0.000000000000000000e+00 0.000000000000000000e+00 0.000000000000000000e+00 0.000000000000000000e+00 0.000000000000000000e+00 0.000000000000000000e+00 0.000000000000000000e+00
0.000000000000000000e+00 0.000000000000000000e+00 0.000000000000000000e+00 0.000000000000000000e+00 0.000000000000000000e+00 0.000000000000000000e+00 0.000000000000000000e+00
0.000000000000000000e+00 0.000000000000000000e+00 0.000000000000000000e+00 0.000000000000000000e+00 0.000000000000000000e+00 0.000000000000000000e+00 0.000000000000000000e+00
1.290425307247994624e+01 1.015425307247994624e+01 7.654253072479946240e+00 1.542530724799462405e-01 4.654253072479946240e+00 1.015425307247994624e+01 3.409042530724799462e+02
3.599497270614855324e+02 1.997270614855324311e-01 3.581997270614855324e+02 3.521997270614855324e+02 3.481997270614855324e+02 3.214497270614855324e+02 3.429497270614855324e+02
3.517987880400709741e+02 3.550487880400709741e+02 3.532987880400709741e+02 3.497987880400709741e+02 3.405487880400709741e+02 3.442987880400709741e+02 3.482987880400709741e+02
7.384646074245893033e-01 3.594884646074245893e+02 3.599884646074245893e+02 2.384646074245893033e-01 3.567384646074245893e+02 7.384646074245893033e-01 2.488464607424589303e+00
3.543270997798985036e+02 5.770997798985035843e-01 8.327099779898503584e+00 1.432709977989850358e+01 3.577099779898503584e+00 3.453270997798985036e+02 3.543270997798985036e+02
5.354277347073434612e+00 3.583542773470734346e+02 3.568542773470734346e+02 3.541042773470734346e+02 3.563542773470734346e+02 1.354277347073434612e+00 3.428542773470734346e+02
3.261309475314618567e+00 3.582613094753146470e+02 3.477613094753146470e+02 3.297613094753146470e+02 3.362613094753146470e+02 3.575113094753146470e+02 3.580113094753146470e+02
0.000000000000000000e+00 0.000000000000000000e+00 0.000000000000000000e+00 0.000000000000000000e+00 0.000000000000000000e+00 0.000000000000000000e+00 0.000000000000000000e+00
3.597886561715836820e+02 3.582886561715836820e+02 3.555386561715836820e+02 3.557886561715836820e+02 3.560386561715836820e+02 3.495386561715836820e+02 3.492886561715836820e+02
1.971695348829172190e+00 4.471695348829172190e+00 1.447169534882917219e+01 4.097169534882917219e+01 6.822169534882914377e+01 6.972169534882914377e+01 4.422169534882914377e+01
4.169691548366756706e+00 3.919691548366756706e+00 1.419691548366756706e+00 2.419691548366756706e+00 1.041969154836675671e+01 3.494196915483667567e+02 3.436696915483667567e+02
4.232173460139307508e+00 1.732173460139307508e+00 3.449821734601392791e+02 3.564821734601392791e+02 3.594821734601392791e+02 5.982173460139307508e+00 4.482173460139307508e+00
0.000000000000000000e+00 0.000000000000000000e+00 0.000000000000000000e+00 0.000000000000000000e+00 0.000000000000000000e+00 0.000000000000000000e+00 0.000000000000000000e+00
3.492097727980230957e+02 3.539597727980230957e+02 3.459772798023095675e+00 3.494597727980230957e+02 3.534597727980230957e+02 3.572097727980230957e+02 3.569597727980230957e+02
3.568621110067138602e+02 3.576121110067138602e+02 3.576121110067138602e+02 3.548621110067138602e+02 3.501121110067138602e+02 3.448621110067138602e+02 3.581121110067138602e+02
4.186308432365063936e+01 5.686308432365063936e+01 6.611308432365063936e+01 1.661308432365063936e+01 1.113084323650639362e+00 3.496130843236506394e+02 2.036308432365063936e+01
3.558272994108186253e+02 3.550772994108186253e+02 3.570772994108186253e+02 3.565772994108186253e+02 3.520772994108186253e+02 2.827299410818625347e+00 5.327299410818625347e+00
1.362374796488217044e+01 1.437374796488217044e+01 2.612374796488217044e+01 2.937374796488217044e+01 3.737479648821704359e-01 3.408737479648821704e+02 1.373747964882170436e+00
2.865446582844469958e+01 1.915446582844469958e+01 3.615446582844469958e+01 1.940446582844469958e+01 4.615446582844469958e+01 6.215446582844469958e+01 6.140446582844469958e+01
