3.541557910786453363e+02 3.389057910786453363e+02 3.124057910786453363e+02 3.579057910786453363e+02 4.290579107864533626e+01 4.540579107864533626e+01 4.890579107864533626e+01
8.143589255449512621e+00 6.893589255449512621e+00 4.143589255449512621e+00 3.581435892554495126e+02 3.528935892554495126e+02 3.143589255449512621e+00 8.935892554495126205e-01
1.581630697812869357e+00 1.533163069781286936e+01 3.083163069781286936e+01 3.733163069781286936e+01 4.533163069781286936e+01 1.733163069781286936e+01 3.488316306978128978e+02
2.298787500672415263e+01 2.148787500672415263e+01 1.898787500672415263e+01 1.598787500672415263e+01 2.198787500672415263e+01 2.473787500672415263e+01 9.878750067241526267e-01
1.705556170930901771e+01 1.555556170930901771e+01 1.255556170930901771e+01 7.305561709309017715e+00 2.305556170930901771e+01 5.380556170930901771e+01 3.555555617093090177e+02
3.569606521284358678e+02 3.579606521284358678e+02 3.599606521284358678e+02 3.584606521284358678e+02 3.529606521284358678e+02 3.487106521284358678e+02 3.960652128435867780e+00
2.942564065951404473e+01 1.992564065951404473e+01 1.067564065951404473e+01 5.925640659514044728e+00 2.817564065951404473e+01 5.742564065951404473e+01 3.434256406595140447e+02
1.847624628711423611e+01 1.847624628711423611e+01 1.772624628711423611e+01 1.322624628711423611e+01 1.522624628711423611e+01 3.422624628711423611e+01 4.122624628711423611e+01
0.000000000000000000e+00 0.000000000000000000e+00 0.000000000000000000e+00 0.000000000000000000e+00 0.000000000000000000e+00 0.000000000000000000e+00 0.000000000000000000e+00
3.592224118322043296e+02 1.147241183220430116e+01 2.322241183220430116e+01 2.347241183220430116e+01 3.672241183220430116e+01 2.222241183220430116e+01 3.529724118322043296e+02
2.905842132290001700e+01 3.255842132290001700e+01 3.155842132290001700e+01 2.655842132290001700e+01 3.555842132290001700e+01 6.880842132290001700e+01 7.130842132290001700e+01
2.981694289946545950e+01 2.406694289946545950e+01 4.566942899465459504e+00 3.493169428994654595e+02 3.515669428994654595e+02 3.393169428994654595e+02 2.881694289946545950e+01
2.804210060306559171e+01 2.354210060306559171e+01 4.042100603065591713e+00 3.560421006030655917e+02 8.542100603065591713e+00 1.179210060306559171e+01 7.792100603065591713e+00
0.000000000000000000e+00 0.000000000000000000e+00 0.000000000000000000e+00 0.000000000000000000e+00 0.000000000000000000e+00 0.000000000000000000e+00 0.000000000000000000e+00
3.534224574892801343e+02 3.539224574892801343e+02 3.556724574892801343e+02 3.579224574892801343e+02 3.561724574892801343e+02 3.559224574892801343e+02 3.591724574892801343e+02
0.000000000000000000e+00 0.000000000000000000e+00 0.000000000000000000e+00 0.000000000000000000e+00 0.000000000000000000e+00 0.000000000000000000e+00 0.000000000000000000e+00
0.000000000000000000e+00 0.000000000000000000e+00 0.000000000000000000e+00 0.000000000000000000e+00 0.000000000000000000e+00 0.000000000000000000e+00 0.000000000000000000e+00
0.000000000000000000e+00 0.000000000000000000e+00 0.000000000000000000e+00 0.000000000000000000e+00 0.000000000000000000e+00 0.000000000000000000e+00 0.000000000000000000e+00
0.000000000000000000e+00 0.000000000000000000e+00 0.000000000000000000e+00 0.000000000000000000e+00 0.000000000000000000e+00 0.000000000000000000e+00 0.000000000000000000e+00
0.000000000000000000e+00 0.000000000000000000e+00 0.000000000000000000e+00 0.000000000000000000e+00 0.000000000000000000e+00 0.000000000000000000e+00 0.000000000000000000e+00
2.059574733624981491e+01 2.634574733624981491e+01 3.734574733624981491e+01 3.309574733624981491e+01 4.159574733624981491e+01 4.884574733624981491e+01 2.259574733624981491e+01
1.079136756155918420e+01 9.041367561559184196e+00 1.054136756155918420e+01 1.404136756155918420e+01 1.504136756155918420e+01 1.554136756155918420e+01 3.587913675615591842e+02
3.524160189274492154e+02 2.916018927449215425e+00 2.916018927449215425e+00 4.416018927449215425e+00 5.166018927449215425e+00 2.166018927449215425e+00 3.666018927449215425e+00
6.032477555720845430e+00 3.580324775557208454e+02 3.532824775557208454e+02 3.565324775557208454e+02 1.532477555720845430e+00 3.595324775557208454e+02 3.525324775557208454e+02
3.480972349492448075e+02 1.097234949244779045e+00 1.347234949244779045e+00 3.463472349492448075e+02 3.340972349492448075e+02 3.510972349492448075e+02 3.563472349492448075e+02
1.186853301441118447e+00 3.936853301441118447e+00 3.936853301441118447e+00 3.574368533014411469e+02 3.554368533014411469e+02 1.186853301441118447e+00 3.539368533014411469e+02
3.382670711102938412e+02 3.420170711102938412e+02 3.460170711102938412e+02 3.465170711102938412e+02 3.597670711102938412e+02 2.517071110293841230e+00 3.530170711102938412e+02
0.000000000000000000e+00 0.000000000000000000e+00 0.000000000000000000e+00 0.000000000000000000e+00 0.000000000000000000e+00 0.000000000000000000e+00 0.000000000000000000e+00
1.602747665910385422e+00 3.593527476659103854e+02 3.591027476659103854e+02 3.553527476659103854e+02 3.513527476659103854e+02 3.536027476659103854e+02 3.183527476659103854e+02
3.283097443744288739e+02 3.413097443744288739e+02 2.305974437442890235e+01 6.505974437442887393e+01 7.555974437442887393e+01 1.330974437442890235e+01 2.970597443744288739e+02
1.913112608098174405e+00 2.663112608098174405e+00 3.599131126080981744e+02 3.526631126080981744e+02 3.456631126080981744e+02 1.491311260809817441e+01 3.594131126080981744e+02
3.596437908197734714e+02 1.014379081977345720e+01 1.664379081977345720e+01 5.143790819773457201e+00 6.143790819773457201e+00 6.143790819773457201e+00 8.937908197734572013e-01
0.000000000000000000e+00 0.000000000000000000e+00 0.000000000000000000e+00 0.000000000000000000e+00 0.000000000000000000e+00 0.000000000000000000e+00 0.000000000000000000e+00
6.903587079435396845e+00 3.341535870794353968e+02 3.011535870794353968e+02 3.091535870794353968e+02 3.414035870794353968e+02 2.065358707943539684e+01 1.540358707943539684e+01
3.599137125396140391e+02 3.584137125396140391e+02 3.589137125396140391e+02 1.413712539614067509e+00 2.913712539614067509e+00 3.494137125396140391e+02 2.163712539614067509e+00
3.656641439800256421e+01 4.006641439800256421e+01 3.381641439800256421e+01 1.731641439800257842e+01 1.566414398002578423e+00 3.560664143980025642e+02 2.316414398002578423e+00
3.480134609107477672e+01 2.580134609107477672e+01 3.530513460910747767e+02 3.498013460910747767e+02 3.550513460910747767e+02 3.301346091074776723e+00 3.590513460910747767e+02
1.584566655553044257e+01 2.184566655553044257e+01 2.784566655553044257e+01 1.384566655553044257e+01 2.759566655553044257e+01 6.284566655553044257e+01 6.909566655553044257e+01
4.807900201272667573e+01 5.532900201272667573e+01 5.482900201272667573e+01 2.835790020127266757e+02 2.990790020127266757e+02 3.318290020127266757e+02 3.435790020127266757e+02
1.988743632428730734e+01 3.301374363242873073e+02 3.141374363242873073e+02 3.231374363242873073e+02 3.231374363242873073e+02 3.226374363242873073e+02 3.476374363242873073e+02
3.546187652187558115e+02 3.571187652187558115e+02 3.571187652187558115e+02 3.548687652187558115e+02 3.548687652187558115e+02 3.566187652187558115e+02 3.586187652187558115e+02
0.000000000000000000e+00 0.000000000000000000e+00 0.000000000000000000e+00 0.000000000000000000e+00 0.000000000000000000e+00 0.000000000000000000e+00 0.000000000000000000e+00
6.433114296865369397e+00 5.183114296865369397e+00 3.183114296865369397e+00 2.433114296865369397e+00 1.268311429686536940e+01 6.933114296865369397e+00 3.226831142968653694e+02
3.575851613182570645e+02 4.585161318257064522e+00 3.548351613182570645e+02 3.453351613182570645e+02 3.585851613182570645e+02 1.033516131825706452e+01 3.535851613182570645e+02
3.572218544091356875e+02 3.547218544091356875e+02 7.721854409135687547e+00 7.221854409135687547e+00 3.544718544091356875e+02 3.502218544091356875e+02 3.534718544091356875e+02
3.497358543958229689e+02 3.547358543958229689e+02 1.623585439582296885e+01 3.748585439582296885e+01 3.123585439582296885e+01 3.249858543958229689e+02 3.214858543958229689e+02
3.597389482247144201e+02 2.738948224714420121e+00 4.988948224714420121e+00 1.988948224714420121e+00 4.889482247144201210e-01 2.389482247144201210e-01 2.389482247144201210e-01
0.000000000000000000e+00 0.000000000000000000e+00 0.000000000000000000e+00 0.000000000000000000e+00 0.000000000000000000e+00 0.000000000000000000e+00 0.000000000000000000e+00
0.000000000000000000e+00 0.000000000000000000e+00 0.000000000000000000e+00 0.000000000000000000e+00 0.000000000000000000e+00 0.000000000000000000e+00 0.000000000000000000e+00
2.103313943895011562e+01 2.728313943895011562e+01 2.928313943895011562e+01 1.378313943895011562e+01 3.878313943895011562e+01 7.028313943895011562e+01 6.928313943895011562e+01
2.906229340269970862e+01 2.606229340269970862e+01 2.231229340269970862e+01 1.206229340269970862e+01 2.331229340269970862e+01 7.631229340269970862e+01 3.555622934026997086e+02
1.930543774028743087e+01 2.630543774028743087e+01 3.580543774028743087e+01 2.655543774028743087e+01 2.130543774028743087e+01 2.455543774028743087e+01 3.080543774028743087e+01
0.000000000000000000e+00 0.000000000000000000e+00 0.000000000000000000e+00 0.000000000000000000e+00 0.000000000000000000e+00 0.000000000000000000e+00 0.000000000000000000e+00
5.577451133538511385e+01 5.277451133538511385e+01 3.227451133538511385e+01 2.202451133538511385e+01 2.827451133538511385e+01 3.127451133538511385e+01 1.127451133538511385e+01
2.103471284222734994e+00 4.353471284222734994e+00 9.603471284222734994e+00 1.853471284222734994e+00 3.441034712842227350e+02 3.436034712842227350e+02 2.035347128422273499e+01
0.000000000000000000e+00 0.000000000000000000e+00 0.000000000000000000e+00 0.000000000000000000e+00 0.000000000000000000e+00 0.000000000000000000e+00 0.000000000000000000e+00
0.000000000000000000e+00 0.000000000000000000e+00 0.000000000000000000e+00 0.000000000000000000e+00 0.000000000000000000e+00 0.000000000000000000e+00 0.000000000000000000e+00
0.000000000000000000e+00 0.000000000000000000e+00 0.000000000000000000e+00 0.000000000000000000e+00 0.000000000000000000e+00 0.000000000000000000e+00 0.000000000000000000e+00
0.000000000000000000e+00 0.000000000000000000e+00 0.000000000000000000e+00 0.000000000000000000e+00 0.000000000000000000e+00 0.000000000000000000e+00 0.000000000000000000e+00
2.410335673434082082e+01 2.810335673434082082e+01 2.485335673434082082e+01 2.385335673434082082e+01 1.185335673434082082e+01 5.985335673434082082e+01 6.610335673434082082e+01
3.490040551800839808e+02 3.480040551800839808e+02 3.507540551800839808e+02 3.560040551800839808e+02 1.504055180083980758e+00 2.175405518008398076e+01 3.565040551800839808e+02
4.349582003293107846e+00 9.958200329310784582e-02 3.573495820032931078e+02 3.598495820032931078e+02 1.849582003293107846e+00 7.599582003293107846e+00 5.995820032931078458e-01
3.572380130220188335e+02 3.582380130220188335e+02 3.579880130220188335e+02 3.499880130220188335e+02 1.738013022018833453e+00 8.738013022018833453e+00 3.549880130220188335e+02
0.000000000000000000e+00 0.000000000000000000e+00 0.000000000000000000e+00 0.000000000000000000e+00 0.000000000000000000e+00 0.000000000000000000e+00 0.000000000000000000e+00
1.297564008069537067e+01 3.564756400806953707e+02 3.599756400806953707e+02 4.975640080695370671e+00 3.592256400806953707e+02 3.497256400806953707e+02 3.539756400806953707e+02
0.000000000000000000e+00 0.000000000000000000e+00 0.000000000000000000e+00 0.000000000000000000e+00 0.000000000000000000e+00 0.000000000000000000e+00 0.000000000000000000e+00
2.328303495096793085e+01 1.778303495096793085e+01 1.078303495096793085e+01 7.033034950967930854e+00 9.783034950967930854e+00 9.283034950967930854e+00 1.028303495096793085e+01
3.215865843290663406e+01 1.565865843290663406e+01 8.158658432906634062e+00 3.190865843290663406e+01 5.715865843290663406e+01 3.990865843290663406e+01 8.908658432906634062e+00
