8.374101634209696332e-01 5.536011902624593528e-01 2.833442377692319547e-01 3.805983795107378831e-01 3.002053789273105844e-01 2.531816088371522389e-01 4.569762141343968187e-01
9.765663686876983052e-01 9.413804312136769825e-01 9.102405220210009196e-01 9.508654339195473648e-01 9.665164346070883594e-01 9.786290549528506855e-01 9.893121198315029119e-01
9.628901035423733656e-01 9.680371744188924765e-01 9.509624083914615111e-01 9.332892434547406246e-01 8.589493297573214114e-01 8.387909794976541322e-01 9.713211360768709834e-01
9.970539850202375654e-01 9.968200622850753589e-01 9.963907990312953489e-01 9.834111699469043621e-01 9.632423801239851091e-01 9.288728574773927882e-01 9.339864936634935111e-01
9.928895853210560896e-01 9.937923618560013939e-01 9.799130304691440196e-01 9.327239350048970312e-01 8.713747913325137207e-01 4.782661927520254208e-01 9.568826189433550233e-01
9.647087618953752441e-01 9.899820977215522122e-01 9.947062829221680058e-01 9.960397786710988299e-01 9.855023249186891654e-01 9.610303301294833567e-01 9.690942322542626108e-01
9.921306853217348731e-01 9.910848222004791097e-01 9.899514370571830257e-01 9.316713912748864068e-01 7.577306633948668324e-01 5.346997181323023263e-01 7.034217188230749152e-01
9.798686811102802485e-01 9.790709168522387928e-01 9.724696874913055789e-01 8.764401091942846111e-01 8.683448449826975946e-01 7.519258721553967462e-01 7.923604302485763862e-01
0.000000000000000000e+00 0.000000000000000000e+00 0.000000000000000000e+00 0.000000000000000000e+00 0.000000000000000000e+00 0.000000000000000000e+00 0.000000000000000000e+00
9.708718742933831747e-01 9.739803999200243867e-01 9.605734308723010706e-01 9.328900622226961037e-01 8.448632476008197667e-01 6.903398595112152369e-01 9.483822374744197425e-01
9.925644781098003078e-01 9.900827493794723821e-01 9.845091485714899671e-01 9.313608416297591841e-01 4.450702820675338511e-01 9.366903201517832178e-01 5.282573695007889425e-01
8.054245339506497237e-01 7.388766428791680996e-01 6.575301197168728073e-01 5.032188459518833756e-01 4.504356491401368401e-01 4.492703804811323254e-01 6.120319488310148603e-01
9.777813998204069046e-01 9.660941746116380457e-01 9.433300573043769122e-01 7.248915031954866750e-01 5.963404311187532336e-01 6.123745982698961532e-01 8.574016950299711004e-01
0.000000000000000000e+00 0.000000000000000000e+00 0.000000000000000000e+00 0.000000000000000000e+00 0.000000000000000000e+00 0.000000000000000000e+00 0.000000000000000000e+00
9.792259687683741998e-01 9.843070593700091742e-01 9.880274657688487006e-01 9.906472437424509447e-01 9.946981578494140663e-01 9.964487415198061138e-01 9.847566026360734526e-01
0.000000000000000000e+00 0.000000000000000000e+00 0.000000000000000000e+00 0.000000000000000000e+00 0.000000000000000000e+00 0.000000000000000000e+00 0.000000000000000000e+00
0.000000000000000000e+00 0.000000000000000000e+00 0.000000000000000000e+00 0.000000000000000000e+00 0.000000000000000000e+00 0.000000000000000000e+00 0.000000000000000000e+00
0.000000000000000000e+00 0.000000000000000000e+00 0.000000000000000000e+00 0.000000000000000000e+00 0.000000000000000000e+00 0.000000000000000000e+00 0.000000000000000000e+00
0.000000000000000000e+00 0.000000000000000000e+00 0.000000000000000000e+00 0.000000000000000000e+00 0.000000000000000000e+00 0.000000000000000000e+00 0.000000000000000000e+00
0.000000000000000000e+00 0.000000000000000000e+00 0.000000000000000000e+00 0.000000000000000000e+00 0.000000000000000000e+00 0.000000000000000000e+00 0.000000000000000000e+00
9.729801510597210212e-01 9.614166569291322517e-01 9.590622660543091094e-01 9.596721733535764631e-01 9.673799643392565484e-01 9.654072075308848255e-01 8.830863853408620345e-01
9.824100030290848773e-01 9.884131576973549382e-01 9.810782787802385663e-01 9.607177407183826734e-01 9.572479428507649768e-01 5.270506979289673044e-01 8.625783262849728850e-01
9.636473525016289177e-01 9.593568287166746034e-01 9.478409819293587280e-01 9.442101867534914428e-01 9.634778112236410674e-01 9.615492299093073569e-01 9.721328265107241906e-01
9.921070861304156496e-01 9.895503387019745078e-01 9.905358494548079928e-01 9.910465819532977561e-01 9.921426776713319073e-01 9.885690173041996598e-01 9.487856758590682560e-01
8.054136064242600757e-01 7.907089286471262746e-01 8.500245240057094920e-01 8.480590778612266956e-01 7.390051900853432665e-01 8.503682023256178280e-01 9.441676793047023564e-01
9.721140392464162616e-01 9.697897913794774061e-01 9.676264396842452209e-01 9.661497023181566668e-01 9.906526255567054129e-01 9.531787096974028151e-01 8.346729203488639781e-01
9.786261222660876946e-01 9.752031352097917383e-01 9.700255563520902014e-01 9.515595531408304053e-01 9.254258132019888006e-01 9.079670220900292188e-01 9.735812106718615411e-01
0.000000000000000000e+00 0.000000000000000000e+00 0.000000000000000000e+00 0.000000000000000000e+00 0.000000000000000000e+00 0.000000000000000000e+00 0.000000000000000000e+00
9.821029152165506870e-01 9.783335157860419962e-01 9.876057221682050802e-01 9.890379175560307656e-01 9.841651537284975548e-01 9.836724624209995937e-01 9.485554090885751632e-01
9.475062431480225644e-01 9.600045811536819240e-01 9.131942101788824706e-01 6.593476754908832449e-01 3.810984682466328488e-01 4.087339169083663015e-01 3.858416136566744092e-01
9.816823635324470887e-01 9.790817478966481469e-01 9.794891858730513379e-01 9.774093893286724954e-01 9.669443487204857357e-01 8.618267083635352543e-01 9.440449827541952388e-01
7.447243402881150720e-01 6.325045977260328467e-01 6.682085149956601411e-01 7.641099813177882893e-01 9.483778641658267006e-01 9.127241533284801145e-01 9.570701128294522020e-01
0.000000000000000000e+00 0.000000000000000000e+00 0.000000000000000000e+00 0.000000000000000000e+00 0.000000000000000000e+00 0.000000000000000000e+00 0.000000000000000000e+00
8.275786934989888266e-01 8.395585728926451274e-01 8.309766779169230899e-01 9.269229818326906178e-01 9.707034162059062776e-01 9.762688007368807153e-01 9.653372657566668957e-01
9.838251292248288982e-01 9.817886230339718523e-01 9.862730828672344741e-01 9.781299642412782935e-01 9.475874131280003221e-01 8.108550118069877133e-01 9.782213224115379191e-01
5.400707288921355875e-01 4.793041803211118279e-01 6.157381544873820056e-01 7.629390620641655074e-01 8.694603510274400149e-01 9.141537764018591306e-01 6.864160327322781363e-01
4.396438974736124883e-01 5.908425695063085348e-01 8.969196941855330785e-01 9.726800553151582207e-01 9.880712410190095607e-01 9.666912757529066980e-01 9.666017881647652743e-01
9.812333540017543765e-01 9.783569901367454857e-01 9.671685635186804131e-01 7.700330433786961581e-01 8.849494521215530707e-01 7.519300726047211114e-01 7.600523902987502689e-01
8.498015445903777110e-01 8.080432664811217913e-01 7.274350270721797740e-01 8.394395443102699028e-01 8.291491401436834607e-01 5.384015801839709958e-01 5.381754640077460738e-01
5.866374953038118178e-01 3.526176798984330674e-01 5.254978324777536125e-01 5.552872478552148827e-01 6.279444117967032390e-01 8.014399941784454695e-01 9.237968056087411117e-01
9.524368283039816863e-01 9.620024486761163951e-01 9.176221674165575548e-01 8.520301306159322463e-01 9.023194946848046571e-01 9.692539737256001819e-01 9.474783130754328431e-01
0.000000000000000000e+00 0.000000000000000000e+00 0.000000000000000000e+00 0.000000000000000000e+00 0.000000000000000000e+00 0.000000000000000000e+00 0.000000000000000000e+00
9.826397876298921252e-01 9.831501632031588445e-01 9.899165194305232784e-01 9.898719434079167323e-01 9.698120952587245824e-01 5.602279865685722005e-01 4.970192109062772090e-01
8.444081701783527905e-01 8.777002969157371437e-01 9.113052026870608335e-01 8.985396371614337019e-01 8.954449642264654674e-01 9.589863188220502099e-01 9.824413482437592826e-01
9.701112272236495082e-01 9.651203791622614547e-01 9.758560166494455457e-01 9.852975958354051045e-01 9.803890657893457039e-01 9.355816080575752869e-01 8.974366790015536610e-01
6.941482214716534482e-01 7.742235877776609820e-01 7.057742056823473886e-01 6.996647349380954450e-01 6.300653636864093077e-01 4.907049865381484244e-01 4.343480195521530196e-01
9.750572286912564390e-01 9.853541140911722396e-01 9.931336513441808567e-01 9.937441094426493482e-01 9.915136923725613727e-01 9.903436642708596249e-01 9.852708125173068598e-01
0.000000000000000000e+00 0.000000000000000000e+00 0.000000000000000000e+00 0.000000000000000000e+00 0.000000000000000000e+00 0.000000000000000000e+00 0.000000000000000000e+00
0.000000000000000000e+00 0.000000000000000000e+00 0.000000000000000000e+00 0.000000000000000000e+00 0.000000000000000000e+00 0.000000000000000000e+00 0.000000000000000000e+00
9.817863778908638706e-01 9.695717720101049153e-01 8.250900299953438655e-01 5.322966949385360413e-01 6.461400783408720594e-01 8.705683755519009193e-01 8.589730496198110243e-01
9.949126218751979112e-01 9.929661806385186029e-01 9.893951941133163341e-01 9.647696871780253591e-01 8.666243946561953404e-01 8.434105533646174546e-01 8.820779406899389441e-01
6.573354374964741620e-01 6.716205443891694049e-01 8.018326410701065443e-01 9.316501918546920002e-01 9.741749102056627141e-01 9.609925462941983909e-01 9.684034614713908917e-01
0.000000000000000000e+00 0.000000000000000000e+00 0.000000000000000000e+00 0.000000000000000000e+00 0.000000000000000000e+00 0.000000000000000000e+00 0.000000000000000000e+00
6.998793578329323140e-01 5.867942610540680670e-01 4.085557236213379073e-01 3.334837693340631515e-01 5.828016179307579092e-01 8.015089983262942974e-01 9.260123101820145752e-01
9.645491827472049140e-01 9.780227232071875276e-01 9.715517830116956466e-01 9.648331157400519276e-01 9.758163443785844438e-01 8.297896625542366955e-01 7.785598819798054127e-01
0.000000000000000000e+00 0.000000000000000000e+00 0.000000000000000000e+00 0.000000000000000000e+00 0.000000000000000000e+00 0.000000000000000000e+00 0.000000000000000000e+00
0.000000000000000000e+00 0.000000000000000000e+00 0.000000000000000000e+00 0.000000000000000000e+00 0.000000000000000000e+00 0.000000000000000000e+00 0.000000000000000000e+00
0.000000000000000000e+00 0.000000000000000000e+00 0.000000000000000000e+00 0.000000000000000000e+00 0.000000000000000000e+00 0.000000000000000000e+00 0.000000000000000000e+00
0.000000000000000000e+00 0.000000000000000000e+00 0.000000000000000000e+00 0.000000000000000000e+00 0.000000000000000000e+00 0.000000000000000000e+00 0.000000000000000000e+00
9.667830975790946413e-01 9.800564688007198377e-01 9.900371446716574875e-01 9.837002595103881974e-01 9.750174514001977988e-01 8.971376515840789878e-01 8.704256654855038189e-01
9.854457923888726434e-01 9.844987372075467702e-01 9.863094190988758170e-01 9.880060284164049467e-01 9.824888088251287899e-01 8.718639398870078328e-01 9.309357071355847113e-01
9.860673163137888553e-01 9.887788252432178071e-01 9.907055944295232175e-01 9.855539451103685344e-01 9.735520567545636883e-01 9.287698346176685993e-01 9.482195746246336876e-01
9.554573774189717428e-01 9.452078000212660314e-01 9.111192712601587917e-01 9.369547210544950655e-01 9.304561933246694450e-01 9.348412258949434506e-01 7.824018670527489450e-01
0.000000000000000000e+00 0.000000000000000000e+00 0.000000000000000000e+00 0.000000000000000000e+00 0.000000000000000000e+00 0.000000000000000000e+00 0.000000000000000000e+00
7.944203610690824258e-01 8.542949506743634513e-01 8.770566058394173581e-01 9.302388925948379406e-01 8.425074233996753259e-01 9.326438690412881538e-01 9.866321543688331142e-01
0.000000000000000000e+00 0.000000000000000000e+00 0.000000000000000000e+00 0.000000000000000000e+00 0.000000000000000000e+00 0.000000000000000000e+00 0.000000000000000000e+00
9.917725694917132184e-01 9.924370459145795964e-01 9.952903293146260211e-01 9.954249136378748863e-01 9.934191241156752339e-01 9.892060332801783096e-01 9.609450505501714312e-01
9.523829870399024289e-01 9.577291856781339208e-01 9.390096873050333137e-01 8.963342255634388911e-01 8.307721313581991618e-01 9.107486382400048486e-01 9.640678476338753189e-01
