3.527654645393243413e+02 1.546453932434133094e-02 2.526546453932434133e+01 1.476546453932434133e+01 2.850154645393243413e+02 3.085154645393243413e+02 2.501546453932434133e+01
1.414476693553638142e+00 3.539144766935536381e+02 3.499144766935536381e+02 3.521644766935536381e+02 3.496644766935536381e+02 3.516644766935536381e+02 3.559144766935536381e+02
3.570938623994028376e+02 6.843862399402837582e+00 1.509386239940283758e+01 1.259386239940283758e+01 1.309386239940283758e+01 7.093862399402837582e+00 5.843862399402837582e+00
3.523101292536917413e+02 3.543101292536917413e+02 3.573101292536917413e+02 3.578101292536917413e+02 3.540601292536917413e+02 3.465601292536917413e+02 3.585601292536917413e+02
3.493826237081061663e+02 3.531326237081061663e+02 3.563826237081061663e+02 3.518826237081061663e+02 3.413826237081061663e+02 3.183826237081061663e+02 3.531326237081061663e+02
9.650204178311128089e-01 3.572150204178311128e+02 3.544650204178311128e+02 3.524650204178311128e+02 3.557150204178311128e+02 3.562150204178311128e+02 7.715020417831112809e+00
2.829277375284505069e+00 8.079277375284505069e+00 1.282927737528450507e+01 1.532927737528450507e+01 2.482927737528450507e+01 3.807927737528450507e+01 3.510792773752845051e+02
1.061680949374795091e+01 7.366809493747950910e+00 2.866809493747950910e+00 3.508668094937479509e+02 8.668094937479509099e-01 2.286680949374795091e+01 2.236680949374795091e+01
0.000000000000000000e+00 0.000000000000000000e+00 0.000000000000000000e+00 0.000000000000000000e+00 0.000000000000000000e+00 0.000000000000000000e+00 0.000000000000000000e+00
2.733353677663671988e+00 7.733353677663671988e+00 1.348335367766367199e+01 1.073335367766367199e+01 7.983353677663671988e+00 3.504833536776636720e+02 3.483353677663671988e+00
8.793405399069911255e+00 5.793405399069911255e+00 3.793405399069911255e+00 3.585434053990699113e+02 3.327934053990699113e+02 8.793405399069911255e+00 3.604340539906991125e+01
1.666311375184528742e+01 3.163113751845287425e+00 3.449131137518452874e+02 3.514131137518452874e+02 2.291311375184528742e+01 2.091311375184528742e+01 5.191311375184528742e+01
1.316377042319714974e+01 1.141377042319714974e+01 3.584137704231971497e+02 3.254137704231971497e+02 3.171637704231971497e+02 3.356637704231971497e+02 3.574137704231971497e+02
0.000000000000000000e+00 0.000000000000000000e+00 0.000000000000000000e+00 0.000000000000000000e+00 0.000000000000000000e+00 0.000000000000000000e+00 0.000000000000000000e+00
3.526846383410447743e+02 3.531846383410447743e+02 3.536846383410447743e+02 3.546846383410447743e+02 3.549346383410447743e+02 3.554346383410447743e+02 3.579346383410447743e+02
0.000000000000000000e+00 0.000000000000000000e+00 0.000000000000000000e+00 0.000000000000000000e+00 0.000000000000000000e+00 0.000000000000000000e+00 0.000000000000000000e+00
0.000000000000000000e+00 0.000000000000000000e+00 0.000000000000000000e+00 0.000000000000000000e+00 0.000000000000000000e+00 0.000000000000000000e+00 0.000000000000000000e+00
0.000000000000000000e+00 0.000000000000000000e+00 0.000000000000000000e+00 0.000000000000000000e+00 0.000000000000000000e+00 0.000000000000000000e+00 0.000000000000000000e+00
0.000000000000000000e+00 0.000000000000000000e+00 0.000000000000000000e+00 0.000000000000000000e+00 0.000000000000000000e+00 0.000000000000000000e+00 0.000000000000000000e+00
0.000000000000000000e+00 0.000000000000000000e+00 0.000000000000000000e+00 0.000000000000000000e+00 0.000000000000000000e+00 0.000000000000000000e+00 0.000000000000000000e+00
5.739898013295032797e-01 3.568239898013295033e+02 3.565739898013295033e+02 3.533239898013295033e+02 5.739898013295032797e-01 6.323989801329503280e+00 3.460739898013295033e+02
3.549193514076624751e+02 3.581693514076624751e+02 3.569193514076624751e+02 3.491693514076624751e+02 3.439193514076624751e+02 3.159193514076624751e+02 3.539193514076624751e+02
7.609954173821876111e+00 1.210995417382187611e+01 8.609954173821876111e+00 3.583599541738218477e+02 3.483599541738218477e+02 3.523599541738218477e+02 3.586099541738218477e+02
5.616504230578698298e-01 3.583116504230578698e+02 3.573116504230578698e+02 3.578116504230578698e+02 3.553116504230578698e+02 3.593116504230578698e+02 1.631165042305786983e+01
4.399340743241509699e+00 2.914934074324150970e+01 2.139934074324150970e+01 8.899340743241509699e+00 3.553993407432415097e+02 3.486493407432415097e+02 6.649340743241509699e+00
3.551305751962059958e+02 3.548805751962059958e+02 3.463805751962059958e+02 3.436305751962059958e+02 3.523805751962059958e+02 3.588805751962059958e+02 3.458805751962059958e+02
2.230262271022581899e+00 4.802622710225818992e-01 3.557302622710225819e+02 3.459802622710225819e+02 3.407302622710225819e+02 3.582302622710225819e+02 5.730262271022581899e+00
0.000000000000000000e+00 0.000000000000000000e+00 0.000000000000000000e+00 0.000000000000000000e+00 0.000000000000000000e+00 0.000000000000000000e+00 0.000000000000000000e+00
3.647916559536781733e+00 2.647916559536781733e+00 3.568979165595367817e+02 3.538979165595367817e+02 3.533979165595367817e+02 3.511479165595367817e+02 3.548979165595367817e+02
4.694970671630890990e+00 8.194970671630890990e+00 1.569497067163089099e+01 2.794497067163089099e+01 5.669497067163086967e+01 6.469497067163086967e+01 4.144497067163089099e+01
2.972039910865362344e+00 3.722039910865362344e+00 3.597220399108653623e+02 3.597220399108653623e+02 1.722039910865362344e+00 3.454720399108653623e+02 3.547220399108653623e+02
8.651847384077058223e-01 6.151847384077058223e-01 3.341151847384077200e+02 3.288651847384077200e+02 3.493651847384077200e+02 9.615184738407705822e+00 4.865184738407705822e+00
0.000000000000000000e+00 0.000000000000000000e+00 0.000000000000000000e+00 0.000000000000000000e+00 0.000000000000000000e+00 0.000000000000000000e+00 0.000000000000000000e+00
3.481015706443099020e+02 3.448515706443099020e+02 1.660157064430990204e+01 3.531015706443099020e+02 3.483515706443099020e+02 3.541015706443099020e+02 3.578515706443099020e+02
3.570248008688508321e+02 3.590248008688508321e+02 3.597748008688508321e+02 3.570248008688508321e+02 3.467748008688508321e+02 3.410248008688508321e+02 3.274800868850832103e+00
4.264287867485745664e+01 3.568928786748574566e+02 3.501428786748574566e+02 3.528928786748574566e+02 6.892878674857442434e+00 5.142878674857442434e+00 1.214287867485744243e+01
3.652659649101229888e+01 1.052659649101229888e+01 3.487765964910122989e+02 3.507765964910122989e+02 3.495265964910122989e+02 2.776596491012298884e+00 4.276596491012298884e+00
4.015164866154407264e+00 8.015164866154407264e+00 2.351516486615440726e+01 3.876516486615440726e+01 2.226516486615440726e+01 1.926516486615440726e+01 2.151516486615440726e+01
2.533627545689250837e+01 1.908627545689250837e+01 3.858627545689250837e+01 8.836275456892508373e+00 3.158627545689250837e+01 4.583627545689250837e+01 4.933627545689250837e+01
3.247295383846358163e+01 3.897295383846358163e+01 3.547229538384635816e+02 3.412229538384635816e+02 3.199729538384635816e+02 3.319729538384635816e+02 3.442229538384635816e+02
3.529662280244860995e+02 3.452162280244860995e+02 3.412162280244860995e+02 3.419662280244860995e+02 3.482162280244860995e+02 3.587162280244860995e+02 7.162280244860994571e-01
0.000000000000000000e+00 0.000000000000000000e+00 0.000000000000000000e+00 0.000000000000000000e+00 0.000000000000000000e+00 0.000000000000000000e+00 0.000000000000000000e+00
3.598848743444796696e+02 3.586348743444796696e+02 3.558848743444796696e+02 3.523848743444796696e+02 3.483848743444796696e+02 3.123848743444796696e+02 2.878848743444796696e+02
3.323613529211900186e+02 3.296113529211900186e+02 3.176113529211900186e+02 3.078613529211900186e+02 3.271113529211900186e+02 4.611352921189990184e+00 3.583613529211900186e+02
1.043639188554266184e-01 3.571043639188554266e+02 3.541043639188554266e+02 3.561043639188554266e+02 3.576043639188554266e+02 1.854363918855426618e+00 3.541043639188554266e+02
3.102557258047830260e+02 3.085057258047830260e+02 3.100057258047830260e+02 3.470057258047830260e+02 5.750572580478302598e+01 6.325572580478302598e+01 3.122557258047830260e+02
7.997741104213105245e-01 3.597997741104213105e+02 3.590497741104213105e+02 3.597997741104213105e+02 3.585497741104213105e+02 3.587997741104213105e+02 3.580497741104213105e+02
0.000000000000000000e+00 0.000000000000000000e+00 0.000000000000000000e+00 0.000000000000000000e+00 0.000000000000000000e+00 0.000000000000000000e+00 0.000000000000000000e+00
0.000000000000000000e+00 0.000000000000000000e+00 0.000000000000000000e+00 0.000000000000000000e+00 0.000000000000000000e+00 0.000000000000000000e+00 0.000000000000000000e+00
5.448526371005470992e+00 1.119852637100547099e+01 3.844852637100547099e+01 5.944852637100547099e+01 3.069852637100547099e+01 1.244852637100547099e+01 1.644852637100547099e+01
3.556799747649706092e+02 3.556799747649706092e+02 3.561799747649706092e+02 3.551799747649706092e+02 3.409299747649706092e+02 3.534299747649706092e+02 2.679974764970609158e+00
3.418736232503003976e+02 3.441236232503003976e+02 3.433736232503003976e+02 2.873623250300425980e+00 1.623623250300425980e+00 3.548736232503003976e+02 8.736232503004259797e-01
0.000000000000000000e+00 0.000000000000000000e+00 0.000000000000000000e+00 0.000000000000000000e+00 0.000000000000000000e+00 0.000000000000000000e+00 0.000000000000000000e+00
3.267782293742933462e+02 3.310282293742933462e+02 3.422782293742933462e+02 7.202822937429337458e+01 5.427822937429337458e+01 1.602822937429337458e+01 5.528229374293374576e+00
5.079727580324174596e+00 9.579727580324174596e+00 8.829727580324174596e+00 4.329727580324174596e+00 1.829727580324174596e+00 1.407972758032417460e+01 1.857972758032417460e+01
0.000000000000000000e+00 0.000000000000000000e+00 0.000000000000000000e+00 0.000000000000000000e+00 0.000000000000000000e+00 0.000000000000000000e+00 0.000000000000000000e+00
0.000000000000000000e+00 0.000000000000000000e+00 0.000000000000000000e+00 0.000000000000000000e+00 0.000000000000000000e+00 0.000000000000000000e+00 0.000000000000000000e+00
0.000000000000000000e+00 0.000000000000000000e+00 0.000000000000000000e+00 0.000000000000000000e+00 0.000000000000000000e+00 0.000000000000000000e+00 0.000000000000000000e+00
0.000000000000000000e+00 0.000000000000000000e+00 0.000000000000000000e+00 0.000000000000000000e+00 0.000000000000000000e+00 0.000000000000000000e+00 0.000000000000000000e+00
6.782259991014711886e+00 9.782259991014711886e+00 9.782259991014711886e+00 9.532259991014711886e+00 1.028225999101471189e+01 8.532259991014711886e+00 3.555322599910147119e+02
1.682560209981375010e+00 1.825602099813750101e-01 3.584325602099813750e+02 3.571825602099813750e+02 3.529325602099813750e+02 3.469325602099813750e+02 3.531825602099813750e+02
3.592706244733162748e+02 3.597706244733162748e+02 7.706244733162748162e-01 3.565206244733162748e+02 3.450206244733162748e+02 3.432706244733162748e+02 1.770624473316274816e+00
3.510777871412506670e+02 3.483277871412506670e+02 3.493277871412506670e+02 3.540777871412506670e+02 3.460777871412506670e+02 3.545777871412506670e+02 7.077787141250666991e+00
0.000000000000000000e+00 0.000000000000000000e+00 0.000000000000000000e+00 0.000000000000000000e+00 0.000000000000000000e+00 0.000000000000000000e+00 0.000000000000000000e+00
2.245299170394883959e+01 2.702991703948839586e+00 2.920299170394883959e+01 7.452991703948839586e+00 3.477029917039488396e+02 3.524529917039488396e+02 3.559529917039488396e+02
0.000000000000000000e+00 0.000000000000000000e+00 0.000000000000000000e+00 0.000000000000000000e+00 0.000000000000000000e+00 0.000000000000000000e+00 0.000000000000000000e+00
3.547061010780593051e+02 3.554561010780593051e+02 3.582061010780593051e+02 3.594561010780593051e+02 1.206101078059305109e+00 7.061010780593051095e-01 1.706101078059305109e+00
2.103547875532893841e+01 2.003547875532893841e+01 1.753547875532893841e+01 1.903547875532893841e+01 3.303547875532893841e+01 2.503547875532893841e+01 1.453547875532893841e+01
