7.133792633458893029e-01 5.179586888560007152e-01 2.873688043274365000e-01 1.342070575088255280e-01 2.128963496823938761e-01 2.929088410296686873e-01 8.954008988288396642e-01
9.880989024757295125e-01 9.871309651213172609e-01 9.789146155384246262e-01 9.714243361368702923e-01 9.743224932089674661e-01 9.776243843446859039e-01 9.726739029058208974e-01
9.631342880666874384e-01 9.407181850443838700e-01 8.962177227717560424e-01 8.538938821072251661e-01 8.150682877921230363e-01 8.414269089163138871e-01 9.049749914596686429e-01
9.902460059000435244e-01 9.946264246232394690e-01 9.928505868854525795e-01 9.874840533307119861e-01 9.872797622673546991e-01 9.614533459597854881e-01 9.618274818659789949e-01
9.700520058337571694e-01 9.593042985333477546e-01 9.628647374362933054e-01 9.246577357787257867e-01 9.489132769559212033e-01 5.188143559453943787e-01 9.027511884228286432e-01
9.788409109261895225e-01 9.898436376555465044e-01 9.922558481686831744e-01 9.904515092757768535e-01 9.869849657915666929e-01 9.676272036654272046e-01 9.605327477191524244e-01
9.887672687026715090e-01 9.934053037087554605e-01 9.923354397959344153e-01 9.780167749457936432e-01 7.653495933415433994e-01 8.854031196390228509e-01 9.261059366875875609e-01
9.900559859252209272e-01 9.867079145026692588e-01 9.783765433573012871e-01 9.552920456127028670e-01 7.374492779360327654e-01 6.373887508749769282e-01 7.054741250688034704e-01
0.000000000000000000e+00 0.000000000000000000e+00 0.000000000000000000e+00 0.000000000000000000e+00 0.000000000000000000e+00 0.000000000000000000e+00 0.000000000000000000e+00
9.531677629428364495e-01 9.321666176827820838e-01 9.011569322966253015e-01 8.955034942432114065e-01 8.326762917911675332e-01 7.486671685378455399e-01 8.314820288379478619e-01
9.857798789654617089e-01 9.893356713745644626e-01 9.897885863719178001e-01 9.892068022944664474e-01 9.589675600927756172e-01 5.025996078909588105e-01 4.441592546512312389e-01
6.331058437793865012e-01 4.906205079334312602e-01 5.332101947862919467e-01 6.923950366414743929e-01 7.064595412005176822e-01 6.683709708749614453e-01 3.795131136475746181e-01
9.757442013496204769e-01 9.578706603675115616e-01 8.839287888884215239e-01 7.924832945329868261e-01 6.910673726242004822e-01 6.576494486220521019e-01 8.361870135689294381e-01
0.000000000000000000e+00 0.000000000000000000e+00 0.000000000000000000e+00 0.000000000000000000e+00 0.000000000000000000e+00 0.000000000000000000e+00 0.000000000000000000e+00
9.931073796235064810e-01 9.900745014300434965e-01 9.911430029985422996e-01 9.937920561841588896e-01 9.921220293804808854e-01 9.911296543794153591e-01 9.883168108125756079e-01
0.000000000000000000e+00 0.000000000000000000e+00 0.000000000000000000e+00 0.000000000000000000e+00 0.000000000000000000e+00 0.000000000000000000e+00 0.000000000000000000e+00
0.000000000000000000e+00 0.000000000000000000e+00 0.000000000000000000e+00 0.000000000000000000e+00 0.000000000000000000e+00 0.000000000000000000e+00 0.000000000000000000e+00
0.000000000000000000e+00 0.000000000000000000e+00 0.000000000000000000e+00 0.000000000000000000e+00 0.000000000000000000e+00 0.000000000000000000e+00 0.000000000000000000e+00
0.000000000000000000e+00 0.000000000000000000e+00 0.000000000000000000e+00 0.000000000000000000e+00 0.000000000000000000e+00 0.000000000000000000e+00 0.000000000000000000e+00
0.000000000000000000e+00 0.000000000000000000e+00 0.000000000000000000e+00 0.000000000000000000e+00 0.000000000000000000e+00 0.000000000000000000e+00 0.000000000000000000e+00
9.849834125016661002e-01 9.858759536842747195e-01 9.768604025058528206e-01 9.689301264992217222e-01 9.729266108519342149e-01 9.593465318216654047e-01 8.376517764786575171e-01
9.835714544492791811e-01 9.933575382871041581e-01 9.950494193033881940e-01 9.952559367630053888e-01 9.807538420985495442e-01 5.069868995727238037e-01 9.763008453882392468e-01
9.340862494324111420e-01 9.336559300383668880e-01 9.207240063239408023e-01 8.656566024665653947e-01 9.282498774796068552e-01 9.638769523952290808e-01 9.477449898126548700e-01
9.917753462816163434e-01 9.948334434891897837e-01 9.963761326510559568e-01 9.956476664367713836e-01 9.899250738900811086e-01 9.848404664459098345e-01 9.535206338895956257e-01
7.845540648895381608e-01 7.172821720748149277e-01 7.939352912558765851e-01 7.757393681552179343e-01 9.159969039097479726e-01 8.653033590265344355e-01 9.317261068250822786e-01
8.738716114487022901e-01 8.333243489881773103e-01 7.308282465275800499e-01 6.501189265747613355e-01 3.374160539622458321e-01 2.962967174298546946e-01 4.559845314115182902e-01
9.829998226298748421e-01 9.814296688783021860e-01 9.802086446525787311e-01 9.664953783225063155e-01 9.655897922746556894e-01 9.674688761599653519e-01 9.683996649243888921e-01
0.000000000000000000e+00 0.000000000000000000e+00 0.000000000000000000e+00 0.000000000000000000e+00 0.000000000000000000e+00 0.000000000000000000e+00 0.000000000000000000e+00
9.784854476457798267e-01 9.701098828257993523e-01 9.718727882755965330e-01 9.769403132648357690e-01 9.812156564380530854e-01 9.865478539333130126e-01 9.762346063120107553e-01
8.797313554287112813e-01 6.862278804723451753e-01 6.283935248390299932e-01 8.400129131445271957e-01 5.986019798966154548e-01 4.471766583650573224e-01 4.597857286644743691e-01
9.868381186984277464e-01 9.888658114262366405e-01 9.793203383693696029e-01 9.606334171793105003e-01 9.467739048946625102e-01 8.649621496265228471e-01 9.704235069218158927e-01
9.345117849780566477e-01 9.493618743242867586e-01 9.471303211685440093e-01 9.169640531741813927e-01 8.626811848733890731e-01 9.023031394947861328e-01 9.341866850349616058e-01
0.000000000000000000e+00 0.000000000000000000e+00 0.000000000000000000e+00 0.000000000000000000e+00 0.000000000000000000e+00 0.000000000000000000e+00 0.000000000000000000e+00
8.837794141028366690e-01 8.876452174528605132e-01 8.827339333759246509e-01 9.273757917565641495e-01 9.380839675864103278e-01 9.705467351056250580e-01 9.712630244249877975e-01
9.852346928916968505e-01 9.934165084446687777e-01 9.852821663084131432e-01 9.325479897268786900e-01 6.351066894263822649e-01 6.446808127217311668e-01 8.910962371123334336e-01
5.160309308184719557e-01 6.445189312085002342e-01 7.669501540238302661e-01 8.537171180384092173e-01 7.506345372102563029e-01 8.448667022992576436e-01 5.321555525445573753e-01
0.000000000000000000e+00 0.000000000000000000e+00 0.000000000000000000e+00 0.000000000000000000e+00 0.000000000000000000e+00 0.000000000000000000e+00 0.000000000000000000e+00
0.000000000000000000e+00 0.000000000000000000e+00 0.000000000000000000e+00 0.000000000000000000e+00 0.000000000000000000e+00 0.000000000000000000e+00 0.000000000000000000e+00
0.000000000000000000e+00 0.000000000000000000e+00 0.000000000000000000e+00 0.000000000000000000e+00 0.000000000000000000e+00 0.000000000000000000e+00 0.000000000000000000e+00
