0.000000000000000000e+00 0.000000000000000000e+00 0.000000000000000000e+00 0.000000000000000000e+00 0.000000000000000000e+00 0.000000000000000000e+00 0.000000000000000000e+00
0.000000000000000000e+00 0.000000000000000000e+00 0.000000000000000000e+00 0.000000000000000000e+00 0.000000000000000000e+00 0.000000000000000000e+00 0.000000000000000000e+00
0.000000000000000000e+00 0.000000000000000000e+00 0.000000000000000000e+00 0.000000000000000000e+00 0.000000000000000000e+00 0.000000000000000000e+00 0.000000000000000000e+00
0.000000000000000000e+00 0.000000000000000000e+00 0.000000000000000000e+00 0.000000000000000000e+00 0.000000000000000000e+00 0.000000000000000000e+00 0.000000000000000000e+00
0.000000000000000000e+00 0.000000000000000000e+00 0.000000000000000000e+00 0.000000000000000000e+00 0.000000000000000000e+00 0.000000000000000000e+00 0.000000000000000000e+00
0.000000000000000000e+00 0.000000000000000000e+00 0.000000000000000000e+00 0.000000000000000000e+00 0.000000000000000000e+00 0.000000000000000000e+00 0.000000000000000000e+00
0.000000000000000000e+00 0.000000000000000000e+00 0.000000000000000000e+00 0.000000000000000000e+00 0.000000000000000000e+00 0.000000000000000000e+00 0.000000000000000000e+00
0.000000000000000000e+00 0.000000000000000000e+00 0.000000000000000000e+00 0.000000000000000000e+00 0.000000000000000000e+00 0.000000000000000000e+00 0.000000000000000000e+00
0.000000000000000000e+00 0.000000000000000000e+00 0.000000000000000000e+00 0.000000000000000000e+00 0.000000000000000000e+00 0.000000000000000000e+00 0.000000000000000000e+00
0.000000000000000000e+00 0.000000000000000000e+00 0.000000000000000000e+00 0.000000000000000000e+00 0.000000000000000000e+00 0.000000000000000000e+00 0.000000000000000000e+00
0.000000000000000000e+00 0.000000000000000000e+00 0.000000000000000000e+00 0.000000000000000000e+00 0.000000000000000000e+00 0.000000000000000000e+00 0.000000000000000000e+00
0.000000000000000000e+00 0.000000000000000000e+00 0.000000000000000000e+00 0.000000000000000000e+00 0.000000000000000000e+00 0.000000000000000000e+00 0.000000000000000000e+00
0.000000000000000000e+00 0.000000000000000000e+00 0.000000000000000000e+00 0.000000000000000000e+00 0.000000000000000000e+00 0.000000000000000000e+00 0.000000000000000000e+00
0.000000000000000000e+00 0.000000000000000000e+00 0.000000000000000000e+00 0.000000000000000000e+00 0.000000000000000000e+00 0.000000000000000000e+00 0.000000000000000000e+00
0.000000000000000000e+00 0.000000000000000000e+00 0.000000000000000000e+00 0.000000000000000000e+00 0.000000000000000000e+00 0.000000000000000000e+00 0.000000000000000000e+00
0.000000000000000000e+00 0.000000000000000000e+00 0.000000000000000000e+00 0.000000000000000000e+00 0.000000000000000000e+00 0.000000000000000000e+00 0.000000000000000000e+00
0.000000000000000000e+00 0.000000000000000000e+00 0.000000000000000000e+00 0.000000000000000000e+00 0.000000000000000000e+00 0.000000000000000000e+00 0.000000000000000000e+00
0.000000000000000000e+00 0.000000000000000000e+00 0.000000000000000000e+00 0.000000000000000000e+00 0.000000000000000000e+00 0.000000000000000000e+00 0.000000000000000000e+00
0.000000000000000000e+00 0.000000000000000000e+00 0.000000000000000000e+00 0.000000000000000000e+00 0.000000000000000000e+00 0.000000000000000000e+00 0.000000000000000000e+00
0.000000000000000000e+00 0.000000000000000000e+00 0.000000000000000000e+00 0.000000000000000000e+00 0.000000000000000000e+00 0.000000000000000000e+00 0.000000000000000000e+00
0.000000000000000000e+00 0.000000000000000000e+00 0.000000000000000000e+00 0.000000000000000000e+00 0.000000000000000000e+00 0.000000000000000000e+00 0.000000000000000000e+00
0.000000000000000000e+00 0.000000000000000000e+00 0.000000000000000000e+00 0.000000000000000000e+00 0.000000000000000000e+00 0.000000000000000000e+00 0.000000000000000000e+00
0.000000000000000000e+00 0.000000000000000000e+00 0.000000000000000000e+00 0.000000000000000000e+00 0.000000000000000000e+00 0.000000000000000000e+00 0.000000000000000000e+00
0.000000000000000000e+00 0.000000000000000000e+00 0.000000000000000000e+00 0.000000000000000000e+00 0.000000000000000000e+00 0.000000000000000000e+00 0.000000000000000000e+00
0.000000000000000000e+00 0.000000000000000000e+00 0.000000000000000000e+00 0.000000000000000000e+00 0.000000000000000000e+00 0.000000000000000000e+00 0.000000000000000000e+00
0.000000000000000000e+00 0.000000000000000000e+00 0.000000000000000000e+00 0.000000000000000000e+00 0.000000000000000000e+00 0.000000000000000000e+00 0.000000000000000000e+00
0.000000000000000000e+00 0.000000000000000000e+00 0.000000000000000000e+00 0.000000000000000000e+00 0.000000000000000000e+00 0.000000000000000000e+00 0.000000000000000000e+00
0.000000000000000000e+00 0.000000000000000000e+00 0.000000000000000000e+00 0.000000000000000000e+00 0.000000000000000000e+00 0.000000000000000000e+00 0.000000000000000000e+00
0.000000000000000000e+00 0.000000000000000000e+00 0.000000000000000000e+00 0.000000000000000000e+00 0.000000000000000000e+00 0.000000000000000000e+00 0.000000000000000000e+00
0.000000000000000000e+00 0.000000000000000000e+00 0.000000000000000000e+00 0.000000000000000000e+00 0.000000000000000000e+00 0.000000000000000000e+00 0.000000000000000000e+00
0.000000000000000000e+00 0.000000000000000000e+00 0.000000000000000000e+00 0.000000000000000000e+00 0.000000000000000000e+00 0.000000000000000000e+00 0.000000000000000000e+00
0.000000000000000000e+00 0.000000000000000000e+00 0.000000000000000000e+00 0.000000000000000000e+00 0.000000000000000000e+00 0.000000000000000000e+00 0.000000000000000000e+00
0.000000000000000000e+00 0.000000000000000000e+00 0.000000000000000000e+00 0.000000000000000000e+00 0.000000000000000000e+00 0.000000000000000000e+00 0.000000000000000000e+00
0.000000000000000000e+00 0.000000000000000000e+00 0.000000000000000000e+00 0.000000000000000000e+00 0.000000000000000000e+00 0.000000000000000000e+00 0.000000000000000000e+00
0.000000000000000000e+00 0.000000000000000000e+00 0.000000000000000000e+00 0.000000000000000000e+00 0.000000000000000000e+00 0.000000000000000000e+00 0.000000000000000000e+00
0.000000000000000000e+00 0.000000000000000000e+00 0.000000000000000000e+00 0.000000000000000000e+00 0.000000000000000000e+00 0.000000000000000000e+00 0.000000000000000000e+00
0.000000000000000000e+00 0.000000000000000000e+00 0.000000000000000000e+00 0.000000000000000000e+00 0.000000000000000000e+00 0.000000000000000000e+00 0.000000000000000000e+00
0.000000000000000000e+00 0.000000000000000000e+00 0.000000000000000000e+00 0.000000000000000000e+00 0.000000000000000000e+00 0.000000000000000000e+00 0.000000000000000000e+00
0.000000000000000000e+00 0.000000000000000000e+00 0.000000000000000000e+00 0.000000000000000000e+00 0.000000000000000000e+00 0.000000000000000000e+00 0.000000000000000000e+00
0.000000000000000000e+00 0.000000000000000000e+00 0.000000000000000000e+00 0.000000000000000000e+00 0.000000000000000000e+00 0.000000000000000000e+00 0.000000000000000000e+00
0.000000000000000000e+00 0.000000000000000000e+00 0.000000000000000000e+00 0.000000000000000000e+00 0.000000000000000000e+00 0.000000000000000000e+00 0.000000000000000000e+00
0.000000000000000000e+00 0.000000000000000000e+00 0.000000000000000000e+00 0.000000000000000000e+00 0.000000000000000000e+00 0.000000000000000000e+00 0.000000000000000000e+00
0.000000000000000000e+00 0.000000000000000000e+00 0.000000000000000000e+00 0.000000000000000000e+00 0.000000000000000000e+00 0.000000000000000000e+00 0.000000000000000000e+00
0.000000000000000000e+00 0.000000000000000000e+00 0.000000000000000000e+00 0.000000000000000000e+00 0.000000000000000000e+00 0.000000000000000000e+00 0.000000000000000000e+00
0.000000000000000000e+00 0.000000000000000000e+00 0.000000000000000000e+00 0.000000000000000000e+00 0.000000000000000000e+00 0.000000000000000000e+00 0.000000000000000000e+00
0.000000000000000000e+00 0.000000000000000000e+00 0.000000000000000000e+00 0.000000000000000000e+00 0.000000000000000000e+00 0.000000000000000000e+00 0.000000000000000000e+00
0.000000000000000000e+00 0.000000000000000000e+00 0.000000000000000000e+00 0.000000000000000000e+00 0.000000000000000000e+00 0.000000000000000000e+00 0.000000000000000000e+00
0.000000000000000000e+00 0.000000000000000000e+00 0.000000000000000000e+00 0.000000000000000000e+00 0.000000000000000000e+00 0.000000000000000000e+00 0.000000000000000000e+00
0.000000000000000000e+00 0.000000000000000000e+00 0.000000000000000000e+00 0.000000000000000000e+00 0.000000000000000000e+00 0.000000000000000000e+00 0.000000000000000000e+00
0.000000000000000000e+00 0.000000000000000000e+00 0.000000000000000000e+00 0.000000000000000000e+00 0.000000000000000000e+00 0.000000000000000000e+00 0.000000000000000000e+00
0.000000000000000000e+00 0.000000000000000000e+00 0.000000000000000000e+00 0.000000000000000000e+00 0.000000000000000000e+00 0.000000000000000000e+00 0.000000000000000000e+00
0.000000000000000000e+00 0.000000000000000000e+00 0.000000000000000000e+00 0.000000000000000000e+00 0.000000000000000000e+00 0.000000000000000000e+00 0.000000000000000000e+00
0.000000000000000000e+00 0.000000000000000000e+00 0.000000000000000000e+00 0.000000000000000000e+00 0.000000000000000000e+00 0.000000000000000000e+00 0.000000000000000000e+00
0.000000000000000000e+00 0.000000000000000000e+00 0.000000000000000000e+00 0.000000000000000000e+00 0.000000000000000000e+00 0.000000000000000000e+00 0.000000000000000000e+00
0.000000000000000000e+00 0.000000000000000000e+00 0.000000000000000000e+00 0.000000000000000000e+00 0.000000000000000000e+00 0.000000000000000000e+00 0.000000000000000000e+00
0.000000000000000000e+00 0.000000000000000000e+00 0.000000000000000000e+00 0.000000000000000000e+00 0.000000000000000000e+00 0.000000000000000000e+00 0.000000000000000000e+00
0.000000000000000000e+00 0.000000000000000000e+00 0.000000000000000000e+00 0.000000000000000000e+00 0.000000000000000000e+00 0.000000000000000000e+00 0.000000000000000000e+00
0.000000000000000000e+00 0.000000000000000000e+00 0.000000000000000000e+00 0.000000000000000000e+00 0.000000000000000000e+00 0.000000000000000000e+00 0.000000000000000000e+00
0.000000000000000000e+00 0.000000000000000000e+00 0.000000000000000000e+00 0.000000000000000000e+00 0.000000000000000000e+00 0.000000000000000000e+00 0.000000000000000000e+00
2.276239598896108873e+01 6.262395988961088733e+00 3.542623959889610887e+02 3.485123959889610887e+02 3.477623959889610887e+02 3.395123959889610887e+02 3.495123959889610887e+02
0.000000000000000000e+00 0.000000000000000000e+00 0.000000000000000000e+00 0.000000000000000000e+00 0.000000000000000000e+00 0.000000000000000000e+00 0.000000000000000000e+00
1.715837913448791596e+01 1.215837913448791596e+01 1.190837913448791596e+01 3.574083791344879160e+02 3.561583791344879160e+02 3.241583791344879160e+02 3.176583791344879160e+02
0.000000000000000000e+00 0.000000000000000000e+00 0.000000000000000000e+00 0.000000000000000000e+00 0.000000000000000000e+00 0.000000000000000000e+00 0.000000000000000000e+00
3.560457125255094866e+02 3.045712525509486568e+00 1.529571252550948657e+01 3.417957125255094866e+02 1.295712525509486568e+00 1.895457125255094866e+02 1.747957125255094866e+02
0.000000000000000000e+00 0.000000000000000000e+00 0.000000000000000000e+00 0.000000000000000000e+00 0.000000000000000000e+00 0.000000000000000000e+00 0.000000000000000000e+00
0.000000000000000000e+00 0.000000000000000000e+00 0.000000000000000000e+00 0.000000000000000000e+00 0.000000000000000000e+00 0.000000000000000000e+00 0.000000000000000000e+00
1.199996126125699902e+01 3.547499612612569990e+02 3.214999612612569990e+02 3.077499612612569990e+02 3.004999612612569990e+02 1.799996126125699902e+01 1.399996126125699902e+01
3.290594344138378347e+02 2.715594344138378347e+02 2.805594344138378347e+02 2.910594344138378347e+02 3.303094344138378347e+02 3.094344138378346543e-01 1.650594344138378347e+02
3.528101544841206305e+00 1.152810154484120631e+01 1.527810154484120631e+01 3.552781015448412063e+02 3.517781015448412063e+02 1.778101544841206305e+00 2.877810154484120631e+01
0.000000000000000000e+00 0.000000000000000000e+00 0.000000000000000000e+00 0.000000000000000000e+00 0.000000000000000000e+00 0.000000000000000000e+00 0.000000000000000000e+00
7.655702949340025043e+00 5.405702949340025043e+00 6.155702949340025043e+00 1.015570294934002504e+01 1.940570294934002504e+01 1.465570294934002504e+01 1.065570294934002504e+01
0.000000000000000000e+00 0.000000000000000000e+00 0.000000000000000000e+00 0.000000000000000000e+00 0.000000000000000000e+00 0.000000000000000000e+00 0.000000000000000000e+00
0.000000000000000000e+00 0.000000000000000000e+00 0.000000000000000000e+00 0.000000000000000000e+00 0.000000000000000000e+00 0.000000000000000000e+00 0.000000000000000000e+00
3.112160535140935735e+01 3.006216053514093574e+02 3.063716053514093574e+02 1.112160535140935735e+01 1.738716053514093574e+02 1.933716053514093574e+02 2.081216053514093574e+02
0.000000000000000000e+00 0.000000000000000000e+00 0.000000000000000000e+00 0.000000000000000000e+00 0.000000000000000000e+00 0.000000000000000000e+00 0.000000000000000000e+00
1.178549111398422156e+01 1.053549111398422156e+01 6.285491113984221556e+00 7.035491113984221556e+00 3.592854911139842216e+02 3.510354911139842216e+02 1.253549111398422156e+01
3.181341975387243792e+01 2.606341975387243792e+01 4.006341975387243792e+01 2.506341975387243792e+01 2.723134197538724379e+02 2.433134197538724379e+02 3.606341975387243792e+01
3.618131261647914698e+01 2.668131261647914698e+01 4.518131261647914698e+01 3.409313126164791470e+02 2.918131261647914698e+01 2.393131261647914698e+01 1.468131261647914698e+01
2.918688021652286579e+00 3.581686880216523150e+02 3.581686880216523150e+02 3.584186880216523150e+02 3.584186880216523150e+02 3.571686880216523150e+02 3.524186880216523150e+02
3.458501293072762905e+02 1.585012930727629055e+01 6.600129307276290547e+00 3.600129307276290547e+00 1.410012930727629055e+01 9.600129307276290547e+00 2.350129307276290547e+00
0.000000000000000000e+00 0.000000000000000000e+00 0.000000000000000000e+00 0.000000000000000000e+00 0.000000000000000000e+00 0.000000000000000000e+00 0.000000000000000000e+00
1.400410386666339946e+01 1.525410386666339946e+01 7.754103866663399458e+00 8.254103866663399458e+00 6.254103866663399458e+00 3.504103866663399458e+00 3.754103866663399458e+00
5.631969792675522513e+01 1.131969792675522513e+01 3.588196979267552251e+02 3.470696979267552251e+02 1.131969792675522513e+01 7.181969792675522513e+01 8.906969792675522513e+01
1.854490347413616291e+01 1.179490347413616291e+01 3.294903474136162913e+00 3.585449034741361629e+02 3.497949034741361629e+02 7.949034741361629131e-01 9.294903474136162913e+00
1.926150770789979561e+01 7.011507707899795605e+00 3.585115077078997956e+02 5.761507707899795605e+00 1.657615077078997956e+02 2.617615077078997956e+02 1.261507707899795605e+00
1.167387250959507128e+00 1.391738725095950713e+01 5.917387250959507128e+00 3.546673872509595071e+02 3.534173872509595071e+02 3.571673872509595071e+02 3.454173872509595071e+02
1.059900735738040112e+00 1.305990073573804011e+01 5.809900735738040112e+00 3.543099007357380401e+02 3.545599007357380401e+02 3.570599007357380401e+02 3.448099007357380401e+02
3.330922722514358156e+02 3.485922722514358156e+02 1.584227225143581563e+01 3.505922722514358156e+02 3.033422722514358156e+02 3.043422722514358156e+02 3.055922722514358156e+02
0.000000000000000000e+00 0.000000000000000000e+00 0.000000000000000000e+00 0.000000000000000000e+00 0.000000000000000000e+00 0.000000000000000000e+00 0.000000000000000000e+00
0.000000000000000000e+00 0.000000000000000000e+00 0.000000000000000000e+00 0.000000000000000000e+00 0.000000000000000000e+00 0.000000000000000000e+00 0.000000000000000000e+00
0.000000000000000000e+00 0.000000000000000000e+00 0.000000000000000000e+00 0.000000000000000000e+00 0.000000000000000000e+00 0.000000000000000000e+00 0.000000000000000000e+00
3.116205239927950288e+01 2.266205239927950288e+01 1.891205239927950288e+01 2.016205239927950288e+01 1.079120523992795029e+02 1.356620523992795029e+02 1.436620523992795029e+02
3.498671019050993323e+02 1.911710190509933227e+01 1.561710190509933227e+01 3.358671019050993323e+02 3.408671019050993323e+02 2.973671019050993323e+02 3.588671019050993323e+02
3.569257584474830765e+02 3.291757584474830765e+02 3.399257584474830765e+02 3.459257584474830765e+02 3.456757584474830765e+02 1.175758447483076452e+00 1.757584474830764520e-01
0.000000000000000000e+00 0.000000000000000000e+00 0.000000000000000000e+00 0.000000000000000000e+00 0.000000000000000000e+00 0.000000000000000000e+00 0.000000000000000000e+00
3.523772010607974607e+02 3.588772010607974607e+02 2.787720106079746074e+01 3.553772010607974607e+02 3.481272010607974607e+02 5.127201060797460741e+00 3.528772010607974607e+02
3.598646843037178087e+02 1.011468430371780869e+01 6.864684303717808689e+00 3.573646843037178087e+02 3.586146843037178087e+02 3.546146843037178087e+02 3.536146843037178087e+02
5.409168800957496615e+01 6.284168800957496615e+01 5.484168800957496615e+01 3.083416880095749661e+02 3.353416880095749661e+02 3.565916880095749661e+02 3.415916880095749661e+02
9.802357621809130706e+01 1.402357621809130706e+01 3.430235762180913071e+02 2.187735762180913071e+02 2.717735762180913071e+02 9.302357621809130706e+01 2.252357621809130706e+01
3.380757612572101607e+02 3.375757612572101607e+02 3.543257612572101607e+02 6.325761257210160693e+00 3.595757612572101607e+02 3.498257612572101607e+02 3.518257612572101607e+02
3.380738414427431167e+02 3.388238414427431167e+02 1.323841442743116659e+00 6.573841442743116659e+00 3.575738414427431167e+02 3.450738414427431167e+02 3.505738414427431167e+02
3.522290930459510605e+02 3.474790930459510605e+02 3.597290930459510605e+02 1.047909304595106050e+01 3.979093045951060503e+00 3.447290930459510605e+02 3.479790930459510605e+02
3.502923112485419210e+02 3.527923112485419210e+02 3.537923112485419210e+02 1.254231124854192103e+01 3.192923112485419210e+02 4.254231124854192103e+01 3.012923112485419210e+02
7.682444796280037735e+00 8.432444796280037735e+00 3.564324447962800377e+02 3.226824447962800377e+02 2.879324447962800377e+02 2.616824447962800377e+02 2.479324447962800377e+02
9.072130048775989053e+00 1.407213004877598905e+01 2.072130048775989053e+00 3.545721300487759891e+02 3.440721300487759891e+02 1.832213004877598905e+01 2.322130048775989053e+00
0.000000000000000000e+00 0.000000000000000000e+00 0.000000000000000000e+00 0.000000000000000000e+00 0.000000000000000000e+00 0.000000000000000000e+00 0.000000000000000000e+00
1.011356126957173274e+01 1.686356126957173274e+01 1.136356126957173274e+01 4.863561269571732737e+00 8.511356126957173274e+01 1.333635612695717327e+02 1.941135612695717327e+02
2.847838387782456948e+01 9.978383877824569481e+00 3.594783838778245695e+02 1.372838387782456948e+01 1.197838387782456948e+01 1.547838387782456948e+01 1.522838387782456948e+01
3.492331599743739048e+02 3.352331599743739048e+02 2.898315997437390479e+01 2.473315997437390479e+01 6.233159974373904788e+00 7.733159974373904788e+00 2.857331599743739048e+02
3.509175995059291040e+02 3.554175995059291040e+02 1.616759950592910400e+01 1.116759950592910400e+01 1.091759950592910400e+01 1.491759950592910400e+01 3.016759950592910400e+01
8.079919332909560126e+01 5.629919332909560126e+01 5.204919332909560126e+01 5.254919332909560126e+01 3.204919332909560126e+01 3.565491933290956013e+02 1.299193329095601257e+00
0.000000000000000000e+00 0.000000000000000000e+00 0.000000000000000000e+00 0.000000000000000000e+00 0.000000000000000000e+00 0.000000000000000000e+00 0.000000000000000000e+00
0.000000000000000000e+00 0.000000000000000000e+00 0.000000000000000000e+00 0.000000000000000000e+00 0.000000000000000000e+00 0.000000000000000000e+00 0.000000000000000000e+00
3.568291610540715055e+02 3.433291610540715055e+02 3.435791610540715055e+02 3.430791610540715055e+02 3.553291610540715055e+02 3.583291610540715055e+02 3.520791610540715055e+02
0.000000000000000000e+00 0.000000000000000000e+00 0.000000000000000000e+00 0.000000000000000000e+00 0.000000000000000000e+00 0.000000000000000000e+00 0.000000000000000000e+00
2.405107053693313901e+00 5.155107053693313901e+00 3.421551070536933139e+02 3.446551070536933139e+02 3.121551070536933139e+02 3.096551070536933139e+02 8.090510705369331390e+01
3.440755209770647411e+02 3.388255209770647411e+02 4.825520977064741146e+00 2.032552097706474115e+01 2.082552097706474115e+01 3.545755209770647411e+02 2.298255209770647411e+02
3.538453131068733342e+02 3.475953131068733342e+02 7.095313106873334164e+00 7.095313106873334164e+00 1.284531310687333416e+01 1.034531310687333416e+01 1.609531310687333416e+01
0.000000000000000000e+00 0.000000000000000000e+00 0.000000000000000000e+00 0.000000000000000000e+00 0.000000000000000000e+00 0.000000000000000000e+00 0.000000000000000000e+00
1.983012518617982778e+01 1.958012518617982778e+01 5.801251861798277787e-01 3.565801251861798278e+02 5.801251861798277787e-01 1.333012518617982778e+01 1.483012518617982778e+01
3.448775999449089227e+02 3.381275999449089227e+02 3.166275999449089227e+02 3.391275999449089227e+02 3.481275999449089227e+02 1.141275999449089227e+02 1.828775999449089227e+02
1.899490359661717775e+01 1.599490359661717775e+01 1.274490359661717775e+01 3.517449035966171778e+02 3.507449035966171778e+02 1.299490359661717775e+01 2.874490359661717775e+01
3.599221369760188054e+02 3.514221369760188054e+02 3.501721369760188054e+02 3.524221369760188054e+02 3.541721369760188054e+02 1.172136976018805399e+00 1.292213697601880540e+01
3.592975863455856711e+02 2.797586345585671097e+00 2.304758634558567110e+01 2.754758634558567110e+01 3.195475863455856711e+02 2.805475863455856711e+02 3.150475863455856711e+02
3.520628422745249964e+02 3.590628422745249964e+02 2.062842274524996355e+00 5.562842274524996355e+00 4.062842274524996355e+00 3.590628422745249964e+02 3.575628422745249964e+02
3.154751058405315689e+01 1.029751058405315689e+01 3.587975105840531569e+02 3.500475105840531569e+02 3.512975105840531569e+02 2.047510584053156890e+00 3.265475105840531569e+02
8.091362781604857446e+00 3.555913627816048574e+02 5.091362781604857446e+00 3.575913627816048574e+02 3.215913627816048574e+02 3.143413627816048574e+02 3.470913627816048574e+02
3.291069610609296205e+02 3.261069610609296205e+02 1.606961060929620544e+00 3.571069610609296205e+02 3.606961060929620544e+00 2.606961060929620544e+00 3.503569610609296205e+02
9.547335791137953720e+00 1.229733579113795372e+01 7.797335791137953720e+00 4.797335791137953720e+00 5.547335791137953720e+00 4.047335791137953720e+00 3.500473357911379253e+02
7.669516832784779581e+00 3.591695168327847796e+02 2.169516832784779581e+00 3.574195168327847796e+02 3.386695168327847796e+02 3.176695168327847796e+02 3.156695168327847796e+02
1.114363719782579665e+01 6.893637197825796648e+00 6.143637197825796648e+00 6.143637197825796648e+00 3.593936371978257966e+02 3.403936371978257966e+02 3.011436371978257966e+02
1.174635604255223598e+01 2.996356042552235976e+00 3.549963560425522360e+02 3.534963560425522360e+02 3.569963560425522360e+02 4.963560425522359765e-01 3.589963560425522360e+02
5.567176255007666441e+00 5.671762550076664411e-01 3.460671762550076664e+02 3.438171762550076664e+02 2.548171762550076664e+02 2.255671762550076664e+02 2.128171762550076664e+02
3.510548369117644825e+02 2.554836911764482466e+00 1.780483691176448247e+01 3.373048369117644825e+02 3.290548369117644825e+02 3.505548369117644825e+02 3.438048369117644825e+02
7.882389630356044563e+00 3.591323896303560446e+02 3.541323896303560446e+02 3.546323896303560446e+02 3.363823896303560446e+02 2.221323896303560446e+02 3.548823896303560446e+02
0.000000000000000000e+00 0.000000000000000000e+00 0.000000000000000000e+00 0.000000000000000000e+00 0.000000000000000000e+00 0.000000000000000000e+00 0.000000000000000000e+00
4.921580954634634963e+01 1.646580954634634963e+01 2.346580954634634963e+01 1.446580954634634963e+01 3.715809546346349634e+00 3.469658095463463496e+02 1.246580954634634963e+01
2.021191669493350673e+01 2.071191669493350673e+01 5.146191669493350673e+01 3.871191669493350673e+01 1.711916694933506733e+00 3.412119166949335067e+02 3.532119166949335067e+02
1.988069444247878437e+01 1.988069444247878437e+01 2.313069444247878437e+01 3.163069444247878437e+01 5.238069444247878437e+01 2.861306944424787844e+02 3.141306944424787844e+02
0.000000000000000000e+00 0.000000000000000000e+00 0.000000000000000000e+00 0.000000000000000000e+00 0.000000000000000000e+00 0.000000000000000000e+00 0.000000000000000000e+00
7.108977178250029283e+00 6.089771782500292829e-01 1.510897717825002928e+01 6.858977178250029283e+00 1.060897717825002928e+01 1.135897717825002928e+01 1.608977178250029283e+00
0.000000000000000000e+00 0.000000000000000000e+00 0.000000000000000000e+00 0.000000000000000000e+00 0.000000000000000000e+00 0.000000000000000000e+00 0.000000000000000000e+00
3.257717974840318220e+01 2.882717974840318220e+01 2.207717974840318220e+01 1.957717974840318220e+01 1.907717974840318220e+01 3.375771797484031822e+02 2.182717974840318220e+01
6.400403604834536964e+00 3.519004036048345370e+02 7.400403604834536964e+00 7.650403604834536964e+00 5.315040360483453696e+01 2.291504036048345370e+02 2.911504036048345370e+02
0.000000000000000000e+00 0.000000000000000000e+00 0.000000000000000000e+00 0.000000000000000000e+00 0.000000000000000000e+00 0.000000000000000000e+00 0.000000000000000000e+00
6.765071099816850619e+00 1.076507109981685062e+01 3.215150710998168506e+02 1.997650710998168506e+02 1.985150710998168506e+02 2.232650710998168506e+02 1.890150710998168506e+02
0.000000000000000000e+00 0.000000000000000000e+00 0.000000000000000000e+00 0.000000000000000000e+00 0.000000000000000000e+00 0.000000000000000000e+00 0.000000000000000000e+00
3.510016001879890268e+02 3.575016001879890268e+02 2.251600187989026836e+00 1.751600187989026836e+00 3.527516001879890268e+02 3.467516001879890268e+02 2.162516001879890268e+02
0.000000000000000000e+00 0.000000000000000000e+00 0.000000000000000000e+00 0.000000000000000000e+00 0.000000000000000000e+00 0.000000000000000000e+00 0.000000000000000000e+00
3.574037280144500528e+02 3.566537280144500528e+02 3.556537280144500528e+02 3.599037280144500528e+02 5.153728014450052797e+00 6.153728014450052797e+00 3.536537280144500528e+02
0.000000000000000000e+00 0.000000000000000000e+00 0.000000000000000000e+00 0.000000000000000000e+00 0.000000000000000000e+00 0.000000000000000000e+00 0.000000000000000000e+00
3.349139835982533668e+02 3.314139835982533668e+02 3.424139835982533668e+02 3.439139835982533668e+02 3.441398359825336684e+01 3.231639835982533668e+02 3.399139835982533668e+02
3.592917563470866753e+02 5.041756347086675305e+00 1.087917563470866753e+02 9.954175634708667531e+01 3.025417563470866753e+02 3.510417563470866753e+02 2.370417563470866753e+02
3.574424533430355382e+02 4.819245334303553818e+01 6.944245334303553818e+01 7.294245334303553818e+01 6.569245334303553818e+01 3.144245334303553818e+01 3.269245334303553818e+01
6.174013881831115214e-01 3.336174013881831115e+02 2.071174013881831115e+02 3.443674013881831115e+02 3.528674013881831115e+02 3.461174013881831115e+02 3.536174013881831115e+02
3.588878776738700935e+02 3.556378776738700935e+02 7.887877673870093531e+00 3.556378776738700935e+02 1.137877673870093531e+00 1.813787767387009353e+01 3.283878776738700935e+02
1.417553105176239114e+01 1.175531051762391144e+00 1.342553105176239114e+01 2.467553105176239114e+01 3.517553105176239114e+01 2.817553105176239114e+01 3.431755310517623911e+02
2.664674423056567321e+00 3.476646744230565673e+02 3.279146744230565673e+02 3.494146744230565673e+02 3.499146744230565673e+02 9.414674423056567321e+00 1.066467442305656732e+01
0.000000000000000000e+00 0.000000000000000000e+00 0.000000000000000000e+00 0.000000000000000000e+00 0.000000000000000000e+00 0.000000000000000000e+00 0.000000000000000000e+00
0.000000000000000000e+00 0.000000000000000000e+00 0.000000000000000000e+00 0.000000000000000000e+00 0.000000000000000000e+00 0.000000000000000000e+00 0.000000000000000000e+00
1.682943676009585943e+01 7.829436760095859427e+00 1.207943676009585943e+01 2.057943676009585943e+01 3.007943676009585943e+01 1.882943676009585943e+01 4.329436760095859427e+00
2.844377248791147395e+00 9.594377248791147395e+00 2.584437724879114739e+01 3.059437724879114739e+01 3.859437724879114739e+01 3.384437724879114739e+01 1.684437724879114739e+01
3.266546436862377618e+02 3.509046436862377618e+02 3.474046436862377618e+02 3.454046436862377618e+02 8.765464368623776181e+01 2.509046436862377618e+02 2.801546436862377618e+02
1.731284685814966906e+01 1.981284685814966906e+01 7.062846858149669060e+00 3.312846858149669060e+00 3.128468581496690604e-01 3.490628468581496691e+02 5.062846858149669060e+00
0.000000000000000000e+00 0.000000000000000000e+00 0.000000000000000000e+00 0.000000000000000000e+00 0.000000000000000000e+00 0.000000000000000000e+00 0.000000000000000000e+00
3.556276537359553913e+02 1.687765373595539131e+01 2.137765373595539131e+01 3.596276537359553913e+02 2.887765373595539131e+01 3.687765373595539131e+01 1.762765373595539131e+01
3.006240522624045752e+01 2.831240522624045752e+01 2.256240522624045752e+01 1.381240522624045752e+01 1.206240522624045752e+01 9.312405226240457523e+00 1.081240522624045752e+01
3.533444156567102823e+02 3.310944156567102823e+02 3.250944156567102823e+02 3.210944156567102823e+02 4.759441565671028229e+01 4.859441565671028229e+01 5.609441565671028229e+01
0.000000000000000000e+00 0.000000000000000000e+00 0.000000000000000000e+00 0.000000000000000000e+00 0.000000000000000000e+00 0.000000000000000000e+00 0.000000000000000000e+00
2.034278258809479212e+01 2.409278258809479212e+01 8.342782588094792118e+00 3.493427825880947921e+02 3.453427825880947921e+02 4.092782588094792118e+00 2.592782588094792118e+00
3.563244652608780143e+02 1.757446526087801431e+01 7.574465260878014305e+00 5.574465260878014305e+00 1.007446526087801431e+01 1.157446526087801431e+01 2.574465260878014305e+00
2.169573276960397834e+01 2.945732769603978340e+00 3.459457327696039783e+02 1.695732769603978340e+00 3.564457327696039783e+02 3.559457327696039783e+02 1.069573276960397834e+01
0.000000000000000000e+00 0.000000000000000000e+00 0.000000000000000000e+00 0.000000000000000000e+00 0.000000000000000000e+00 0.000000000000000000e+00 0.000000000000000000e+00
0.000000000000000000e+00 0.000000000000000000e+00 0.000000000000000000e+00 0.000000000000000000e+00 0.000000000000000000e+00 0.000000000000000000e+00 0.000000000000000000e+00
3.502949827824676845e+02 3.565449827824676845e+02 1.679498278246768450e+01 7.044982782467684501e+00 2.104498278246768450e+01 2.154498278246768450e+01 1.929498278246768450e+01
3.050178711827857114e+01 2.450178711827857114e+01 2.525178711827857114e+01 5.625178711827857114e+01 1.335017871182785711e+02 2.002517871182785711e+02 1.887517871182785711e+02
9.191244648395581862e+00 3.584412446483955819e+02 3.596912446483955819e+02 1.619124464839558186e+01 8.691244648395581862e+00 3.541912446483955819e+02 3.301912446483955819e+02
7.587238252966358232e+00 3.545872382529663582e+02 3.465872382529663582e+02 3.490872382529663582e+02 3.337238252966358232e+00 3.528372382529663582e+02 3.278372382529663582e+02
0.000000000000000000e+00 0.000000000000000000e+00 0.000000000000000000e+00 0.000000000000000000e+00 0.000000000000000000e+00 0.000000000000000000e+00 0.000000000000000000e+00
3.571318191208590633e+02 1.138181912085906333e+01 3.523818191208590633e+02 3.456318191208590633e+02 3.576318191208590633e+02 3.426318191208590633e+02 3.158818191208590633e+02
2.305405125113509257e+01 5.304051251135092571e+00 3.040512511350925706e-01 3.558040512511350926e+02 3.563040512511350926e+02 1.330405125113509257e+01 2.305405125113509257e+01
0.000000000000000000e+00 0.000000000000000000e+00 0.000000000000000000e+00 0.000000000000000000e+00 0.000000000000000000e+00 0.000000000000000000e+00 0.000000000000000000e+00
0.000000000000000000e+00 0.000000000000000000e+00 0.000000000000000000e+00 0.000000000000000000e+00 0.000000000000000000e+00 0.000000000000000000e+00 0.000000000000000000e+00
1.073906976883796460e+01 3.348906976883796460e+01 2.187390697688379646e+02 2.829890697688379646e+02 3.447390697688379646e+02 3.159890697688379646e+02 3.329890697688379646e+02
1.412681801311020990e+01 1.312681801311020990e+01 3.583768180131102099e+02 3.106268180131102099e+02 3.266268180131102099e+02 3.066268180131102099e+02 2.573768180131102099e+02
2.562554687386318619e+02 2.675054687386318619e+02 2.662554687386318619e+02 2.740054687386318619e+02 3.185054687386318619e+02 3.545054687386318619e+02 3.387554687386318619e+02
3.576917908053118254e+02 1.419179080531182535e+01 1.169179080531182535e+01 9.691790805311825352e+00 1.694179080531182535e+01 4.869179080531182535e+01 2.744179080531182535e+01
1.902553575578167511e+00 3.544025535755781675e+02 1.690255357557816751e+01 1.140255357557816751e+01 9.152553575578167511e+00 2.896525535755781675e+02 2.719025535755781675e+02
0.000000000000000000e+00 0.000000000000000000e+00 0.000000000000000000e+00 0.000000000000000000e+00 0.000000000000000000e+00 0.000000000000000000e+00 0.000000000000000000e+00
0.000000000000000000e+00 0.000000000000000000e+00 0.000000000000000000e+00 0.000000000000000000e+00 0.000000000000000000e+00 0.000000000000000000e+00 0.000000000000000000e+00
