9.794195170527911776e-01 9.720026193107126344e-01 9.698742259526609288e-01 9.830662543566111022e-01 9.815134734980501818e-01 9.360722096118757607e-01 8.435323769262765836e-01
9.932313791986883134e-01 9.925049266126332315e-01 9.898290438416329495e-01 9.889096970136800335e-01 9.872219489695793770e-01 9.628788410335427095e-01 9.343365080820715818e-01
0.000000000000000000e+00 0.000000000000000000e+00 0.000000000000000000e+00 0.000000000000000000e+00 0.000000000000000000e+00 0.000000000000000000e+00 0.000000000000000000e+00
0.000000000000000000e+00 0.000000000000000000e+00 0.000000000000000000e+00 0.000000000000000000e+00 0.000000000000000000e+00 0.000000000000000000e+00 0.000000000000000000e+00
8.649319322365043305e-01 5.082818906293092853e-01 4.771408561932241610e-01 6.017441361197914951e-01 9.543183089718565437e-01 8.142920823613193360e-01 8.236529510240666596e-01
0.000000000000000000e+00 0.000000000000000000e+00 0.000000000000000000e+00 0.000000000000000000e+00 0.000000000000000000e+00 0.000000000000000000e+00 0.000000000000000000e+00
8.982614351717397305e-01 8.544087209058858212e-01 8.424197150804637602e-01 8.441256015437855753e-01 7.924499021342349403e-01 7.350571137255341725e-01 6.559500189434692707e-01
8.652352453611931171e-01 8.927016163023392403e-01 9.171257136668312659e-01 8.585205184607719309e-01 9.319653338625416561e-01 9.557951987815693773e-01 9.521002198003816197e-01
0.000000000000000000e+00 0.000000000000000000e+00 0.000000000000000000e+00 0.000000000000000000e+00 0.000000000000000000e+00 0.000000000000000000e+00 0.000000000000000000e+00
0.000000000000000000e+00 0.000000000000000000e+00 0.000000000000000000e+00 0.000000000000000000e+00 0.000000000000000000e+00 0.000000000000000000e+00 0.000000000000000000e+00
8.868159291980358683e-01 7.140592531176152002e-01 7.985122158920299196e-01 7.719847982004476306e-01 5.666187306100657350e-01 8.453257133604525908e-01 7.721154431216975533e-01
9.086294707186508557e-01 8.418195230422915731e-01 4.574122956873044599e-01 3.994164869284789754e-01 4.325319317844761313e-01 5.375673075220954722e-01 2.139696269087917602e-01
9.017421009769490681e-01 9.335377022758891696e-01 9.665690383783842599e-01 9.499552845489208641e-01 8.821925722750267873e-01 8.482723368042083267e-01 8.939317609898225214e-01
9.877638541456335020e-01 9.944355249219131165e-01 9.964087841906011933e-01 9.963598526120985843e-01 9.915644111038747210e-01 9.748426246541073148e-01 9.882853119229079164e-01
9.862248979210549438e-01 9.936562571984109971e-01 9.963554340216834726e-01 9.957952437960462255e-01 9.340008489405846603e-01 7.724561591565022312e-01 9.621282489813862693e-01
0.000000000000000000e+00 0.000000000000000000e+00 0.000000000000000000e+00 0.000000000000000000e+00 0.000000000000000000e+00 0.000000000000000000e+00 0.000000000000000000e+00
0.000000000000000000e+00 0.000000000000000000e+00 0.000000000000000000e+00 0.000000000000000000e+00 0.000000000000000000e+00 0.000000000000000000e+00 0.000000000000000000e+00
9.606059444168463246e-01 9.653653933981641844e-01 9.394660283941470569e-01 8.696608214062705455e-01 7.926941615528427798e-01 8.755187514900276691e-01 8.171495531464956219e-01
9.939477422261411288e-01 9.962328083259317513e-01 9.949266119961232002e-01 9.883505007957418265e-01 9.601075468592911166e-01 5.835295652909140429e-01 5.064660544925254637e-01
0.000000000000000000e+00 0.000000000000000000e+00 0.000000000000000000e+00 0.000000000000000000e+00 0.000000000000000000e+00 0.000000000000000000e+00 0.000000000000000000e+00
0.000000000000000000e+00 0.000000000000000000e+00 0.000000000000000000e+00 0.000000000000000000e+00 0.000000000000000000e+00 0.000000000000000000e+00 0.000000000000000000e+00
8.805894071958665359e-01 8.957782394368849488e-01 9.592249859555270763e-01 9.863161016332591124e-01 9.911131785138692640e-01 9.475786754684578650e-01 7.603138767588614177e-01
9.588222989616391745e-01 9.713450166587884738e-01 9.596078848396443206e-01 8.141567322256145767e-01 6.088090672908063050e-01 5.283904890080909356e-01 9.099698470339229184e-01
0.000000000000000000e+00 0.000000000000000000e+00 0.000000000000000000e+00 0.000000000000000000e+00 0.000000000000000000e+00 0.000000000000000000e+00 0.000000000000000000e+00
9.001857965810324824e-01 9.097448486127487355e-01 7.934157122783423999e-01 5.877305557885242893e-01 4.774653771852517825e-01 2.605700096419085177e-01 2.206895392566475822e-01
9.546090532186782829e-01 9.772784948981146913e-01 9.732074950263691626e-01 9.716575420480955128e-01 9.645210623915033699e-01 9.753541402446890274e-01 9.178990173373463568e-01
0.000000000000000000e+00 0.000000000000000000e+00 0.000000000000000000e+00 0.000000000000000000e+00 0.000000000000000000e+00 0.000000000000000000e+00 0.000000000000000000e+00
0.000000000000000000e+00 0.000000000000000000e+00 0.000000000000000000e+00 0.000000000000000000e+00 0.000000000000000000e+00 0.000000000000000000e+00 0.000000000000000000e+00
8.909101210535719240e-01 7.906076867116178519e-01 6.181722503303126448e-01 5.681741053362654448e-01 5.235067271436708580e-01 4.798348519338295759e-01 4.382534830082772670e-01
7.652509909001634636e-01 6.313676508036452084e-01 8.245590464476165726e-01 9.312170218327766591e-01 9.338552326177488316e-01 9.320789872246899588e-01 9.442084555425110937e-01
0.000000000000000000e+00 0.000000000000000000e+00 0.000000000000000000e+00 0.000000000000000000e+00 0.000000000000000000e+00 0.000000000000000000e+00 0.000000000000000000e+00
7.256378217217487325e-01 3.958287703490412923e-01 7.039682849841418788e-01 3.120757726073978833e-01 3.121996528883861366e-01 3.235133003344957126e-01 6.215099620890079946e-01
0.000000000000000000e+00 0.000000000000000000e+00 0.000000000000000000e+00 0.000000000000000000e+00 0.000000000000000000e+00 0.000000000000000000e+00 0.000000000000000000e+00
9.382786064933693604e-01 9.601543271616048703e-01 9.488524365228969693e-01 9.262389346799568823e-01 9.331086446347507390e-01 5.385740166697030595e-01 8.137063351675269951e-01
9.366980954436364692e-01 9.475732162516427026e-01 9.758776366837026428e-01 9.279108581980479720e-01 9.251363020671145021e-01 9.457831304727806199e-01 9.853495261024417529e-01
9.759245916512284680e-01 9.811530587643749746e-01 9.784597617468135944e-01 9.761082160491183490e-01 9.654858565161462680e-01 9.552237610048074368e-01 9.393405885740860883e-01
9.866022048813466450e-01 9.931626540667242153e-01 9.961452447543860389e-01 9.959434763782563094e-01 9.846504754428704320e-01 9.156377750697605178e-01 4.140834900093357529e-01
9.803591419068566903e-01 9.829106938293280527e-01 9.783623122915332537e-01 9.591804104051498969e-01 9.514422251278427112e-01 9.034243487980837539e-01 7.329856431591665888e-01
8.680260717303455165e-01 9.067371078358821279e-01 8.950872755333734165e-01 9.058138781675438844e-01 8.349919200748721071e-01 4.528534495657799974e-01 4.628078841479004168e-01
0.000000000000000000e+00 0.000000000000000000e+00 0.000000000000000000e+00 0.000000000000000000e+00 0.000000000000000000e+00 0.000000000000000000e+00 0.000000000000000000e+00
9.818787825332322416e-01 9.888634693856400704e-01 9.860855970102613277e-01 9.784717592518600293e-01 9.824135753718516995e-01 9.216968406459811192e-01 7.769955828515400231e-01
0.000000000000000000e+00 0.000000000000000000e+00 0.000000000000000000e+00 0.000000000000000000e+00 0.000000000000000000e+00 0.000000000000000000e+00 0.000000000000000000e+00
0.000000000000000000e+00 0.000000000000000000e+00 0.000000000000000000e+00 0.000000000000000000e+00 0.000000000000000000e+00 0.000000000000000000e+00 0.000000000000000000e+00
7.469813269476195394e-01 4.960841037676191334e-01 2.784614980425573205e-01 4.860740540230464313e-01 8.515495184350618807e-01 9.712591829113250697e-01 8.977629475062393061e-01
9.664796984060896046e-01 9.768740970319358397e-01 9.675098603044115508e-01 8.994979237470839273e-01 9.765868469327662060e-01 9.598322725221997143e-01 9.844472978914116101e-01
7.757306346466312785e-01 7.911666258997936962e-01 9.122043225690157353e-01 9.733125784724754315e-01 9.774592433378577194e-01 6.222539862097035135e-01 7.094310056197022929e-01
8.670407216143564133e-01 7.034431641215255215e-01 5.715481426200156312e-01 4.894755621297857684e-01 3.157947274761894740e-01 4.279409880870689853e-01 8.066853604352675067e-01
0.000000000000000000e+00 0.000000000000000000e+00 0.000000000000000000e+00 0.000000000000000000e+00 0.000000000000000000e+00 0.000000000000000000e+00 0.000000000000000000e+00
9.603515097059586170e-01 9.378578665274683868e-01 9.227649728200975066e-01 9.244093243325590681e-01 9.348218804097322421e-01 9.363463867038300803e-01 9.655417385208470149e-01
0.000000000000000000e+00 0.000000000000000000e+00 0.000000000000000000e+00 0.000000000000000000e+00 0.000000000000000000e+00 0.000000000000000000e+00 0.000000000000000000e+00
9.682863819715388232e-01 9.164726050593600126e-01 8.752584549548274584e-01 9.450226416991446277e-01 9.772498806161242779e-01 9.679673929438616931e-01 9.816670144452338542e-01
9.291469261020431913e-01 9.233159597048985479e-01 8.247889442829580142e-01 6.794486915398381122e-01 6.806247445624848957e-01 8.781924775969431884e-01 9.349404848774790500e-01
9.169347491319673749e-01 9.330112378883256286e-01 8.567916437420746156e-01 8.130490368664378131e-01 8.487411788507558397e-01 8.482371767439352839e-01 9.393276693228967966e-01
9.359755713880909544e-01 9.138873452411336862e-01 8.858629887551441318e-01 8.382745830633715478e-01 8.164986824873277094e-01 9.443616953800672009e-01 9.469879183924984067e-01
9.922387571360665737e-01 9.939847403169383977e-01 9.936418114428932080e-01 9.909958179757872854e-01 9.801596941023594800e-01 7.231110413927125391e-01 8.715946913525686179e-01
9.739739213147718955e-01 9.672298691928248315e-01 9.535322566765435104e-01 9.501129224707129950e-01 9.669321967751959290e-01 9.547205483291262285e-01 9.250454657718998330e-01
9.933838651838344802e-01 9.925771723438785443e-01 9.918809079149063512e-01 9.917047764233644092e-01 9.953880895173902177e-01 9.953895232883744892e-01 9.950709637318442269e-01
9.931890539599608214e-01 9.924401631083398234e-01 9.917965075848186318e-01 9.917309699968552827e-01 9.953626723525718090e-01 9.953380500434879652e-01 9.950988452133248119e-01
0.000000000000000000e+00 0.000000000000000000e+00 0.000000000000000000e+00 0.000000000000000000e+00 0.000000000000000000e+00 0.000000000000000000e+00 0.000000000000000000e+00
9.724770775526915267e-01 9.835874678732892118e-01 9.902642926948626023e-01 8.770139880657170650e-01 5.272349888374100457e-01 4.471392742497861117e-01 8.347866043616555265e-01
0.000000000000000000e+00 0.000000000000000000e+00 0.000000000000000000e+00 0.000000000000000000e+00 0.000000000000000000e+00 0.000000000000000000e+00 0.000000000000000000e+00
9.742343276741818325e-01 9.715166904938247194e-01 9.729933916139209549e-01 9.598355997556269337e-01 9.480549072776085495e-01 9.658858833774582875e-01 9.786695174519965956e-01
0.000000000000000000e+00 0.000000000000000000e+00 0.000000000000000000e+00 0.000000000000000000e+00 0.000000000000000000e+00 0.000000000000000000e+00 0.000000000000000000e+00
9.090134483016707456e-01 7.848198733115477888e-01 7.593420286395557994e-01 8.020457709300111704e-01 9.235530924505350736e-01 7.058351154071942357e-01 5.834058254062086668e-01
0.000000000000000000e+00 0.000000000000000000e+00 0.000000000000000000e+00 0.000000000000000000e+00 0.000000000000000000e+00 0.000000000000000000e+00 0.000000000000000000e+00
0.000000000000000000e+00 0.000000000000000000e+00 0.000000000000000000e+00 0.000000000000000000e+00 0.000000000000000000e+00 0.000000000000000000e+00 0.000000000000000000e+00
9.708794772559903308e-01 9.643877895797672295e-01 9.477564375680209707e-01 9.046074214367316735e-01 9.036410713312371668e-01 5.944973087215604801e-01 3.431895179838343468e-01
8.869561196216255716e-01 8.742577632707352331e-01 9.280373348637001030e-01 9.266785330504029305e-01 8.710147244400537891e-01 9.467286685010042335e-01 9.532968326110261570e-01
9.156296138714460353e-01 8.820067357971262956e-01 7.210041533660839219e-01 6.419644490364689871e-01 6.109153797177933054e-01 5.913137517963176215e-01 3.313752927996228559e-01
0.000000000000000000e+00 0.000000000000000000e+00 0.000000000000000000e+00 0.000000000000000000e+00 0.000000000000000000e+00 0.000000000000000000e+00 0.000000000000000000e+00
9.556043783147687432e-01 9.207162115670065594e-01 8.552230834713466789e-01 7.123172282340012318e-01 4.547011423497142601e-01 3.261605156327705979e-01 7.493216090722507605e-01
0.000000000000000000e+00 0.000000000000000000e+00 0.000000000000000000e+00 0.000000000000000000e+00 0.000000000000000000e+00 0.000000000000000000e+00 0.000000000000000000e+00
0.000000000000000000e+00 0.000000000000000000e+00 0.000000000000000000e+00 0.000000000000000000e+00 0.000000000000000000e+00 0.000000000000000000e+00 0.000000000000000000e+00
8.436022912956691044e-01 8.512927145017950004e-01 9.032671988775946570e-01 9.518286061761666028e-01 9.538516264118608312e-01 8.452763647508576561e-01 6.552206406113206816e-01
0.000000000000000000e+00 0.000000000000000000e+00 0.000000000000000000e+00 0.000000000000000000e+00 0.000000000000000000e+00 0.000000000000000000e+00 0.000000000000000000e+00
9.572198144240703366e-01 9.342222792213082938e-01 9.324787190180824359e-01 9.425351791356137987e-01 8.984562534778114395e-01 7.196892154595794233e-01 5.546670351407946287e-01
7.603677481068352728e-01 7.153480221924083393e-01 6.208111476704022413e-01 5.337773741308530218e-01 3.743376524344129708e-01 3.427748249911521938e-01 5.000203438466850336e-01
8.672100018690906964e-01 7.683259481717331640e-01 6.258119139836574307e-01 6.452579120782140354e-01 5.573045207256881461e-01 6.299284663025422892e-01 6.977081079924242202e-01
7.040203352710850959e-01 8.335397100266924708e-01 8.854228634223801908e-01 7.338737474115654136e-01 6.864419385126312445e-01 7.523343110741116391e-01 4.306396018756935007e-01
8.928902346863480943e-01 6.953570936051285400e-01 4.311440207097644306e-01 3.868077762809369879e-01 2.490932151470380274e-01 4.117146521005009552e-01 4.779865089321801430e-01
0.000000000000000000e+00 0.000000000000000000e+00 0.000000000000000000e+00 0.000000000000000000e+00 0.000000000000000000e+00 0.000000000000000000e+00 0.000000000000000000e+00
9.349080403102715264e-01 9.305660760407938881e-01 9.003546558102686337e-01 9.078213439591231726e-01 9.278773649476017571e-01 9.388176635227964972e-01 7.842700816847697487e-01
8.211300512437653687e-01 6.667869779395237950e-01 5.904608728851979960e-01 5.417020125297318245e-01 6.460556704867158606e-01 2.223628920347229532e-01 3.168246291988609520e-01
9.860586733697959128e-01 9.723648484032925143e-01 9.744504016195123519e-01 9.847318435370691070e-01 9.878312609891569673e-01 9.919550328937828398e-01 9.939891996996975676e-01
8.209365357233537885e-01 5.697207925382289373e-01 6.819981171327941238e-01 9.329878243227173185e-01 9.180971195294034271e-01 9.481663964798011657e-01 9.658333991646116390e-01
9.655429573154473699e-01 9.531999312610334174e-01 8.836272618395721867e-01 7.363040136101168809e-01 5.557613952198175999e-01 3.054773698226926348e-01 5.160484769939014393e-01
9.655798271158522184e-01 9.536488293448146525e-01 8.824413968560820276e-01 7.342921833977450463e-01 5.571915981586356148e-01 3.069543653668336258e-01 5.153508142973911577e-01
9.877784609928703663e-01 9.819575878498824073e-01 9.640917912654520805e-01 9.701235810907732349e-01 9.630916083872256284e-01 9.180243534287382268e-01 9.248088313831124285e-01
0.000000000000000000e+00 0.000000000000000000e+00 0.000000000000000000e+00 0.000000000000000000e+00 0.000000000000000000e+00 0.000000000000000000e+00 0.000000000000000000e+00
0.000000000000000000e+00 0.000000000000000000e+00 0.000000000000000000e+00 0.000000000000000000e+00 0.000000000000000000e+00 0.000000000000000000e+00 0.000000000000000000e+00
0.000000000000000000e+00 0.000000000000000000e+00 0.000000000000000000e+00 0.000000000000000000e+00 0.000000000000000000e+00 0.000000000000000000e+00 0.000000000000000000e+00
9.056343235487158694e-01 8.776596823898512589e-01 8.436980009774831535e-01 5.989770708425091739e-01 4.732641124212091932e-01 3.480683283379364945e-01 4.411238668624149484e-01
8.861883415764710836e-01 6.929038806409782980e-01 5.618232549722401714e-01 4.503027026670821109e-01 2.235382674533261949e-01 5.689620238552144382e-01 6.851132275047091547e-01
9.073935402369132097e-01 9.008625124040129384e-01 8.924367439563288817e-01 9.446755842721350493e-01 9.332348758387163379e-01 9.341486106473695372e-01 9.053342628179260609e-01
0.000000000000000000e+00 0.000000000000000000e+00 0.000000000000000000e+00 0.000000000000000000e+00 0.000000000000000000e+00 0.000000000000000000e+00 0.000000000000000000e+00
9.632701966567147611e-01 9.770321644024734242e-01 9.810446758327880934e-01 9.749839407220171061e-01 9.712629311911220586e-01 9.735693174109113501e-01 9.439653573114138441e-01
6.963787450465084294e-01 8.091165355244799295e-01 7.677267401024550075e-01 8.698451469216754717e-01 8.864789165318243125e-01 9.463955761449566184e-01 8.760807264186690757e-01
7.121819035991089342e-01 5.786063285527089928e-01 6.235531892691879019e-01 6.060567582804605724e-01 8.215007218091429086e-01 7.705794653449964393e-01 9.099950865626039720e-01
9.753071054163227060e-01 9.655304691062565059e-01 9.542280220437615590e-01 9.439622917213913444e-01 8.824205473186294002e-01 8.702921679716258963e-01 9.019903470166161785e-01
8.269406430014549780e-01 7.202440974659332085e-01 7.252611036884233364e-01 8.024383264124256288e-01 7.623318145440775018e-01 8.725131318436649686e-01 9.778197605680692961e-01
8.610584254567543727e-01 6.985037149213260133e-01 7.693767650518232859e-01 8.629196846361207873e-01 8.995180750461203578e-01 8.840564964598714992e-01 9.801194955445261536e-01
8.332203678987755158e-01 7.019274570347142639e-01 7.381612375979814678e-01 5.132188124486217751e-01 7.094950169312685961e-01 8.360074086043501884e-01 9.023142019549184045e-01
9.812882730377303631e-01 9.794442400795717596e-01 9.746888065095968834e-01 9.519833119474294669e-01 8.860614611000914298e-01 8.931637300556158898e-01 8.868899121038793520e-01
9.817557793999255322e-01 9.827341264024394007e-01 9.708228090644671626e-01 9.662229180677177620e-01 9.494005332657294849e-01 9.213828092453310026e-01 8.597553054259747807e-01
8.734778619967276114e-01 8.101193742611372262e-01 7.722261815964935883e-01 7.636599671034078884e-01 9.171425254582338260e-01 8.606229626610342187e-01 9.666007453236580282e-01
0.000000000000000000e+00 0.000000000000000000e+00 0.000000000000000000e+00 0.000000000000000000e+00 0.000000000000000000e+00 0.000000000000000000e+00 0.000000000000000000e+00
9.536941118490023239e-01 9.282231747690733448e-01 9.569007878017690150e-01 5.405473681008573505e-01 2.455250634970936596e-01 2.812374447785627174e-01 2.610918619262734830e-01
7.718388200857703163e-01 8.495890906741443427e-01 4.262052931435914016e-01 3.848199720939401436e-01 2.070481177572207898e-01 4.969433093105130594e-01 5.595944886169110788e-01
9.637142737035563345e-01 9.303516044364639193e-01 8.422056293032057495e-01 7.217072361633345423e-01 7.101445578300057404e-01 7.401227415903146589e-01 8.752627717883744163e-01
7.435398179950764019e-01 6.910164259670619202e-01 7.895173967634512291e-01 9.179795734719418121e-01 9.295400018007231591e-01 8.098141051575411531e-01 8.585408123881211884e-01
4.924508934524245429e-01 4.987794744372497369e-01 4.916480897016120566e-01 4.907181934500401965e-01 7.312594324147496661e-01 7.685782512504593100e-01 9.213421463900091091e-01
0.000000000000000000e+00 0.000000000000000000e+00 0.000000000000000000e+00 0.000000000000000000e+00 0.000000000000000000e+00 0.000000000000000000e+00 0.000000000000000000e+00
0.000000000000000000e+00 0.000000000000000000e+00 0.000000000000000000e+00 0.000000000000000000e+00 0.000000000000000000e+00 0.000000000000000000e+00 0.000000000000000000e+00
4.938917383523968030e-01 5.954111138314605034e-01 7.859295649640368753e-01 8.755965147762878598e-01 9.179019657765967732e-01 8.771379165872497108e-01 8.581155802385749265e-01
0.000000000000000000e+00 0.000000000000000000e+00 0.000000000000000000e+00 0.000000000000000000e+00 0.000000000000000000e+00 0.000000000000000000e+00 0.000000000000000000e+00
9.682379759494033067e-01 9.431656846411228257e-01 7.936812732482605437e-01 8.155191096346635637e-01 9.366253737908351029e-01 8.303362225825654530e-01 9.580341690832103740e-01
9.207052346251691777e-01 8.817323700440765633e-01 5.480261706049318615e-01 6.258387269410081721e-01 5.140842176871747160e-01 4.137313581248263095e-01 4.424953679966676656e-01
9.922619490474475779e-01 9.927662354387984944e-01 9.901383600383113492e-01 9.854521789761694350e-01 4.816389696677911281e-01 3.069224920784064392e-01 3.630978656489568523e-01
0.000000000000000000e+00 0.000000000000000000e+00 0.000000000000000000e+00 0.000000000000000000e+00 0.000000000000000000e+00 0.000000000000000000e+00 0.000000000000000000e+00
9.925571107173143393e-01 9.940489730599844087e-01 9.885911177999020527e-01 9.912976669427131515e-01 9.849683585804295261e-01 9.371642280876972819e-01 9.600081473525856612e-01
2.766113336153170899e-01 2.957887695573479525e-01 3.840048754924884067e-01 4.385147241193460554e-01 5.620356796525274312e-01 3.376086148926624175e-01 9.140629231942085098e-02
8.777960653902368016e-01 8.544459478730993540e-01 7.753481984881959166e-01 7.466999135268138632e-01 7.200921473880119716e-01 6.532102891303067649e-01 6.742947228935931570e-01
9.501052254562429855e-01 9.579278622670528431e-01 8.851968115304968965e-01 7.913781484181071635e-01 6.532621477480348160e-01 8.036819170102948995e-01 9.922547143809166137e-01
9.826138686239271891e-01 9.562041312953841743e-01 8.924049754665823730e-01 6.804430450640521766e-01 6.258817941553387332e-01 4.618186669545166212e-01 5.224354644665047953e-01
9.731287394197077889e-01 9.729444718449445917e-01 9.580338172777359551e-01 9.166713965712609546e-01 9.408848732950598759e-01 9.330353372142820012e-01 9.025566733181692447e-01
9.447837307150169783e-01 9.725600784465260329e-01 9.875731657214104064e-01 9.876351436929546868e-01 9.842347135074516196e-01 9.603737489479436951e-01 9.025310058819800973e-01
9.195262310823705265e-01 7.525859700173681555e-01 7.195492404885364124e-01 8.708423666044661227e-01 8.983928124205474708e-01 8.387503719602004137e-01 2.903291416232826050e-01
9.538372331977311713e-01 9.376899243089039659e-01 9.398661607846168220e-01 9.385284174995355277e-01 9.568992901024658826e-01 8.843561012528017296e-01 5.178452589591281408e-01
8.270017972265214512e-01 4.531256265814412876e-01 4.348884339084551631e-01 8.510928051869645072e-01 9.744266440510872540e-01 9.703342628178742713e-01 9.724554741641431299e-01
9.772373025179920125e-01 9.701087986695932086e-01 9.388195526211083886e-01 9.553090365673716500e-01 9.602492619302226418e-01 8.826043985151297289e-01 9.279071753971074310e-01
9.165627115457090079e-01 9.682862838554354701e-01 9.927154642801248041e-01 9.940524398516032978e-01 9.921783755205950683e-01 9.862470855009833892e-01 9.878312087615217507e-01
9.463869592377863738e-01 9.233055761403217154e-01 9.156578056093929163e-01 9.251669555351269558e-01 9.635268541833661438e-01 9.647247823304268000e-01 9.762579683594460045e-01
9.094349618241199806e-01 7.961744032718112152e-01 7.074105022283264654e-01 6.822422998895730784e-01 5.144531062181434411e-01 4.863813070771487723e-01 7.524697500580348475e-01
9.208398221421660867e-01 8.227039791607272390e-01 8.574732201487075267e-01 9.092340198603859891e-01 8.813516580732168038e-01 8.413632594174845769e-01 8.571068207912301284e-01
7.858171097524035975e-01 6.559614757383966932e-01 5.706907990897720495e-01 8.055469764808421695e-01 9.210490075538545485e-01 9.060297059707842493e-01 7.774622474332283373e-01
0.000000000000000000e+00 0.000000000000000000e+00 0.000000000000000000e+00 0.000000000000000000e+00 0.000000000000000000e+00 0.000000000000000000e+00 0.000000000000000000e+00
7.856258199631014350e-01 7.852806727215797533e-01 8.252342960053142829e-01 7.459007849444314608e-01 5.517155410887146783e-01 4.134091587262958001e-01 4.751321619950890085e-01
6.399211627024921079e-01 7.222307796437110738e-01 7.897017420106703378e-01 7.498849797849287402e-01 6.619637503392044042e-01 6.636781228428869639e-01 6.474539925493143500e-01
9.515522373068501238e-01 9.286167735110971710e-01 8.579975516779017042e-01 8.460190848308499767e-01 8.350381364636916270e-01 6.149118849124030062e-01 9.022710212483816550e-01
0.000000000000000000e+00 0.000000000000000000e+00 0.000000000000000000e+00 0.000000000000000000e+00 0.000000000000000000e+00 0.000000000000000000e+00 0.000000000000000000e+00
9.922584351478217490e-01 9.963712223209517660e-01 9.958374887704578571e-01 9.913538961035971431e-01 9.835319709043434111e-01 9.790794217344148676e-01 9.877075688429448608e-01
0.000000000000000000e+00 0.000000000000000000e+00 0.000000000000000000e+00 0.000000000000000000e+00 0.000000000000000000e+00 0.000000000000000000e+00 0.000000000000000000e+00
7.315422875675713366e-01 5.640333120664854372e-01 4.737592589095730444e-01 4.838354403461581632e-01 4.573464258944449634e-01 5.697978144718565119e-01 6.996795818993453153e-01
9.745792324500013315e-01 9.836854856819002846e-01 9.850262447487621031e-01 9.709104387835789662e-01 5.012703909063452867e-01 3.912436159861077956e-01 1.853302274399033778e-01
0.000000000000000000e+00 0.000000000000000000e+00 0.000000000000000000e+00 0.000000000000000000e+00 0.000000000000000000e+00 0.000000000000000000e+00 0.000000000000000000e+00
8.480294653163356067e-01 8.589618085940403658e-01 9.038455780471106316e-01 9.444268417811305660e-01 9.336377939142919136e-01 8.746393640966700911e-01 8.552262565449575415e-01
0.000000000000000000e+00 0.000000000000000000e+00 0.000000000000000000e+00 0.000000000000000000e+00 0.000000000000000000e+00 0.000000000000000000e+00 0.000000000000000000e+00
9.726706826976279086e-01 9.725828935803793041e-01 9.822406486450204754e-01 9.742801533532909897e-01 9.566652583262621468e-01 9.140878629345366990e-01 8.045048561847790713e-01
0.000000000000000000e+00 0.000000000000000000e+00 0.000000000000000000e+00 0.000000000000000000e+00 0.000000000000000000e+00 0.000000000000000000e+00 0.000000000000000000e+00
9.264984681865126026e-01 7.857516300768973005e-01 7.852379088760429449e-01 7.836545663108722692e-01 6.941331450997005881e-01 9.668749943771494104e-01 9.763208862590613268e-01
0.000000000000000000e+00 0.000000000000000000e+00 0.000000000000000000e+00 0.000000000000000000e+00 0.000000000000000000e+00 0.000000000000000000e+00 0.000000000000000000e+00
7.939567295828322546e-01 8.829631542491821472e-01 8.788771434492924639e-01 8.913342390050524866e-01 9.296218628788905924e-01 9.410788318845126899e-01 9.771799411779055200e-01
9.244951124660379937e-01 9.042421088432089915e-01 8.551080678290000625e-01 9.278400962893683657e-01 9.303296726050827026e-01 8.370556590543368758e-01 4.254592376060287173e-01
5.965299841659483793e-01 4.733192246092141064e-01 2.945911964828899499e-01 3.079760628448096060e-01 5.579034565768973275e-01 8.731787463307683073e-01 8.796317198721794739e-01
9.500095903589501622e-01 9.429880570876194579e-01 9.427019085928310949e-01 9.612297557955664651e-01 9.801427613625299795e-01 9.403115402694064429e-01 9.724169892858206543e-01
8.465147427196825225e-01 8.531051657696403501e-01 7.484205955872340610e-01 4.756181560366801175e-01 1.730239596294492477e-01 1.344251927626824716e-01 3.883957339974099532e-01
9.706538293220813296e-01 9.659370546660058787e-01 9.772138788003681409e-01 9.491135867651052660e-01 8.430285628203899595e-01 6.558118018201614108e-01 1.846304553444144403e-01
9.522282772430681330e-01 9.806443659473746965e-01 9.873463761723177967e-01 9.883757796599300649e-01 9.732671677154930423e-01 5.616270689800401117e-01 7.871927729859383716e-01
0.000000000000000000e+00 0.000000000000000000e+00 0.000000000000000000e+00 0.000000000000000000e+00 0.000000000000000000e+00 0.000000000000000000e+00 0.000000000000000000e+00
0.000000000000000000e+00 0.000000000000000000e+00 0.000000000000000000e+00 0.000000000000000000e+00 0.000000000000000000e+00 0.000000000000000000e+00 0.000000000000000000e+00
9.518062887656342230e-01 9.615505127249306394e-01 9.644335873992432306e-01 8.673959370663120172e-01 5.444837192486113864e-01 1.967251985525461100e-01 2.066535688554433092e-01
8.926905148377548560e-01 9.158429441652766734e-01 9.496409540032082486e-01 8.758657674221220768e-01 4.417500952762589139e-01 6.535019166030024695e-02 1.171251318491510346e-01
9.607864117336194498e-01 9.328782129140096302e-01 8.705972001084845147e-01 8.597693044638889948e-01 8.375773005941196114e-01 4.010806232337333910e-01 2.027415291242454787e-01
0.000000000000000000e+00 0.000000000000000000e+00 0.000000000000000000e+00 0.000000000000000000e+00 0.000000000000000000e+00 0.000000000000000000e+00 0.000000000000000000e+00
0.000000000000000000e+00 0.000000000000000000e+00 0.000000000000000000e+00 0.000000000000000000e+00 0.000000000000000000e+00 0.000000000000000000e+00 0.000000000000000000e+00
0.000000000000000000e+00 0.000000000000000000e+00 0.000000000000000000e+00 0.000000000000000000e+00 0.000000000000000000e+00 0.000000000000000000e+00 0.000000000000000000e+00
0.000000000000000000e+00 0.000000000000000000e+00 0.000000000000000000e+00 0.000000000000000000e+00 0.000000000000000000e+00 0.000000000000000000e+00 0.000000000000000000e+00
0.000000000000000000e+00 0.000000000000000000e+00 0.000000000000000000e+00 0.000000000000000000e+00 0.000000000000000000e+00 0.000000000000000000e+00 0.000000000000000000e+00
0.000000000000000000e+00 0.000000000000000000e+00 0.000000000000000000e+00 0.000000000000000000e+00 0.000000000000000000e+00 0.000000000000000000e+00 0.000000000000000000e+00
0.000000000000000000e+00 0.000000000000000000e+00 0.000000000000000000e+00 0.000000000000000000e+00 0.000000000000000000e+00 0.000000000000000000e+00 0.000000000000000000e+00
0.000000000000000000e+00 0.000000000000000000e+00 0.000000000000000000e+00 0.000000000000000000e+00 0.000000000000000000e+00 0.000000000000000000e+00 0.000000000000000000e+00
0.000000000000000000e+00 0.000000000000000000e+00 0.000000000000000000e+00 0.000000000000000000e+00 0.000000000000000000e+00 0.000000000000000000e+00 0.000000000000000000e+00
0.000000000000000000e+00 0.000000000000000000e+00 0.000000000000000000e+00 0.000000000000000000e+00 0.000000000000000000e+00 0.000000000000000000e+00 0.000000000000000000e+00
0.000000000000000000e+00 0.000000000000000000e+00 0.000000000000000000e+00 0.000000000000000000e+00 0.000000000000000000e+00 0.000000000000000000e+00 0.000000000000000000e+00
0.000000000000000000e+00 0.000000000000000000e+00 0.000000000000000000e+00 0.000000000000000000e+00 0.000000000000000000e+00 0.000000000000000000e+00 0.000000000000000000e+00
0.000000000000000000e+00 0.000000000000000000e+00 0.000000000000000000e+00 0.000000000000000000e+00 0.000000000000000000e+00 0.000000000000000000e+00 0.000000000000000000e+00
0.000000000000000000e+00 0.000000000000000000e+00 0.000000000000000000e+00 0.000000000000000000e+00 0.000000000000000000e+00 0.000000000000000000e+00 0.000000000000000000e+00
0.000000000000000000e+00 0.000000000000000000e+00 0.000000000000000000e+00 0.000000000000000000e+00 0.000000000000000000e+00 0.000000000000000000e+00 0.000000000000000000e+00
0.000000000000000000e+00 0.000000000000000000e+00 0.000000000000000000e+00 0.000000000000000000e+00 0.000000000000000000e+00 0.000000000000000000e+00 0.000000000000000000e+00
0.000000000000000000e+00 0.000000000000000000e+00 0.000000000000000000e+00 0.000000000000000000e+00 0.000000000000000000e+00 0.000000000000000000e+00 0.000000000000000000e+00
0.000000000000000000e+00 0.000000000000000000e+00 0.000000000000000000e+00 0.000000000000000000e+00 0.000000000000000000e+00 0.000000000000000000e+00 0.000000000000000000e+00
0.000000000000000000e+00 0.000000000000000000e+00 0.000000000000000000e+00 0.000000000000000000e+00 0.000000000000000000e+00 0.000000000000000000e+00 0.000000000000000000e+00
0.000000000000000000e+00 0.000000000000000000e+00 0.000000000000000000e+00 0.000000000000000000e+00 0.000000000000000000e+00 0.000000000000000000e+00 0.000000000000000000e+00
0.000000000000000000e+00 0.000000000000000000e+00 0.000000000000000000e+00 0.000000000000000000e+00 0.000000000000000000e+00 0.000000000000000000e+00 0.000000000000000000e+00
0.000000000000000000e+00 0.000000000000000000e+00 0.000000000000000000e+00 0.000000000000000000e+00 0.000000000000000000e+00 0.000000000000000000e+00 0.000000000000000000e+00
0.000000000000000000e+00 0.000000000000000000e+00 0.000000000000000000e+00 0.000000000000000000e+00 0.000000000000000000e+00 0.000000000000000000e+00 0.000000000000000000e+00
0.000000000000000000e+00 0.000000000000000000e+00 0.000000000000000000e+00 0.000000000000000000e+00 0.000000000000000000e+00 0.000000000000000000e+00 0.000000000000000000e+00
0.000000000000000000e+00 0.000000000000000000e+00 0.000000000000000000e+00 0.000000000000000000e+00 0.000000000000000000e+00 0.000000000000000000e+00 0.000000000000000000e+00
0.000000000000000000e+00 0.000000000000000000e+00 0.000000000000000000e+00 0.000000000000000000e+00 0.000000000000000000e+00 0.000000000000000000e+00 0.000000000000000000e+00
0.000000000000000000e+00 0.000000000000000000e+00 0.000000000000000000e+00 0.000000000000000000e+00 0.000000000000000000e+00 0.000000000000000000e+00 0.000000000000000000e+00
