9.307345435843431547e-01 8.710786285101400628e-01 8.897174111000686336e-01 8.552474761634600853e-01 8.605614528855840550e-01 7.043917776336749981e-01 5.123284089426799470e-01
7.449187632031888384e-01 5.673391935057295887e-01 7.059388607130860915e-01 8.608640335939161670e-01 8.910396862429413867e-01 9.309736934652151907e-01 8.926994162330820215e-01
6.355481165301442026e-01 6.737643723219772784e-01 5.839605648053871612e-01 5.341378800847720321e-01 6.227606748147375137e-01 8.322459248532292353e-01 9.143525324021513079e-01
7.887442927421273176e-01 6.104211683309642700e-01 8.076300120586046294e-01 9.366352387934278045e-01 9.740649109733208189e-01 9.277280296010539384e-01 6.234168236872017488e-01
7.383600939539073371e-01 7.788556440713275686e-01 8.987379701247818486e-01 9.528539490214896768e-01 9.744407267096852898e-01 9.128278623251481205e-01 4.960490358951449297e-01
6.903056919911825240e-01 7.624916411821811568e-01 8.660714798320402474e-01 9.543100045135853859e-01 9.225500288859590503e-01 7.494574313879132088e-01 6.809251904263653454e-01
8.092696124547686942e-01 7.982068267629031100e-01 8.519873427029546198e-01 8.326471807146790249e-01 8.450337908986779167e-01 8.314276154747011205e-01 9.057664221507859548e-01
6.347093067128444233e-01 6.900746757875410031e-01 8.712185418067633913e-01 8.193797186919938857e-01 7.095370257093507327e-01 6.793140316483867736e-01 7.468193334123506277e-01
0.000000000000000000e+00 0.000000000000000000e+00 0.000000000000000000e+00 0.000000000000000000e+00 0.000000000000000000e+00 0.000000000000000000e+00 0.000000000000000000e+00
7.974079581586207555e-01 8.498069538028478753e-01 8.434031623309258263e-01 7.832496480249201420e-01 8.717904232124626951e-01 8.999564324842973528e-01 9.412948786156538628e-01
6.045307873955263478e-01 4.608899194277731870e-01 4.689695600180310286e-01 5.568679189217241587e-01 5.650766420733424056e-01 3.631362271701404909e-01 4.672465935387207780e-01
1.023595694369758974e-01 2.389578505008082276e-01 4.230636024929202432e-01 3.474686369211740233e-01 4.408763044780679707e-01 3.693617589135591017e-01 5.742226464092459182e-01
6.927434713255827825e-01 8.488352818997383364e-01 9.167241287654037674e-01 9.434563965060976942e-01 8.814940587621024060e-01 8.968544335371937404e-01 9.169250606667124215e-01
0.000000000000000000e+00 0.000000000000000000e+00 0.000000000000000000e+00 0.000000000000000000e+00 0.000000000000000000e+00 0.000000000000000000e+00 0.000000000000000000e+00
8.680946121139937466e-01 9.101155414912440733e-01 9.095199556606691216e-01 9.586963639499247458e-01 9.556894103450765954e-01 9.730349487961635901e-01 9.736478642260790739e-01
0.000000000000000000e+00 0.000000000000000000e+00 0.000000000000000000e+00 0.000000000000000000e+00 0.000000000000000000e+00 0.000000000000000000e+00 0.000000000000000000e+00
0.000000000000000000e+00 0.000000000000000000e+00 0.000000000000000000e+00 0.000000000000000000e+00 0.000000000000000000e+00 0.000000000000000000e+00 0.000000000000000000e+00
0.000000000000000000e+00 0.000000000000000000e+00 0.000000000000000000e+00 0.000000000000000000e+00 0.000000000000000000e+00 0.000000000000000000e+00 0.000000000000000000e+00
0.000000000000000000e+00 0.000000000000000000e+00 0.000000000000000000e+00 0.000000000000000000e+00 0.000000000000000000e+00 0.000000000000000000e+00 0.000000000000000000e+00
0.000000000000000000e+00 0.000000000000000000e+00 0.000000000000000000e+00 0.000000000000000000e+00 0.000000000000000000e+00 0.000000000000000000e+00 0.000000000000000000e+00
6.390603183046351665e-01 6.912377048486890718e-01 6.925220551464945640e-01 4.586335172747594835e-01 1.382099284630680380e-01 3.870304992720846049e-01 5.683654911016939870e-01
8.340903511600400444e-01 9.330783216672340341e-01 9.459617365255569288e-01 9.341795999066324629e-01 9.384153099943017828e-01 9.475959568589581439e-01 8.540636644167701741e-01
7.855127342987504591e-01 8.609389717553519450e-01 9.414994834903015475e-01 9.490001727708032853e-01 9.640108043095581003e-01 9.517880767970646749e-01 8.937691928298430177e-01
8.621740360291307859e-01 8.933913617238562477e-01 8.808878793820177355e-01 7.797435151389408015e-01 8.719986847918509421e-01 8.892575857195468281e-01 8.392012818708983746e-01
7.082275170495841987e-01 8.648853969602536829e-01 8.703785999837151399e-01 8.112807313560466138e-01 7.100063045098712333e-01 7.807286639983962440e-01 8.499222926869497430e-01
8.147571320762528879e-01 8.227741953566377608e-01 7.818010000608717203e-01 7.589847264496849544e-01 8.263831964909851280e-01 8.669326178355678536e-01 6.420161878337018457e-01
8.378091787513517463e-01 8.014275243323876197e-01 8.671350992203127328e-01 9.038215096276521754e-01 9.181549300277017656e-01 9.521329630843319292e-01 9.862605622456409593e-01
0.000000000000000000e+00 0.000000000000000000e+00 0.000000000000000000e+00 0.000000000000000000e+00 0.000000000000000000e+00 0.000000000000000000e+00 0.000000000000000000e+00
8.589559654728438076e-01 8.580796207761187677e-01 8.818498367509902680e-01 8.495812284498589495e-01 8.957456094712584749e-01 8.452723991516527535e-01 7.730241856526320898e-01
4.944203549341192327e-01 6.761140571166306401e-01 7.388109971931036135e-01 2.744168872493786826e-01 4.353039001662887264e-01 2.853906475686050492e-01 2.738644695872574086e-01
8.768434936499379662e-01 8.391020667765238805e-01 8.670352843072018922e-01 7.983319794020617977e-01 7.340902756747216262e-01 7.978441091723461609e-01 7.775516192891632761e-01
9.465504519708237696e-01 9.689398853728685701e-01 9.698521431077762323e-01 9.570403543870639185e-01 9.382629891136188283e-01 7.946116939866268991e-01 5.915081518348486167e-01
0.000000000000000000e+00 0.000000000000000000e+00 0.000000000000000000e+00 0.000000000000000000e+00 0.000000000000000000e+00 0.000000000000000000e+00 0.000000000000000000e+00
7.793035098897097557e-01 8.898237876092072174e-01 9.349424375741270943e-01 9.365586988488276976e-01 9.587370527200549386e-01 9.833585560428704797e-01 9.895415207246149869e-01
7.388021475765147450e-01 7.078202186345050606e-01 5.360243816722809473e-01 5.324825010803311276e-01 7.822467339913978801e-01 8.795995610105896700e-01 8.660434364241705874e-01
8.932344987695064464e-01 8.379081611510880157e-01 8.620246304912602131e-01 8.078101653689248041e-01 5.421499512786289721e-01 7.218846084173738409e-02 3.761172905808286004e-01
6.650528301548204180e-01 6.881876969044515846e-01 5.991409238855606167e-01 7.048797363339248667e-01 8.114090737322698921e-01 6.351921466504952818e-01 6.953705485069657799e-01
4.773699025627742287e-01 6.162399406170770977e-01 5.391527771804273117e-01 5.957550621677361047e-01 4.556646580104063982e-01 1.780738151479857034e-01 2.176480348549536814e-01
5.951309156171870063e-01 5.992237537125527647e-01 6.369208907486213489e-01 7.667819811229391602e-01 8.634399865371981120e-01 9.269344601884816903e-01 9.350904987079249331e-01
2.294564627709409776e-01 1.053800716937786652e-01 3.870998178226738862e-01 2.933148629688380749e-01 4.785014630095161814e-01 5.518667692800194313e-01 5.805599150355893467e-01
7.553295456154432985e-01 7.127420539326346782e-01 6.983505443656539136e-01 8.546728691665629318e-01 8.113329806999716176e-01 6.769287942287255389e-01 7.496892101798968699e-01
0.000000000000000000e+00 0.000000000000000000e+00 0.000000000000000000e+00 0.000000000000000000e+00 0.000000000000000000e+00 0.000000000000000000e+00 0.000000000000000000e+00
8.377748896459835670e-01 8.090826814714779935e-01 7.855831732858583605e-01 8.296081005280475651e-01 5.706859550576881546e-01 3.102979271932929661e-01 5.714468109174163368e-01
8.078008890575080203e-01 7.521733718836303151e-01 8.124918883811308445e-01 7.916440939852538161e-01 5.822535759961176005e-01 6.708413355858223737e-01 5.658533897853030847e-01
6.996298466799538707e-01 6.569541176490412138e-01 7.486003096628809361e-01 7.032085492355019118e-01 8.070538440222501109e-01 7.611368100106191692e-01 7.413387574874485964e-01
7.060237733651949510e-01 7.270976253404961565e-01 8.080299930874084158e-01 6.042675498295556613e-01 2.654040873721904004e-01 3.055147812713255862e-01 4.477452811420951639e-01
9.095785765255642863e-01 8.855848334040281600e-01 9.175872043785756604e-01 9.590623892183981480e-01 9.729787737958904836e-01 9.558606746922937436e-01 9.578388030321227653e-01
0.000000000000000000e+00 0.000000000000000000e+00 0.000000000000000000e+00 0.000000000000000000e+00 0.000000000000000000e+00 0.000000000000000000e+00 0.000000000000000000e+00
0.000000000000000000e+00 0.000000000000000000e+00 0.000000000000000000e+00 0.000000000000000000e+00 0.000000000000000000e+00 0.000000000000000000e+00 0.000000000000000000e+00
6.991102994901674528e-01 6.606423708629430847e-01 7.448781911391303412e-01 7.346080719380790880e-01 6.047355219702955642e-01 2.181442558833233403e-01 3.004811745273923140e-01
5.563924578941713550e-01 5.384254990255902262e-01 6.107113671632242724e-01 7.411811981987022069e-01 8.297091398422127284e-01 6.973796500393451003e-01 3.758732982726544769e-01
7.074469942281748081e-01 6.449539306047177289e-01 3.778770184248452235e-01 5.354150739689972349e-01 7.085948267253304733e-01 8.471207788011001494e-01 9.143543234200075531e-01
0.000000000000000000e+00 0.000000000000000000e+00 0.000000000000000000e+00 0.000000000000000000e+00 0.000000000000000000e+00 0.000000000000000000e+00 0.000000000000000000e+00
3.791286097291001189e-01 6.072556727693197987e-01 7.956404754322229378e-01 7.235290675519966408e-01 8.791123818231995068e-01 9.728472657226789888e-01 9.848162803666266063e-01
7.888242755159261543e-01 7.383816156258180552e-01 5.455045209150184427e-01 4.816924580370927078e-01 1.786291035308369690e-01 5.707398800567616837e-01 8.011907914990713531e-01
0.000000000000000000e+00 0.000000000000000000e+00 0.000000000000000000e+00 0.000000000000000000e+00 0.000000000000000000e+00 0.000000000000000000e+00 0.000000000000000000e+00
0.000000000000000000e+00 0.000000000000000000e+00 0.000000000000000000e+00 0.000000000000000000e+00 0.000000000000000000e+00 0.000000000000000000e+00 0.000000000000000000e+00
0.000000000000000000e+00 0.000000000000000000e+00 0.000000000000000000e+00 0.000000000000000000e+00 0.000000000000000000e+00 0.000000000000000000e+00 0.000000000000000000e+00
0.000000000000000000e+00 0.000000000000000000e+00 0.000000000000000000e+00 0.000000000000000000e+00 0.000000000000000000e+00 0.000000000000000000e+00 0.000000000000000000e+00
6.559589488866844897e-01 7.663712521029129032e-01 7.563453071385701776e-01 5.609972376064199517e-01 5.585778839251981376e-01 3.269176537395930282e-01 2.854539925977128689e-01
4.770642613936994514e-01 5.870289604273551953e-01 8.645228489880402156e-01 7.568475710197746231e-01 7.239090466748505648e-01 8.084431352752814437e-01 7.403056772744526226e-01
8.104773165004970359e-01 7.660331941634437314e-01 7.172285445031911788e-01 8.128218535505522535e-01 8.448182654335344433e-01 6.950486900209277286e-01 5.459909599780857770e-01
8.681805643234412617e-01 8.596667453548892945e-01 9.152951261321111698e-01 9.330777809127229760e-01 9.073690472887916414e-01 7.846591398551473473e-01 3.844816100666896275e-01
0.000000000000000000e+00 0.000000000000000000e+00 0.000000000000000000e+00 0.000000000000000000e+00 0.000000000000000000e+00 0.000000000000000000e+00 0.000000000000000000e+00
6.590670679451816616e-01 6.213750607017188843e-01 6.322142856189127968e-01 6.092817305630660041e-01 6.811166554192800149e-01 7.997890290459616081e-01 9.300413227359206614e-01
0.000000000000000000e+00 0.000000000000000000e+00 0.000000000000000000e+00 0.000000000000000000e+00 0.000000000000000000e+00 0.000000000000000000e+00 0.000000000000000000e+00
7.452697870347535503e-01 7.765515060742853581e-01 9.055567524355045972e-01 8.665625147300568543e-01 8.329799128909884942e-01 8.419322183957510530e-01 3.193291402356983055e-01
6.723679251517693523e-01 8.742598484180136298e-01 8.744038016425905724e-01 4.890386075829380452e-01 6.240829601214612499e-01 6.337142540478515329e-01 8.678478948289782835e-01
