1.072137668341576955e+01 1.397137668341576955e+01 6.971376683415769548e+00 1.471376683415769548e+00 1.721376683415769548e+00 3.504713766834157695e+02 3.304713766834157695e+02
3.565638288647789977e+02 3.553138288647789977e+02 5.313828864778997740e+00 5.638288647789977404e-01 3.525638288647789977e+02 3.503138288647789977e+02 3.465638288647789977e+02
2.269384071925230728e+00 3.322693840719252307e+02 3.465193840719252307e+02 3.465193840719252307e+02 3.510193840719252307e+02 3.490193840719252307e+02 3.460193840719252307e+02
3.284111687529118626e+02 4.161168752911862612e+00 2.341116875291186261e+01 1.016116875291186261e+01 1.161168752911862612e+00 1.661168752911862612e+00 6.911168752911862612e+00
3.177347369112846991e+02 4.734736911284699090e+00 2.398473691128469909e+01 1.248473691128469909e+01 7.484736911284699090e+00 1.098473691128469909e+01 9.847369112846990902e-01
4.172501124183895627e+00 8.422501124183895627e+00 6.922501124183895627e+00 3.576725011241838956e+02 3.516725011241838956e+02 3.354225011241838956e+02 3.361725011241838956e+02
3.544484150123164454e+02 6.948415012316445427e+00 1.419841501231644543e+01 3.529484150123164454e+02 3.481984150123164454e+02 6.948415012316445427e+00 8.448415012316445427e+00
2.137410129313951757e+01 2.137410129313951757e+01 1.712410129313951757e+01 1.262410129313951757e+01 3.741012931395175656e-01 9.874101293139517566e+00 3.741012931395175656e-01
0.000000000000000000e+00 0.000000000000000000e+00 0.000000000000000000e+00 0.000000000000000000e+00 0.000000000000000000e+00 0.000000000000000000e+00 0.000000000000000000e+00
8.158439530906775872e+00 6.658439530906775872e+00 5.158439530906775872e+00 3.419084395309067759e+02 3.519084395309067759e+02 3.519084395309067759e+02 3.464084395309067759e+02
3.502888185316032832e+01 4.552888185316032832e+01 3.402788818531603283e+02 3.467788818531603283e+02 3.560288818531603283e+02 3.052888185316032832e+01 2.277888185316032832e+01
1.821652577649894624e+02 1.489152577649894624e+02 1.731652577649894624e+02 1.426652577649894624e+02 6.266525776498946243e+01 4.641525776498946243e+01 1.906652577649894624e+02
1.016985633669480649e+01 5.419856336694806487e+00 9.919856336694806487e+00 1.616985633669480649e+01 1.466985633669480649e+01 5.919856336694806487e+00 1.169856336694806487e+00
0.000000000000000000e+00 0.000000000000000000e+00 0.000000000000000000e+00 0.000000000000000000e+00 0.000000000000000000e+00 0.000000000000000000e+00 0.000000000000000000e+00
3.509289504940255142e+02 1.789504940255142174e-01 3.678950494025514217e+00 3.928950494025514217e+00 6.428950494025514217e+00 1.178950494025514217e+00 3.511789504940255142e+02
0.000000000000000000e+00 0.000000000000000000e+00 0.000000000000000000e+00 0.000000000000000000e+00 0.000000000000000000e+00 0.000000000000000000e+00 0.000000000000000000e+00
0.000000000000000000e+00 0.000000000000000000e+00 0.000000000000000000e+00 0.000000000000000000e+00 0.000000000000000000e+00 0.000000000000000000e+00 0.000000000000000000e+00
0.000000000000000000e+00 0.000000000000000000e+00 0.000000000000000000e+00 0.000000000000000000e+00 0.000000000000000000e+00 0.000000000000000000e+00 0.000000000000000000e+00
0.000000000000000000e+00 0.000000000000000000e+00 0.000000000000000000e+00 0.000000000000000000e+00 0.000000000000000000e+00 0.000000000000000000e+00 0.000000000000000000e+00
0.000000000000000000e+00 0.000000000000000000e+00 0.000000000000000000e+00 0.000000000000000000e+00 0.000000000000000000e+00 0.000000000000000000e+00 0.000000000000000000e+00
2.760541241027624437e+01 4.085541241027624437e+01 3.610541241027624437e+01 5.085541241027624437e+01 2.293554124102762444e+02 3.161054124102762444e+02 3.251054124102762444e+02
1.491951713069033758e+01 6.169517130690337581e+00 1.169517130690337581e+00 8.669517130690337581e+00 5.419517130690337581e+00 3.594195171306903376e+02 3.579195171306903376e+02
2.191144832958468669e+01 1.091144832958468669e+01 3.559114483295846867e+02 3.541614483295846867e+02 3.584114483295846867e+02 3.551614483295846867e+02 3.376614483295846867e+02
1.152327369555507630e+01 4.023273695555076301e+00 9.523273695555076301e+00 9.023273695555076301e+00 8.773273695555076301e+00 1.002327369555507630e+01 3.530232736955550763e+02
3.325406764249606795e+02 3.327906764249606795e+02 3.377906764249606795e+02 3.495406764249606795e+02 3.470406764249606795e+02 3.252906764249606795e+02 3.377906764249606795e+02
2.865034789227706824e+00 7.615034789227706824e+00 3.593650347892277068e+02 1.011503478922770682e+01 2.615034789227706824e+00 1.115034789227706824e+00 3.536150347892277068e+02
2.968345515889581065e+01 4.118345515889581065e+01 5.743345515889581065e+01 3.668345515889581065e+01 1.393345515889581065e+01 6.183455158895810655e+00 3.589334551588958107e+02
0.000000000000000000e+00 0.000000000000000000e+00 0.000000000000000000e+00 0.000000000000000000e+00 0.000000000000000000e+00 0.000000000000000000e+00 0.000000000000000000e+00
9.426050389184126743e+00 9.676050389184126743e+00 3.491760503891841267e+02 3.441760503891841267e+02 3.499260503891841267e+02 3.676050389184126743e+00 1.267605038918412674e+01
1.823569411068782813e+02 1.811069411068782813e+02 1.713569411068782813e+02 1.353569411068782813e+02 1.993569411068782813e+02 2.510694110687828129e+01 3.183569411068782529e+02
3.574713398048875206e+02 3.557213398048875206e+02 3.721339804887520586e+00 4.221339804887520586e+00 3.487213398048875206e+02 3.587213398048875206e+02 2.822133980488752059e+01
3.584323268560316365e+02 3.574323268560316365e+02 3.556823268560316365e+02 3.531823268560316365e+02 3.516823268560316365e+02 3.932326856031636453e+00 3.484323268560316365e+02
0.000000000000000000e+00 0.000000000000000000e+00 0.000000000000000000e+00 0.000000000000000000e+00 0.000000000000000000e+00 0.000000000000000000e+00 0.000000000000000000e+00
3.451961034452961599e+02 3.439461034452961599e+02 3.446961034452961599e+02 3.411961034452961599e+02 3.566961034452961599e+02 7.946103445296159862e+00 8.196103445296159862e+00
3.491263452573350037e+02 3.126345257335003680e+00 1.126345257335003680e+00 3.551263452573350037e+02 3.626345257335003680e+00 3.471263452573350037e+02 3.373763452573350037e+02
3.412420704838320944e+02 3.404920704838320944e+02 3.444920704838320944e+02 3.539920704838320944e+02 4.349207048383206597e+01 6.724207048383206597e+01 1.999207048383206597e+01
1.199517367853053429e+01 3.514951736785305343e+02 3.542451736785305343e+02 1.149517367853053429e+01 4.951736785305342892e-01 3.379951736785305343e+02 3.544951736785305343e+02
3.351520744341844420e+02 3.209020744341844420e+02 1.040207443418444200e+01 4.590207443418444200e+01 5.240207443418444200e+01 9.690207443418444200e+01 1.044020744341844420e+02
9.507239153071395776e+00 3.310072391530713958e+02 3.292572391530713958e+02 3.567572391530713958e+02 6.007239153071395776e+00 3.582572391530713958e+02 6.757239153071395776e+00
3.331362115740733998e+02 1.386211574073399788e+00 3.323862115740733998e+02 3.336362115740733998e+02 3.313862115740733998e+02 3.566362115740733998e+02 3.688621157407339979e+01
1.283125772946982579e+01 3.408125772946982579e+01 3.548312577294698258e+02 3.563312577294698258e+02 5.331257729469825790e+00 3.440812577294698258e+02 3.543312577294698258e+02
0.000000000000000000e+00 0.000000000000000000e+00 0.000000000000000000e+00 0.000000000000000000e+00 0.000000000000000000e+00 0.000000000000000000e+00 0.000000000000000000e+00
1.145031617796507817e+01 1.170031617796507817e+01 2.450316177965078168e+00 3.594503161779650782e+02 1.895031617796507817e+01 1.095031617796507817e+01 3.494503161779650782e+02
1.964537317956984452e+01 4.145373179569844524e+00 1.395373179569844524e+00 3.386453731795698445e+02 3.428953731795698445e+02 3.498953731795698445e+02 3.476453731795698445e+02
3.591242900628807888e+02 3.461242900628807888e+02 3.488742900628807888e+02 3.373742900628807888e+02 3.326242900628807888e+02 3.308742900628807888e+02 3.476242900628807888e+02
2.885176011712734407e+02 2.970176011712734407e+02 3.092676011712734407e+02 2.975176011712734407e+02 3.190176011712734407e+02 3.432676011712734407e+02 3.375176011712734407e+02
3.512983833290967368e+02 3.405483833290967368e+02 3.382983833290967368e+02 3.420483833290967368e+02 3.417983833290967368e+02 3.460483833290967368e+02 3.575483833290967368e+02
0.000000000000000000e+00 0.000000000000000000e+00 0.000000000000000000e+00 0.000000000000000000e+00 0.000000000000000000e+00 0.000000000000000000e+00 0.000000000000000000e+00
0.000000000000000000e+00 0.000000000000000000e+00 0.000000000000000000e+00 0.000000000000000000e+00 0.000000000000000000e+00 0.000000000000000000e+00 0.000000000000000000e+00
2.058463468013491138e+01 2.783463468013491138e+01 7.334634680134911378e+00 3.758463468013491138e+01 5.033463468013491138e+01 1.178346346801349114e+02 3.084634680134911378e+00
1.129113816812628102e+01 2.879113816812628102e+01 3.679113816812628102e+01 3.585411381681262810e+02 3.562911381681262810e+02 3.592911381681262810e+02 3.562911381681262810e+02
1.532262777035384715e+00 3.402822627770353847e+02 3.100322627770353847e+02 1.782262777035384715e+00 2.403226277703538472e+01 1.978226277703538472e+01 2.028226277703538472e+01
0.000000000000000000e+00 0.000000000000000000e+00 0.000000000000000000e+00 0.000000000000000000e+00 0.000000000000000000e+00 0.000000000000000000e+00 0.000000000000000000e+00
3.747468378869240269e+01 3.182246837886924027e+02 3.154746837886924027e+02 3.402246837886924027e+02 7.246837886924026861e-01 3.534746837886924027e+02 3.507246837886924027e+02
1.586447150174353737e+01 8.364471501743537374e+00 3.364471501743537374e+00 3.078644715017435374e+02 1.561447150174353737e+01 3.486447150174353737e+01 1.561447150174353737e+01
0.000000000000000000e+00 0.000000000000000000e+00 0.000000000000000000e+00 0.000000000000000000e+00 0.000000000000000000e+00 0.000000000000000000e+00 0.000000000000000000e+00
0.000000000000000000e+00 0.000000000000000000e+00 0.000000000000000000e+00 0.000000000000000000e+00 0.000000000000000000e+00 0.000000000000000000e+00 0.000000000000000000e+00
0.000000000000000000e+00 0.000000000000000000e+00 0.000000000000000000e+00 0.000000000000000000e+00 0.000000000000000000e+00 0.000000000000000000e+00 0.000000000000000000e+00
0.000000000000000000e+00 0.000000000000000000e+00 0.000000000000000000e+00 0.000000000000000000e+00 0.000000000000000000e+00 0.000000000000000000e+00 0.000000000000000000e+00
3.076482966978409195e+01 5.264829669784091948e+00 3.001482966978409195e+01 2.701482966978409195e+01 5.764829669784091948e+00 3.226482966978409195e+01 3.522648296697840919e+02
2.907242787543873419e+01 2.207242787543873419e+01 8.224278754387341905e-01 3.553224278754387342e+02 3.572427875438734191e+00 5.822427875438734191e+00 3.558224278754387342e+02
1.770655317711555199e+01 2.245655317711555199e+01 7.956553177115551989e+00 2.706553177115551989e+00 4.565531771155519891e-01 5.206553177115551989e+00 2.670655317711555199e+01
3.550885886206991131e+02 3.535885886206991131e+02 3.590885886206991131e+02 4.838588620699113108e+00 8.385886206991131075e-01 3.468385886206991131e+02 3.478385886206991131e+02
0.000000000000000000e+00 0.000000000000000000e+00 0.000000000000000000e+00 0.000000000000000000e+00 0.000000000000000000e+00 0.000000000000000000e+00 0.000000000000000000e+00
3.377196548400511347e+02 3.457196548400511347e+02 3.477196548400511347e+02 3.434696548400511347e+02 3.379696548400511347e+02 3.554696548400511347e+02 2.969654840051134670e+00
0.000000000000000000e+00 0.000000000000000000e+00 0.000000000000000000e+00 0.000000000000000000e+00 0.000000000000000000e+00 0.000000000000000000e+00 0.000000000000000000e+00
8.273666848433265386e+00 1.902366684843326539e+01 2.152366684843326539e+01 1.052366684843326539e+01 8.023666848433265386e+00 2.852366684843326539e+01 3.827366684843326539e+01
3.415144622421752842e+02 3.520144622421752842e+02 2.764462242175284246e+00 2.501446224217528425e+01 5.014462242175284246e+00 3.577644622421752842e+02 3.527644622421752842e+02
