3.204779392938864362e+02 3.274779392938864362e+02 3.229779392938864362e+02 3.379779392938864362e+02 5.847793929388642198e+01 7.122793929388642198e+01 6.672793929388642198e+01
3.450851724571600698e+02 3.540851724571600698e+02 1.085172457160069825e+00 3.085172457160069825e+00 3.550851724571600698e+02 2.335172457160069825e+00 3.588351724571600698e+02
3.444643697528147754e+02 3.514643697528147754e+02 7.714369752814775438e+00 2.621436975281477544e+01 3.584643697528147754e+02 3.337143697528147754e+02 3.534643697528147754e+02
4.114117431141494308e+00 2.114117431141494308e+00 3.596141174311414943e+02 5.364117431141494308e+00 1.386411743114149431e+01 4.386411743114149431e+01 3.536141174311414943e+02
5.431585745408028743e+00 6.931585745408028743e+00 1.431585745408028743e+00 4.931585745408028743e+00 2.643158574540802874e+01 6.718158574540802874e+01 3.461815857454080287e+02
3.461584903528058703e+02 3.506584903528058703e+02 3.549084903528058703e+02 3.546584903528058703e+02 3.536584903528058703e+02 3.544084903528058703e+02 3.581584903528058703e+02
9.782103759201277171e+00 2.032103759201277171e+00 5.321037592012771711e-01 3.032103759201277171e+00 5.532103759201277171e+00 5.753210375920127717e+01 3.445321037592012772e+02
1.117192044388821159e+01 1.217192044388821159e+01 1.142192044388821159e+01 9.219204438882115937e-01 1.042192044388821159e+01 2.742192044388821159e+01 1.967192044388821159e+01
0.000000000000000000e+00 0.000000000000000000e+00 0.000000000000000000e+00 0.000000000000000000e+00 0.000000000000000000e+00 0.000000000000000000e+00 0.000000000000000000e+00
3.481073398181642915e+02 3.491073398181642915e+02 3.598573398181642915e+02 1.760733981816426308e+01 9.107339818164263079e+00 3.508573398181642915e+02 3.593573398181642915e+02
2.391409258369998270e+01 2.266409258369998270e+01 1.966409258369998270e+01 1.791409258369998270e+01 3.691409258369998270e+01 7.016409258369998270e+01 7.316409258369998270e+01
2.072795701704023941e+01 2.347795701704023941e+01 2.422795701704023941e+01 3.147795701704023941e+01 3.647795701704023941e+01 6.977957017040239407e+00 3.377279570170402394e+02
3.521468026687801967e+01 3.521468026687801967e+01 1.846468026687801967e+01 1.421468026687801967e+01 2.421468026687801967e+01 1.771468026687801967e+01 7.714680266878019665e+00
0.000000000000000000e+00 0.000000000000000000e+00 0.000000000000000000e+00 0.000000000000000000e+00 0.000000000000000000e+00 0.000000000000000000e+00 0.000000000000000000e+00
3.434122543122492743e+02 3.441622543122492743e+02 3.504122543122492743e+02 2.662254312249274335e+00 2.912254312249274335e+00 3.596622543122492743e+02 2.162254312249274335e+00
0.000000000000000000e+00 0.000000000000000000e+00 0.000000000000000000e+00 0.000000000000000000e+00 0.000000000000000000e+00 0.000000000000000000e+00 0.000000000000000000e+00
0.000000000000000000e+00 0.000000000000000000e+00 0.000000000000000000e+00 0.000000000000000000e+00 0.000000000000000000e+00 0.000000000000000000e+00 0.000000000000000000e+00
0.000000000000000000e+00 0.000000000000000000e+00 0.000000000000000000e+00 0.000000000000000000e+00 0.000000000000000000e+00 0.000000000000000000e+00 0.000000000000000000e+00
0.000000000000000000e+00 0.000000000000000000e+00 0.000000000000000000e+00 0.000000000000000000e+00 0.000000000000000000e+00 0.000000000000000000e+00 0.000000000000000000e+00
0.000000000000000000e+00 0.000000000000000000e+00 0.000000000000000000e+00 0.000000000000000000e+00 0.000000000000000000e+00 0.000000000000000000e+00 0.000000000000000000e+00
1.547351413831319178e+01 1.897351413831319178e+01 1.672351413831319178e+01 3.547235141383131918e+02 1.922351413831319178e+01 2.597351413831319178e+01 2.473514138313191779e+00
8.763567919485581115e+00 1.201356791948558111e+01 1.401356791948558111e+01 1.251356791948558111e+01 1.001356791948558111e+01 3.763567919485581115e+00 4.013567919485581115e+00
3.329526103036585027e+02 3.277026103036585027e+02 3.387026103036585027e+02 1.345261030365850274e+01 1.920261030365850274e+01 1.020261030365850274e+01 4.952610303658502744e+00
3.449672820562867628e+02 3.469672820562867628e+02 3.514672820562867628e+02 3.597172820562867628e+02 4.967282056286762781e+00 1.717282056286762781e+00 3.572172820562867628e+02
3.401225768010550041e+02 3.371225768010550041e+02 3.328725768010550041e+02 3.426225768010550041e+02 3.323725768010550041e+02 3.358725768010550041e+02 1.062257680105500413e+01
3.401165993452548264e+02 3.438665993452548264e+02 3.528665993452548264e+02 3.586165993452548264e+02 3.541165993452548264e+02 8.665993452548264031e-01 3.456165993452548264e+02
3.337692849744847194e+02 3.372692849744847194e+02 3.432692849744847194e+02 3.467692849744847194e+02 3.537692849744847194e+02 3.455192849744847194e+02 1.476928497448471944e+01
0.000000000000000000e+00 0.000000000000000000e+00 0.000000000000000000e+00 0.000000000000000000e+00 0.000000000000000000e+00 0.000000000000000000e+00 0.000000000000000000e+00
3.395144888164513759e+02 3.435144888164513759e+02 3.492644888164513759e+02 3.512644888164513759e+02 3.482644888164513759e+02 3.450144888164513759e+02 1.764488816451375897e+00
1.304122409713244224e+00 2.030412240971324422e+01 1.580412240971324422e+01 1.980412240971324422e+01 7.405412240971327265e+01 6.405412240971327265e+01 3.410541224097132726e+02
3.432848156356508866e+02 3.462848156356508866e+02 3.507848156356508866e+02 3.532848156356508866e+02 3.397848156356508866e+02 3.405348156356508866e+02 3.390348156356508866e+02
7.795872882084040612e-01 2.529587288208404061e+00 6.029587288208404061e+00 1.529587288208404061e+00 2.958728820840406115e-02 3.582795872882084041e+02 3.582795872882084041e+02
0.000000000000000000e+00 0.000000000000000000e+00 0.000000000000000000e+00 0.000000000000000000e+00 0.000000000000000000e+00 0.000000000000000000e+00 0.000000000000000000e+00
2.400242228368983888e+01 1.225242228368983888e+01 3.180024222836898389e+02 3.365024222836898389e+02 4.502422283689838878e+00 3.545024222836898389e+02 2.524222836898388778e-01
3.345418526330076929e+02 3.385418526330076929e+02 3.457918526330076929e+02 3.537918526330076929e+02 3.507918526330076929e+02 3.182918526330076929e+02 7.541852633007721352e+00
3.377005648867711329e+02 3.357005648867711329e+02 3.582005648867711329e+02 2.670056488677113293e+01 3.259505648867711329e+02 3.234505648867711329e+02 1.245056488677114359e+01
2.097289802787042845e+01 1.997289802787042845e+01 3.572228980278704285e+02 3.462228980278704285e+02 3.462228980278704285e+02 3.554728980278704285e+02 3.592228980278704285e+02
5.329436865514139754e+00 3.595794368655141398e+02 7.329436865514139754e+00 1.507943686551413975e+01 1.007943686551413975e+01 5.107943686551413975e+01 5.907943686551413975e+01
2.117137766247486752e+01 2.317137766247486752e+01 3.167137766247486752e+01 3.942137766247486752e+01 2.792137766247486752e+01 2.342137766247486752e+01 2.767137766247486752e+01
3.563910486913858904e+02 3.141048691385890379e+00 1.039104869138589038e+01 3.241410486913858904e+02 3.068910486913858904e+02 3.016410486913858904e+02 3.093910486913858904e+02
3.377180084670752649e+02 3.434680084670752649e+02 3.482180084670752649e+02 3.497180084670752649e+02 3.509680084670752649e+02 3.517180084670752649e+02 3.537180084670752649e+02
0.000000000000000000e+00 0.000000000000000000e+00 0.000000000000000000e+00 0.000000000000000000e+00 0.000000000000000000e+00 0.000000000000000000e+00 0.000000000000000000e+00
3.418206752103471899e+02 3.468206752103471899e+02 3.530706752103471899e+02 3.553206752103471899e+02 3.533206752103471899e+02 3.223206752103471899e+02 2.900706752103471899e+02
3.477364484015885751e+02 3.459864484015885751e+02 3.337364484015885751e+02 3.219864484015885751e+02 3.339864484015885751e+02 4.236448401588560841e+00 3.564864484015885751e+02
3.370581934364453218e+02 3.473081934364453218e+02 3.548081934364453218e+02 3.590581934364453218e+02 3.483081934364453218e+02 3.383081934364453218e+02 3.520581934364453218e+02
0.000000000000000000e+00 0.000000000000000000e+00 0.000000000000000000e+00 0.000000000000000000e+00 0.000000000000000000e+00 0.000000000000000000e+00 0.000000000000000000e+00
0.000000000000000000e+00 0.000000000000000000e+00 0.000000000000000000e+00 0.000000000000000000e+00 0.000000000000000000e+00 0.000000000000000000e+00 0.000000000000000000e+00
0.000000000000000000e+00 0.000000000000000000e+00 0.000000000000000000e+00 0.000000000000000000e+00 0.000000000000000000e+00 0.000000000000000000e+00 0.000000000000000000e+00
0.000000000000000000e+00 0.000000000000000000e+00 0.000000000000000000e+00 0.000000000000000000e+00 0.000000000000000000e+00 0.000000000000000000e+00 0.000000000000000000e+00
0.000000000000000000e+00 0.000000000000000000e+00 0.000000000000000000e+00 0.000000000000000000e+00 0.000000000000000000e+00 0.000000000000000000e+00 0.000000000000000000e+00
0.000000000000000000e+00 0.000000000000000000e+00 0.000000000000000000e+00 0.000000000000000000e+00 0.000000000000000000e+00 0.000000000000000000e+00 0.000000000000000000e+00
0.000000000000000000e+00 0.000000000000000000e+00 0.000000000000000000e+00 0.000000000000000000e+00 0.000000000000000000e+00 0.000000000000000000e+00 0.000000000000000000e+00
0.000000000000000000e+00 0.000000000000000000e+00 0.000000000000000000e+00 0.000000000000000000e+00 0.000000000000000000e+00 0.000000000000000000e+00 0.000000000000000000e+00
0.000000000000000000e+00 0.000000000000000000e+00 0.000000000000000000e+00 0.000000000000000000e+00 0.000000000000000000e+00 0.000000000000000000e+00 0.000000000000000000e+00
0.000000000000000000e+00 0.000000000000000000e+00 0.000000000000000000e+00 0.000000000000000000e+00 0.000000000000000000e+00 0.000000000000000000e+00 0.000000000000000000e+00
0.000000000000000000e+00 0.000000000000000000e+00 0.000000000000000000e+00 0.000000000000000000e+00 0.000000000000000000e+00 0.000000000000000000e+00 0.000000000000000000e+00
0.000000000000000000e+00 0.000000000000000000e+00 0.000000000000000000e+00 0.000000000000000000e+00 0.000000000000000000e+00 0.000000000000000000e+00 0.000000000000000000e+00
0.000000000000000000e+00 0.000000000000000000e+00 0.000000000000000000e+00 0.000000000000000000e+00 0.000000000000000000e+00 0.000000000000000000e+00 0.000000000000000000e+00
0.000000000000000000e+00 0.000000000000000000e+00 0.000000000000000000e+00 0.000000000000000000e+00 0.000000000000000000e+00 0.000000000000000000e+00 0.000000000000000000e+00
0.000000000000000000e+00 0.000000000000000000e+00 0.000000000000000000e+00 0.000000000000000000e+00 0.000000000000000000e+00 0.000000000000000000e+00 0.000000000000000000e+00
0.000000000000000000e+00 0.000000000000000000e+00 0.000000000000000000e+00 0.000000000000000000e+00 0.000000000000000000e+00 0.000000000000000000e+00 0.000000000000000000e+00
0.000000000000000000e+00 0.000000000000000000e+00 0.000000000000000000e+00 0.000000000000000000e+00 0.000000000000000000e+00 0.000000000000000000e+00 0.000000000000000000e+00
0.000000000000000000e+00 0.000000000000000000e+00 0.000000000000000000e+00 0.000000000000000000e+00 0.000000000000000000e+00 0.000000000000000000e+00 0.000000000000000000e+00
0.000000000000000000e+00 0.000000000000000000e+00 0.000000000000000000e+00 0.000000000000000000e+00 0.000000000000000000e+00 0.000000000000000000e+00 0.000000000000000000e+00
0.000000000000000000e+00 0.000000000000000000e+00 0.000000000000000000e+00 0.000000000000000000e+00 0.000000000000000000e+00 0.000000000000000000e+00 0.000000000000000000e+00
0.000000000000000000e+00 0.000000000000000000e+00 0.000000000000000000e+00 0.000000000000000000e+00 0.000000000000000000e+00 0.000000000000000000e+00 0.000000000000000000e+00
0.000000000000000000e+00 0.000000000000000000e+00 0.000000000000000000e+00 0.000000000000000000e+00 0.000000000000000000e+00 0.000000000000000000e+00 0.000000000000000000e+00
0.000000000000000000e+00 0.000000000000000000e+00 0.000000000000000000e+00 0.000000000000000000e+00 0.000000000000000000e+00 0.000000000000000000e+00 0.000000000000000000e+00
