9.267314067290192137e-01 9.536299027863283095e-01 9.715311643056105950e-01 8.218357920827916718e-01 6.330901540001929728e-01 8.012822983569285462e-01 8.978503736539816815e-01
9.799444353293592647e-01 9.795971552060448451e-01 9.764340677056640994e-01 9.772124379573347008e-01 9.734125278629016664e-01 9.679539272743677980e-01 9.422046205437070165e-01
0.000000000000000000e+00 0.000000000000000000e+00 0.000000000000000000e+00 0.000000000000000000e+00 0.000000000000000000e+00 0.000000000000000000e+00 0.000000000000000000e+00
0.000000000000000000e+00 0.000000000000000000e+00 0.000000000000000000e+00 0.000000000000000000e+00 0.000000000000000000e+00 0.000000000000000000e+00 0.000000000000000000e+00
3.591973323667033702e-01 1.740001045610014008e-01 2.347064909719999704e-01 3.281948362459547464e-01 7.160336061629697380e-01 9.326989656518998029e-01 9.395308723012558705e-01
0.000000000000000000e+00 0.000000000000000000e+00 0.000000000000000000e+00 0.000000000000000000e+00 0.000000000000000000e+00 0.000000000000000000e+00 0.000000000000000000e+00
8.809695304464320031e-01 8.441722403297762245e-01 8.445302271661520033e-01 8.336169248671788656e-01 7.676965318038648789e-01 7.639943213527530252e-01 8.184901343326850265e-01
8.610037096651343980e-01 8.964840575566594971e-01 9.670823225666682621e-01 8.935084827742647562e-01 9.303038845951600022e-01 9.473730426403197402e-01 9.717709653520222313e-01
0.000000000000000000e+00 0.000000000000000000e+00 0.000000000000000000e+00 0.000000000000000000e+00 0.000000000000000000e+00 0.000000000000000000e+00 0.000000000000000000e+00
0.000000000000000000e+00 0.000000000000000000e+00 0.000000000000000000e+00 0.000000000000000000e+00 0.000000000000000000e+00 0.000000000000000000e+00 0.000000000000000000e+00
5.506412107148443980e-01 6.362050882535644769e-01 7.902541946213477164e-01 8.341229569911912112e-01 6.238102558034935852e-01 5.586593174489569158e-01 4.885420381274481749e-01
9.135569288665935650e-01 8.391047905520885308e-01 6.537491850809116212e-01 5.748550053797613080e-01 3.791403183168693958e-01 3.615056726125470132e-01 1.416472692618388485e-01
7.860822301256193967e-01 8.326307986379820614e-01 8.920293801257909161e-01 9.406283927264684763e-01 9.085228218810709189e-01 7.371970850602224123e-01 8.331591148976831285e-01
9.720108807246131688e-01 9.667085214439297136e-01 9.676415424299406043e-01 9.796976526348000203e-01 9.865841598362021792e-01 9.758125458061016611e-01 9.720559150049863373e-01
9.593447862041131202e-01 9.629042010121244832e-01 9.604652255713552744e-01 9.729084713878038970e-01 9.836436860021577910e-01 9.698996786570638351e-01 9.839151521829150315e-01
0.000000000000000000e+00 0.000000000000000000e+00 0.000000000000000000e+00 0.000000000000000000e+00 0.000000000000000000e+00 0.000000000000000000e+00 0.000000000000000000e+00
0.000000000000000000e+00 0.000000000000000000e+00 0.000000000000000000e+00 0.000000000000000000e+00 0.000000000000000000e+00 0.000000000000000000e+00 0.000000000000000000e+00
8.868017715978945281e-01 9.349929175689581928e-01 9.623013537205713508e-01 9.471442119477462285e-01 8.431417960506969456e-01 8.402903595678503645e-01 9.377686923026791188e-01
9.760805959122400566e-01 9.708177037345858684e-01 9.683966909111320076e-01 9.703356199619975753e-01 9.699851845580922394e-01 8.231592252404557053e-01 4.938023687511098325e-01
0.000000000000000000e+00 0.000000000000000000e+00 0.000000000000000000e+00 0.000000000000000000e+00 0.000000000000000000e+00 0.000000000000000000e+00 0.000000000000000000e+00
0.000000000000000000e+00 0.000000000000000000e+00 0.000000000000000000e+00 0.000000000000000000e+00 0.000000000000000000e+00 0.000000000000000000e+00 0.000000000000000000e+00
0.000000000000000000e+00 0.000000000000000000e+00 0.000000000000000000e+00 0.000000000000000000e+00 0.000000000000000000e+00 0.000000000000000000e+00 0.000000000000000000e+00
0.000000000000000000e+00 0.000000000000000000e+00 0.000000000000000000e+00 0.000000000000000000e+00 0.000000000000000000e+00 0.000000000000000000e+00 0.000000000000000000e+00
0.000000000000000000e+00 0.000000000000000000e+00 0.000000000000000000e+00 0.000000000000000000e+00 0.000000000000000000e+00 0.000000000000000000e+00 0.000000000000000000e+00
0.000000000000000000e+00 0.000000000000000000e+00 0.000000000000000000e+00 0.000000000000000000e+00 0.000000000000000000e+00 0.000000000000000000e+00 0.000000000000000000e+00
0.000000000000000000e+00 0.000000000000000000e+00 0.000000000000000000e+00 0.000000000000000000e+00 0.000000000000000000e+00 0.000000000000000000e+00 0.000000000000000000e+00
0.000000000000000000e+00 0.000000000000000000e+00 0.000000000000000000e+00 0.000000000000000000e+00 0.000000000000000000e+00 0.000000000000000000e+00 0.000000000000000000e+00
0.000000000000000000e+00 0.000000000000000000e+00 0.000000000000000000e+00 0.000000000000000000e+00 0.000000000000000000e+00 0.000000000000000000e+00 0.000000000000000000e+00
0.000000000000000000e+00 0.000000000000000000e+00 0.000000000000000000e+00 0.000000000000000000e+00 0.000000000000000000e+00 0.000000000000000000e+00 0.000000000000000000e+00
0.000000000000000000e+00 0.000000000000000000e+00 0.000000000000000000e+00 0.000000000000000000e+00 0.000000000000000000e+00 0.000000000000000000e+00 0.000000000000000000e+00
0.000000000000000000e+00 0.000000000000000000e+00 0.000000000000000000e+00 0.000000000000000000e+00 0.000000000000000000e+00 0.000000000000000000e+00 0.000000000000000000e+00
0.000000000000000000e+00 0.000000000000000000e+00 0.000000000000000000e+00 0.000000000000000000e+00 0.000000000000000000e+00 0.000000000000000000e+00 0.000000000000000000e+00
0.000000000000000000e+00 0.000000000000000000e+00 0.000000000000000000e+00 0.000000000000000000e+00 0.000000000000000000e+00 0.000000000000000000e+00 0.000000000000000000e+00
0.000000000000000000e+00 0.000000000000000000e+00 0.000000000000000000e+00 0.000000000000000000e+00 0.000000000000000000e+00 0.000000000000000000e+00 0.000000000000000000e+00
0.000000000000000000e+00 0.000000000000000000e+00 0.000000000000000000e+00 0.000000000000000000e+00 0.000000000000000000e+00 0.000000000000000000e+00 0.000000000000000000e+00
0.000000000000000000e+00 0.000000000000000000e+00 0.000000000000000000e+00 0.000000000000000000e+00 0.000000000000000000e+00 0.000000000000000000e+00 0.000000000000000000e+00
9.849780264225145299e-01 9.816521421775582512e-01 9.797767087035439415e-01 9.840808275768964108e-01 9.880564264379285699e-01 9.808942505373906551e-01 9.743818730390790828e-01
9.691547554706367862e-01 9.595337697971837443e-01 9.550222269451941193e-01 9.424782743258957041e-01 8.883816563595016147e-01 9.356622933494912475e-01 9.521428875526904978e-01
9.298129684280607155e-01 8.828090794112006812e-01 8.153477215708664350e-01 9.164507821819105615e-01 9.588883337337863466e-01 9.448854981864986957e-01 7.015911235194279838e-01
0.000000000000000000e+00 0.000000000000000000e+00 0.000000000000000000e+00 0.000000000000000000e+00 0.000000000000000000e+00 0.000000000000000000e+00 0.000000000000000000e+00
9.909083592734981849e-01 9.839627233938295081e-01 9.788375008378992215e-01 9.734556774611524688e-01 9.694130155819280503e-01 9.462415817779759042e-01 9.411938094196341531e-01
0.000000000000000000e+00 0.000000000000000000e+00 0.000000000000000000e+00 0.000000000000000000e+00 0.000000000000000000e+00 0.000000000000000000e+00 0.000000000000000000e+00
0.000000000000000000e+00 0.000000000000000000e+00 0.000000000000000000e+00 0.000000000000000000e+00 0.000000000000000000e+00 0.000000000000000000e+00 0.000000000000000000e+00
4.058982565941242071e-01 6.662330934766986790e-01 6.732155871181422224e-01 5.676776011723058124e-01 4.336888414258370239e-01 7.253554036651693737e-01 8.877438304066984642e-01
8.367589464413567324e-01 8.947104619314015794e-01 9.351985890070618757e-01 9.621328234424001424e-01 9.765501967492625779e-01 9.040867273972164053e-01 9.838622724011413245e-01
8.999919049449722763e-01 9.080632496092859718e-01 9.114078748260686647e-01 9.025917232975543270e-01 8.279522718229166411e-01 7.592914432692472460e-01 8.372053250580384631e-01
5.473917740627154416e-01 3.112904589930559629e-01 2.218599612457418935e-01 4.665992588281945297e-01 5.564514318768890577e-01 4.974424865423539011e-01 4.718950707285340940e-01
4.487723535439749889e-01 3.052677232667783680e-01 4.254194066237887983e-01 5.476067082046204293e-01 5.186449465509836987e-01 3.597426533433559226e-01 4.609873456021679750e-01
9.387667981137275408e-01 9.381173227852601659e-01 8.946907933912638944e-01 8.035353534773523876e-01 9.282661362556865470e-01 9.591891558561366216e-01 9.850079122440430490e-01
0.000000000000000000e+00 0.000000000000000000e+00 0.000000000000000000e+00 0.000000000000000000e+00 0.000000000000000000e+00 0.000000000000000000e+00 0.000000000000000000e+00
9.558447598649847388e-01 9.361842090244713033e-01 9.353051688471450964e-01 9.683893462342189062e-01 9.732200999297582200e-01 9.540023325532283049e-01 9.632270878979477535e-01
8.763805912588505942e-01 8.687184716964957421e-01 8.123000073037669466e-01 8.184716918000816133e-01 9.096398148948169338e-01 8.891022487776855110e-01 9.538908323722603555e-01
8.396392116787864124e-01 8.352924079288035486e-01 6.526563548390679204e-01 5.515795732789723349e-01 9.420788277176426195e-01 9.567680991275701041e-01 9.833527759764820741e-01
9.382074468994435756e-01 9.286551426864908532e-01 8.901790982681088149e-01 8.332072733182683821e-01 6.091354960954470377e-01 8.596793952433320340e-01 9.528754702470810800e-01
9.783050246771544112e-01 9.755264558026714994e-01 9.721873323147498525e-01 9.745928625747415364e-01 9.742989027815227576e-01 9.573953074233130245e-01 7.684742993048916393e-01
9.846697546880541774e-01 9.838462483189596153e-01 9.755113593549894491e-01 9.424669835901355874e-01 9.013799111965666855e-01 9.112292200801832553e-01 9.530100631264221134e-01
9.881215393997216934e-01 9.873635246398289045e-01 9.888612813716500805e-01 9.929698410082079540e-01 9.941507879707429662e-01 9.869836808383704030e-01 9.814049920137668526e-01
9.880943795772593186e-01 9.872668207064394519e-01 9.887786219249596886e-01 9.927491149783328472e-01 9.940348255510109698e-01 9.869444684876835794e-01 9.813362127347633468e-01
0.000000000000000000e+00 0.000000000000000000e+00 0.000000000000000000e+00 0.000000000000000000e+00 0.000000000000000000e+00 0.000000000000000000e+00 0.000000000000000000e+00
9.618076102741903721e-01 9.546913931324159108e-01 9.306356269419416849e-01 6.411027923350938185e-01 4.311510028554488283e-01 4.011521930221653154e-01 8.892880554457928133e-01
0.000000000000000000e+00 0.000000000000000000e+00 0.000000000000000000e+00 0.000000000000000000e+00 0.000000000000000000e+00 0.000000000000000000e+00 0.000000000000000000e+00
9.626750602309152027e-01 9.516001912740335023e-01 9.103692530509978065e-01 8.246704982855962429e-01 8.374974294601552627e-01 8.844320003114909401e-01 9.300281849372282750e-01
0.000000000000000000e+00 0.000000000000000000e+00 0.000000000000000000e+00 0.000000000000000000e+00 0.000000000000000000e+00 0.000000000000000000e+00 0.000000000000000000e+00
5.075828581468389000e-01 5.866690672439939247e-01 5.948013300911894063e-01 6.912745536973724514e-01 7.438388702111798922e-01 5.215440158800751513e-01 3.312137847132571311e-01
0.000000000000000000e+00 0.000000000000000000e+00 0.000000000000000000e+00 0.000000000000000000e+00 0.000000000000000000e+00 0.000000000000000000e+00 0.000000000000000000e+00
0.000000000000000000e+00 0.000000000000000000e+00 0.000000000000000000e+00 0.000000000000000000e+00 0.000000000000000000e+00 0.000000000000000000e+00 0.000000000000000000e+00
9.569749749855455123e-01 9.619268268682632517e-01 9.501542251271852813e-01 9.541616747040664315e-01 9.303712189456921910e-01 8.073654324255779002e-01 6.558676722831211503e-01
8.910580418535934966e-01 8.990753813396810123e-01 8.711974638687424166e-01 7.774083912785156869e-01 6.478849229707651647e-01 8.709327518633364074e-01 9.508493080356202887e-01
9.160657734611716840e-01 7.502211072358825339e-01 7.402449628249121449e-01 7.281107722944221150e-01 8.435815783672840906e-01 6.812565317873164883e-01 4.304639126039556118e-01
0.000000000000000000e+00 0.000000000000000000e+00 0.000000000000000000e+00 0.000000000000000000e+00 0.000000000000000000e+00 0.000000000000000000e+00 0.000000000000000000e+00
9.453148153031184497e-01 9.194966005279102683e-01 8.241502937362777947e-01 5.925317582071105704e-01 3.469198473652697068e-01 1.071309243023893937e-01 7.314777498958179303e-01
0.000000000000000000e+00 0.000000000000000000e+00 0.000000000000000000e+00 0.000000000000000000e+00 0.000000000000000000e+00 0.000000000000000000e+00 0.000000000000000000e+00
0.000000000000000000e+00 0.000000000000000000e+00 0.000000000000000000e+00 0.000000000000000000e+00 0.000000000000000000e+00 0.000000000000000000e+00 0.000000000000000000e+00
0.000000000000000000e+00 0.000000000000000000e+00 0.000000000000000000e+00 0.000000000000000000e+00 0.000000000000000000e+00 0.000000000000000000e+00 0.000000000000000000e+00
0.000000000000000000e+00 0.000000000000000000e+00 0.000000000000000000e+00 0.000000000000000000e+00 0.000000000000000000e+00 0.000000000000000000e+00 0.000000000000000000e+00
0.000000000000000000e+00 0.000000000000000000e+00 0.000000000000000000e+00 0.000000000000000000e+00 0.000000000000000000e+00 0.000000000000000000e+00 0.000000000000000000e+00
0.000000000000000000e+00 0.000000000000000000e+00 0.000000000000000000e+00 0.000000000000000000e+00 0.000000000000000000e+00 0.000000000000000000e+00 0.000000000000000000e+00
0.000000000000000000e+00 0.000000000000000000e+00 0.000000000000000000e+00 0.000000000000000000e+00 0.000000000000000000e+00 0.000000000000000000e+00 0.000000000000000000e+00
0.000000000000000000e+00 0.000000000000000000e+00 0.000000000000000000e+00 0.000000000000000000e+00 0.000000000000000000e+00 0.000000000000000000e+00 0.000000000000000000e+00
8.675858592336107566e-01 8.178940964837587702e-01 8.529713023426083174e-01 7.794450397354686366e-01 7.338546211902789995e-01 5.629388949399227737e-01 4.958275247849534551e-01
0.000000000000000000e+00 0.000000000000000000e+00 0.000000000000000000e+00 0.000000000000000000e+00 0.000000000000000000e+00 0.000000000000000000e+00 0.000000000000000000e+00
9.229656383245649076e-01 8.843849673944986778e-01 9.139087504455680744e-01 9.474348319760246273e-01 9.759545394588317047e-01 9.738511084522679662e-01 9.727241339944606713e-01
9.499725363277330414e-01 9.506404246715633999e-01 9.556488195178005629e-01 9.614829296946910686e-01 9.617329866084025625e-01 9.357678020809323538e-01 7.291118239437098802e-01
0.000000000000000000e+00 0.000000000000000000e+00 0.000000000000000000e+00 0.000000000000000000e+00 0.000000000000000000e+00 0.000000000000000000e+00 0.000000000000000000e+00
0.000000000000000000e+00 0.000000000000000000e+00 0.000000000000000000e+00 0.000000000000000000e+00 0.000000000000000000e+00 0.000000000000000000e+00 0.000000000000000000e+00
0.000000000000000000e+00 0.000000000000000000e+00 0.000000000000000000e+00 0.000000000000000000e+00 0.000000000000000000e+00 0.000000000000000000e+00 0.000000000000000000e+00
0.000000000000000000e+00 0.000000000000000000e+00 0.000000000000000000e+00 0.000000000000000000e+00 0.000000000000000000e+00 0.000000000000000000e+00 0.000000000000000000e+00
0.000000000000000000e+00 0.000000000000000000e+00 0.000000000000000000e+00 0.000000000000000000e+00 0.000000000000000000e+00 0.000000000000000000e+00 0.000000000000000000e+00
0.000000000000000000e+00 0.000000000000000000e+00 0.000000000000000000e+00 0.000000000000000000e+00 0.000000000000000000e+00 0.000000000000000000e+00 0.000000000000000000e+00
0.000000000000000000e+00 0.000000000000000000e+00 0.000000000000000000e+00 0.000000000000000000e+00 0.000000000000000000e+00 0.000000000000000000e+00 0.000000000000000000e+00
0.000000000000000000e+00 0.000000000000000000e+00 0.000000000000000000e+00 0.000000000000000000e+00 0.000000000000000000e+00 0.000000000000000000e+00 0.000000000000000000e+00
0.000000000000000000e+00 0.000000000000000000e+00 0.000000000000000000e+00 0.000000000000000000e+00 0.000000000000000000e+00 0.000000000000000000e+00 0.000000000000000000e+00
0.000000000000000000e+00 0.000000000000000000e+00 0.000000000000000000e+00 0.000000000000000000e+00 0.000000000000000000e+00 0.000000000000000000e+00 0.000000000000000000e+00
0.000000000000000000e+00 0.000000000000000000e+00 0.000000000000000000e+00 0.000000000000000000e+00 0.000000000000000000e+00 0.000000000000000000e+00 0.000000000000000000e+00
0.000000000000000000e+00 0.000000000000000000e+00 0.000000000000000000e+00 0.000000000000000000e+00 0.000000000000000000e+00 0.000000000000000000e+00 0.000000000000000000e+00
0.000000000000000000e+00 0.000000000000000000e+00 0.000000000000000000e+00 0.000000000000000000e+00 0.000000000000000000e+00 0.000000000000000000e+00 0.000000000000000000e+00
0.000000000000000000e+00 0.000000000000000000e+00 0.000000000000000000e+00 0.000000000000000000e+00 0.000000000000000000e+00 0.000000000000000000e+00 0.000000000000000000e+00
0.000000000000000000e+00 0.000000000000000000e+00 0.000000000000000000e+00 0.000000000000000000e+00 0.000000000000000000e+00 0.000000000000000000e+00 0.000000000000000000e+00
0.000000000000000000e+00 0.000000000000000000e+00 0.000000000000000000e+00 0.000000000000000000e+00 0.000000000000000000e+00 0.000000000000000000e+00 0.000000000000000000e+00
0.000000000000000000e+00 0.000000000000000000e+00 0.000000000000000000e+00 0.000000000000000000e+00 0.000000000000000000e+00 0.000000000000000000e+00 0.000000000000000000e+00
0.000000000000000000e+00 0.000000000000000000e+00 0.000000000000000000e+00 0.000000000000000000e+00 0.000000000000000000e+00 0.000000000000000000e+00 0.000000000000000000e+00
0.000000000000000000e+00 0.000000000000000000e+00 0.000000000000000000e+00 0.000000000000000000e+00 0.000000000000000000e+00 0.000000000000000000e+00 0.000000000000000000e+00
0.000000000000000000e+00 0.000000000000000000e+00 0.000000000000000000e+00 0.000000000000000000e+00 0.000000000000000000e+00 0.000000000000000000e+00 0.000000000000000000e+00
0.000000000000000000e+00 0.000000000000000000e+00 0.000000000000000000e+00 0.000000000000000000e+00 0.000000000000000000e+00 0.000000000000000000e+00 0.000000000000000000e+00
0.000000000000000000e+00 0.000000000000000000e+00 0.000000000000000000e+00 0.000000000000000000e+00 0.000000000000000000e+00 0.000000000000000000e+00 0.000000000000000000e+00
0.000000000000000000e+00 0.000000000000000000e+00 0.000000000000000000e+00 0.000000000000000000e+00 0.000000000000000000e+00 0.000000000000000000e+00 0.000000000000000000e+00
0.000000000000000000e+00 0.000000000000000000e+00 0.000000000000000000e+00 0.000000000000000000e+00 0.000000000000000000e+00 0.000000000000000000e+00 0.000000000000000000e+00
0.000000000000000000e+00 0.000000000000000000e+00 0.000000000000000000e+00 0.000000000000000000e+00 0.000000000000000000e+00 0.000000000000000000e+00 0.000000000000000000e+00
9.881575935081795548e-01 9.903681206857033459e-01 9.863671528846844616e-01 9.759302891889272136e-01 9.383714166867663797e-01 8.490493143967964285e-01 8.446407994121923890e-01
8.815716290982305026e-01 8.988346565146586586e-01 7.601147519858300061e-01 8.114171870782188600e-01 8.831165631047095399e-01 8.862363450538440768e-01 9.267731111461908755e-01
2.943854808662089151e-01 7.501059884011157530e-01 8.106395408851960749e-01 8.048786755685650718e-01 7.797280027529585045e-01 8.590805240467597192e-01 9.271176012865320892e-01
0.000000000000000000e+00 0.000000000000000000e+00 0.000000000000000000e+00 0.000000000000000000e+00 0.000000000000000000e+00 0.000000000000000000e+00 0.000000000000000000e+00
0.000000000000000000e+00 0.000000000000000000e+00 0.000000000000000000e+00 0.000000000000000000e+00 0.000000000000000000e+00 0.000000000000000000e+00 0.000000000000000000e+00
9.037502655667847273e-01 8.463115795637889960e-01 7.707220355868088513e-01 8.494005751430163675e-01 8.871566134205554066e-01 8.044497511439990811e-01 8.133606850141734679e-01
0.000000000000000000e+00 0.000000000000000000e+00 0.000000000000000000e+00 0.000000000000000000e+00 0.000000000000000000e+00 0.000000000000000000e+00 0.000000000000000000e+00
9.518436306792965595e-01 9.128125841543697216e-01 6.931353130318549383e-01 6.537293363738356788e-01 7.790987110058608112e-01 8.694766983416972739e-01 9.271691344838606241e-01
7.668775634066914426e-01 8.708051327099886052e-01 4.315736295373266973e-01 4.912908345534139909e-01 4.258218105518296048e-01 5.500567723408115173e-01 5.239747430970125297e-01
9.765721341420507962e-01 9.762537406011200236e-01 9.753555947302611218e-01 9.671215035994606968e-01 6.657205937903380999e-01 3.785722408894742208e-01 4.509148865025842112e-01
0.000000000000000000e+00 0.000000000000000000e+00 0.000000000000000000e+00 0.000000000000000000e+00 0.000000000000000000e+00 0.000000000000000000e+00 0.000000000000000000e+00
9.877531476811589606e-01 9.842519705700943922e-01 9.826857010463418973e-01 9.777751598353202622e-01 9.764875296231975144e-01 8.842894174732717216e-01 9.633693560749714280e-01
3.811948656484365761e-01 4.634424118499714806e-01 3.318768294298823363e-01 2.311500305375937814e-01 2.484821548404476943e-01 2.789059822097482710e-01 2.696441063358964718e-01
8.534036727547186230e-01 6.797991312542609466e-01 7.517988413400364944e-01 8.574001128533498273e-01 9.205351379380593002e-01 8.232011321350400923e-01 6.319556781126106637e-01
9.606235306957906506e-01 9.352112987901800567e-01 9.220831829894753362e-01 5.491435126964943070e-01 5.356488319531201858e-01 6.140678466500272270e-01 9.541389352553482084e-01
9.116346734342115621e-01 9.148309948454771412e-01 9.388161254487356056e-01 9.428414816077343996e-01 9.287461106986375503e-01 8.552871393717739190e-01 8.300552627557395979e-01
9.400198826172094790e-01 9.366539707674922388e-01 9.161180169504123949e-01 9.023088360422739651e-01 9.114606483428837613e-01 9.536417432671703276e-01 9.281902658613938595e-01
9.424113439445483964e-01 9.259210780588283951e-01 9.621326109570936813e-01 9.816835832129260364e-01 9.802878830754530037e-01 9.674896726858004392e-01 9.713398721813020220e-01
8.623860312487959812e-01 8.930525821526654751e-01 8.707928734241247026e-01 8.320121138474102507e-01 9.476568146516409774e-01 9.185418365057615997e-01 8.728378023008264153e-01
9.703643379779752776e-01 9.535383504434108426e-01 8.925160499716906504e-01 8.314760259112611296e-01 9.228085762703448491e-01 9.163135567527966874e-01 9.590017485680640830e-01
7.994143636109170004e-01 8.592154054288184684e-01 5.184462908809160941e-01 8.039074615161546644e-01 9.018934404715872599e-01 9.425452402291597531e-01 9.726754446312447788e-01
9.790778000067108522e-01 9.724280703138700188e-01 9.560269011491577817e-01 9.365690286567112111e-01 9.389829331215193697e-01 9.549303862138206478e-01 8.512788240621729230e-01
8.751489029770496142e-01 8.763255294955051289e-01 9.390905894870537063e-01 9.670732458826420963e-01 9.340966287104611743e-01 9.469773516603936514e-01 9.757942311604688168e-01
8.894319011025777488e-01 8.755468728472809437e-01 8.641325141291111844e-01 7.917822583871818587e-01 8.635557252319330246e-01 9.234191895168551989e-01 9.672235201293423179e-01
6.075103763996120287e-01 3.318289621885068263e-01 1.633712130925559225e-01 2.072703666182355575e-01 3.281060328293471384e-01 4.246608477451683239e-01 1.140494804350435237e-01
9.180103402787418432e-01 8.362661024714603819e-01 7.969232334072011703e-01 8.333593640614034292e-01 8.132135822978847628e-01 6.365597019003251811e-01 9.618368210252675743e-01
9.190260855157434960e-01 9.157643145431910714e-01 8.675842563261795259e-01 8.666377024804089446e-01 9.036197739226280445e-01 9.249204816976752674e-01 9.606486322647720399e-01
0.000000000000000000e+00 0.000000000000000000e+00 0.000000000000000000e+00 0.000000000000000000e+00 0.000000000000000000e+00 0.000000000000000000e+00 0.000000000000000000e+00
8.745962505522052455e-01 8.734297783536613125e-01 7.471315278392633985e-01 6.563926595474625092e-01 6.735647058543461352e-01 7.759620331980640051e-01 4.870050056644332770e-01
8.771842852499507348e-01 8.655180758910836492e-01 7.636763486585520511e-01 6.234450265051924012e-01 6.191391682729223689e-01 8.583344676221288383e-01 7.843343352448368666e-01
9.528772995593941531e-01 9.078496423826816208e-01 8.733189689895477503e-01 7.960936007443003559e-01 8.845636242881254052e-01 7.377540882677098288e-01 9.321587774204854737e-01
0.000000000000000000e+00 0.000000000000000000e+00 0.000000000000000000e+00 0.000000000000000000e+00 0.000000000000000000e+00 0.000000000000000000e+00 0.000000000000000000e+00
9.458384940240325278e-01 9.546324119216768045e-01 9.705181033549744596e-01 9.879639057053551943e-01 9.905119275796442357e-01 9.730631091569190705e-01 9.841890334824275888e-01
0.000000000000000000e+00 0.000000000000000000e+00 0.000000000000000000e+00 0.000000000000000000e+00 0.000000000000000000e+00 0.000000000000000000e+00 0.000000000000000000e+00
2.540974431735822936e-01 1.432676405156282085e-01 3.335584109187578750e-01 1.953889633362747291e-01 2.439768816620177527e-01 3.079621615566398574e-01 7.330559191374166339e-01
9.871224777365490421e-01 9.715420485548831309e-01 9.723589400235129743e-01 9.496803748991606842e-01 3.076119661427236807e-01 2.930845280985044377e-01 3.656160556584285848e-01
0.000000000000000000e+00 0.000000000000000000e+00 0.000000000000000000e+00 0.000000000000000000e+00 0.000000000000000000e+00 0.000000000000000000e+00 0.000000000000000000e+00
8.230151354539162467e-01 8.990927196347152650e-01 9.435275127058142530e-01 9.147843177148257121e-01 8.589234294407134263e-01 8.482654197188725931e-01 8.498272047655568429e-01
0.000000000000000000e+00 0.000000000000000000e+00 0.000000000000000000e+00 0.000000000000000000e+00 0.000000000000000000e+00 0.000000000000000000e+00 0.000000000000000000e+00
9.207989498541395701e-01 9.233022490186086895e-01 9.439519465411447818e-01 9.467003445372715875e-01 9.661587659132753192e-01 9.187494141594994002e-01 9.061319583859486215e-01
0.000000000000000000e+00 0.000000000000000000e+00 0.000000000000000000e+00 0.000000000000000000e+00 0.000000000000000000e+00 0.000000000000000000e+00 0.000000000000000000e+00
8.855396651697469146e-01 7.918651445907399777e-01 6.867042028743313153e-01 8.457624652615769456e-01 9.361038502822567331e-01 9.539224113921490611e-01 9.752976216962971900e-01
0.000000000000000000e+00 0.000000000000000000e+00 0.000000000000000000e+00 0.000000000000000000e+00 0.000000000000000000e+00 0.000000000000000000e+00 0.000000000000000000e+00
7.090545061587142373e-01 5.927922452362275330e-01 5.260472095804882287e-01 7.622899099918194477e-01 7.916344139085018661e-01 7.155399306827088246e-01 9.174227829326266903e-01
9.190359604013138561e-01 9.131753043151469296e-01 8.130971609086382612e-01 7.416612791823252726e-01 7.821342740228618418e-01 9.011826859089271391e-01 3.855042056828567598e-01
7.822711382438781724e-01 7.059944112318735643e-01 7.114209294070725775e-01 5.323321099546463042e-01 5.834850178289230360e-01 3.498588301442951409e-01 4.353517664318918290e-01
8.453864696373050158e-01 8.682708378781882619e-01 9.005516754770382937e-01 9.444937368927551757e-01 9.661520473641987961e-01 9.400564948065928128e-01 9.760130453836772801e-01
8.995349709552178386e-01 7.822839502089522501e-01 6.036161004004164665e-01 5.094600994216338385e-01 4.011068108365675178e-01 2.542837344075619677e-01 2.072498916295048010e-01
9.367407575090960226e-01 9.234102094908714919e-01 9.286636233321501344e-01 9.359826830527875341e-01 9.003182131615844463e-01 5.241292756089809268e-01 5.598686947924740309e-01
0.000000000000000000e+00 0.000000000000000000e+00 0.000000000000000000e+00 0.000000000000000000e+00 0.000000000000000000e+00 0.000000000000000000e+00 0.000000000000000000e+00
0.000000000000000000e+00 0.000000000000000000e+00 0.000000000000000000e+00 0.000000000000000000e+00 0.000000000000000000e+00 0.000000000000000000e+00 0.000000000000000000e+00
0.000000000000000000e+00 0.000000000000000000e+00 0.000000000000000000e+00 0.000000000000000000e+00 0.000000000000000000e+00 0.000000000000000000e+00 0.000000000000000000e+00
0.000000000000000000e+00 0.000000000000000000e+00 0.000000000000000000e+00 0.000000000000000000e+00 0.000000000000000000e+00 0.000000000000000000e+00 0.000000000000000000e+00
0.000000000000000000e+00 0.000000000000000000e+00 0.000000000000000000e+00 0.000000000000000000e+00 0.000000000000000000e+00 0.000000000000000000e+00 0.000000000000000000e+00
0.000000000000000000e+00 0.000000000000000000e+00 0.000000000000000000e+00 0.000000000000000000e+00 0.000000000000000000e+00 0.000000000000000000e+00 0.000000000000000000e+00
0.000000000000000000e+00 0.000000000000000000e+00 0.000000000000000000e+00 0.000000000000000000e+00 0.000000000000000000e+00 0.000000000000000000e+00 0.000000000000000000e+00
0.000000000000000000e+00 0.000000000000000000e+00 0.000000000000000000e+00 0.000000000000000000e+00 0.000000000000000000e+00 0.000000000000000000e+00 0.000000000000000000e+00
0.000000000000000000e+00 0.000000000000000000e+00 0.000000000000000000e+00 0.000000000000000000e+00 0.000000000000000000e+00 0.000000000000000000e+00 0.000000000000000000e+00
0.000000000000000000e+00 0.000000000000000000e+00 0.000000000000000000e+00 0.000000000000000000e+00 0.000000000000000000e+00 0.000000000000000000e+00 0.000000000000000000e+00
0.000000000000000000e+00 0.000000000000000000e+00 0.000000000000000000e+00 0.000000000000000000e+00 0.000000000000000000e+00 0.000000000000000000e+00 0.000000000000000000e+00
0.000000000000000000e+00 0.000000000000000000e+00 0.000000000000000000e+00 0.000000000000000000e+00 0.000000000000000000e+00 0.000000000000000000e+00 0.000000000000000000e+00
0.000000000000000000e+00 0.000000000000000000e+00 0.000000000000000000e+00 0.000000000000000000e+00 0.000000000000000000e+00 0.000000000000000000e+00 0.000000000000000000e+00
0.000000000000000000e+00 0.000000000000000000e+00 0.000000000000000000e+00 0.000000000000000000e+00 0.000000000000000000e+00 0.000000000000000000e+00 0.000000000000000000e+00
0.000000000000000000e+00 0.000000000000000000e+00 0.000000000000000000e+00 0.000000000000000000e+00 0.000000000000000000e+00 0.000000000000000000e+00 0.000000000000000000e+00
0.000000000000000000e+00 0.000000000000000000e+00 0.000000000000000000e+00 0.000000000000000000e+00 0.000000000000000000e+00 0.000000000000000000e+00 0.000000000000000000e+00
0.000000000000000000e+00 0.000000000000000000e+00 0.000000000000000000e+00 0.000000000000000000e+00 0.000000000000000000e+00 0.000000000000000000e+00 0.000000000000000000e+00
0.000000000000000000e+00 0.000000000000000000e+00 0.000000000000000000e+00 0.000000000000000000e+00 0.000000000000000000e+00 0.000000000000000000e+00 0.000000000000000000e+00
0.000000000000000000e+00 0.000000000000000000e+00 0.000000000000000000e+00 0.000000000000000000e+00 0.000000000000000000e+00 0.000000000000000000e+00 0.000000000000000000e+00
0.000000000000000000e+00 0.000000000000000000e+00 0.000000000000000000e+00 0.000000000000000000e+00 0.000000000000000000e+00 0.000000000000000000e+00 0.000000000000000000e+00
0.000000000000000000e+00 0.000000000000000000e+00 0.000000000000000000e+00 0.000000000000000000e+00 0.000000000000000000e+00 0.000000000000000000e+00 0.000000000000000000e+00
0.000000000000000000e+00 0.000000000000000000e+00 0.000000000000000000e+00 0.000000000000000000e+00 0.000000000000000000e+00 0.000000000000000000e+00 0.000000000000000000e+00
0.000000000000000000e+00 0.000000000000000000e+00 0.000000000000000000e+00 0.000000000000000000e+00 0.000000000000000000e+00 0.000000000000000000e+00 0.000000000000000000e+00
0.000000000000000000e+00 0.000000000000000000e+00 0.000000000000000000e+00 0.000000000000000000e+00 0.000000000000000000e+00 0.000000000000000000e+00 0.000000000000000000e+00
0.000000000000000000e+00 0.000000000000000000e+00 0.000000000000000000e+00 0.000000000000000000e+00 0.000000000000000000e+00 0.000000000000000000e+00 0.000000000000000000e+00
0.000000000000000000e+00 0.000000000000000000e+00 0.000000000000000000e+00 0.000000000000000000e+00 0.000000000000000000e+00 0.000000000000000000e+00 0.000000000000000000e+00
0.000000000000000000e+00 0.000000000000000000e+00 0.000000000000000000e+00 0.000000000000000000e+00 0.000000000000000000e+00 0.000000000000000000e+00 0.000000000000000000e+00
0.000000000000000000e+00 0.000000000000000000e+00 0.000000000000000000e+00 0.000000000000000000e+00 0.000000000000000000e+00 0.000000000000000000e+00 0.000000000000000000e+00
0.000000000000000000e+00 0.000000000000000000e+00 0.000000000000000000e+00 0.000000000000000000e+00 0.000000000000000000e+00 0.000000000000000000e+00 0.000000000000000000e+00
0.000000000000000000e+00 0.000000000000000000e+00 0.000000000000000000e+00 0.000000000000000000e+00 0.000000000000000000e+00 0.000000000000000000e+00 0.000000000000000000e+00
0.000000000000000000e+00 0.000000000000000000e+00 0.000000000000000000e+00 0.000000000000000000e+00 0.000000000000000000e+00 0.000000000000000000e+00 0.000000000000000000e+00
0.000000000000000000e+00 0.000000000000000000e+00 0.000000000000000000e+00 0.000000000000000000e+00 0.000000000000000000e+00 0.000000000000000000e+00 0.000000000000000000e+00
0.000000000000000000e+00 0.000000000000000000e+00 0.000000000000000000e+00 0.000000000000000000e+00 0.000000000000000000e+00 0.000000000000000000e+00 0.000000000000000000e+00
