3.468113825653409208e+02 3.540613825653409208e+02 9.811382565340935002e+00 2.481138256534093500e+01 4.231138256534093500e+01 2.581138256534093500e+01 3.563113825653409208e+02
3.481499447044969315e+02 3.521499447044969315e+02 3.571499447044969315e+02 3.598999447044969315e+02 3.591499447044969315e+02 3.506499447044969315e+02 3.473999447044969315e+02
0.000000000000000000e+00 0.000000000000000000e+00 0.000000000000000000e+00 0.000000000000000000e+00 0.000000000000000000e+00 0.000000000000000000e+00 0.000000000000000000e+00
0.000000000000000000e+00 0.000000000000000000e+00 0.000000000000000000e+00 0.000000000000000000e+00 0.000000000000000000e+00 0.000000000000000000e+00 0.000000000000000000e+00
3.323234803905786521e+02 2.970734803905786521e+02 2.770734803905786521e+02 2.432348039057865208e+01 2.207348039057865208e+01 3.530734803905786521e+02 1.207348039057865208e+01
0.000000000000000000e+00 0.000000000000000000e+00 0.000000000000000000e+00 0.000000000000000000e+00 0.000000000000000000e+00 0.000000000000000000e+00 0.000000000000000000e+00
1.880450011323591752e+01 1.580450011323591752e+01 1.655450011323591752e+01 3.355450011323591752e+01 3.480450011323591752e+01 1.905450011323591752e+01 1.080450011323591752e+01
3.212677773957883574e+02 3.305177773957883574e+02 5.177773957883857747e-01 2.026777739578838577e+01 1.576777739578838577e+01 1.376777739578838577e+01 1.126777739578838577e+01
0.000000000000000000e+00 0.000000000000000000e+00 0.000000000000000000e+00 0.000000000000000000e+00 0.000000000000000000e+00 0.000000000000000000e+00 0.000000000000000000e+00
0.000000000000000000e+00 0.000000000000000000e+00 0.000000000000000000e+00 0.000000000000000000e+00 0.000000000000000000e+00 0.000000000000000000e+00 0.000000000000000000e+00
2.822543008356186078e+02 2.870043008356186078e+02 2.962543008356186078e+02 2.955043008356186078e+02 3.030043008356186078e+02 3.190043008356186078e+02 3.160043008356186078e+02
2.502010930032189719e+02 2.439510930032189719e+02 3.317010930032189435e+02 1.451093003218971944e+00 4.095109300321897194e+01 7.220109300321897194e+01 9.320109300321897194e+01
3.548424169876267342e+02 3.525924169876267342e+02 3.518424169876267342e+02 3.540924169876267342e+02 3.578424169876267342e+02 3.583424169876267342e+02 1.459241698762673423e+01
3.583167940378631897e+02 3.565667940378631897e+02 3.583167940378631897e+02 1.566794037863189715e+00 3.816794037863189715e+00 3.578167940378631897e+02 3.578167940378631897e+02
1.070606261467446529e+00 3.583206062614674465e+02 3.583206062614674465e+02 2.070606261467446529e+00 3.320606261467446529e+00 1.070606261467446529e+00 2.320606261467446529e+00
0.000000000000000000e+00 0.000000000000000000e+00 0.000000000000000000e+00 0.000000000000000000e+00 0.000000000000000000e+00 0.000000000000000000e+00 0.000000000000000000e+00
0.000000000000000000e+00 0.000000000000000000e+00 0.000000000000000000e+00 0.000000000000000000e+00 0.000000000000000000e+00 0.000000000000000000e+00 0.000000000000000000e+00
2.542927155177619625e+01 2.517927155177619625e+01 2.317927155177619625e+01 2.417927155177619625e+01 3.092927155177619625e+01 1.167927155177619625e+01 3.586792715517761962e+02
3.466312765074945901e+02 3.498812765074945901e+02 3.536312765074945901e+02 3.566312765074945901e+02 3.556312765074945901e+02 3.418812765074945901e+02 3.238812765074945901e+02
0.000000000000000000e+00 0.000000000000000000e+00 0.000000000000000000e+00 0.000000000000000000e+00 0.000000000000000000e+00 0.000000000000000000e+00 0.000000000000000000e+00
0.000000000000000000e+00 0.000000000000000000e+00 0.000000000000000000e+00 0.000000000000000000e+00 0.000000000000000000e+00 0.000000000000000000e+00 0.000000000000000000e+00
0.000000000000000000e+00 0.000000000000000000e+00 0.000000000000000000e+00 0.000000000000000000e+00 0.000000000000000000e+00 0.000000000000000000e+00 0.000000000000000000e+00
0.000000000000000000e+00 0.000000000000000000e+00 0.000000000000000000e+00 0.000000000000000000e+00 0.000000000000000000e+00 0.000000000000000000e+00 0.000000000000000000e+00
0.000000000000000000e+00 0.000000000000000000e+00 0.000000000000000000e+00 0.000000000000000000e+00 0.000000000000000000e+00 0.000000000000000000e+00 0.000000000000000000e+00
0.000000000000000000e+00 0.000000000000000000e+00 0.000000000000000000e+00 0.000000000000000000e+00 0.000000000000000000e+00 0.000000000000000000e+00 0.000000000000000000e+00
0.000000000000000000e+00 0.000000000000000000e+00 0.000000000000000000e+00 0.000000000000000000e+00 0.000000000000000000e+00 0.000000000000000000e+00 0.000000000000000000e+00
0.000000000000000000e+00 0.000000000000000000e+00 0.000000000000000000e+00 0.000000000000000000e+00 0.000000000000000000e+00 0.000000000000000000e+00 0.000000000000000000e+00
0.000000000000000000e+00 0.000000000000000000e+00 0.000000000000000000e+00 0.000000000000000000e+00 0.000000000000000000e+00 0.000000000000000000e+00 0.000000000000000000e+00
0.000000000000000000e+00 0.000000000000000000e+00 0.000000000000000000e+00 0.000000000000000000e+00 0.000000000000000000e+00 0.000000000000000000e+00 0.000000000000000000e+00
0.000000000000000000e+00 0.000000000000000000e+00 0.000000000000000000e+00 0.000000000000000000e+00 0.000000000000000000e+00 0.000000000000000000e+00 0.000000000000000000e+00
0.000000000000000000e+00 0.000000000000000000e+00 0.000000000000000000e+00 0.000000000000000000e+00 0.000000000000000000e+00 0.000000000000000000e+00 0.000000000000000000e+00
0.000000000000000000e+00 0.000000000000000000e+00 0.000000000000000000e+00 0.000000000000000000e+00 0.000000000000000000e+00 0.000000000000000000e+00 0.000000000000000000e+00
0.000000000000000000e+00 0.000000000000000000e+00 0.000000000000000000e+00 0.000000000000000000e+00 0.000000000000000000e+00 0.000000000000000000e+00 0.000000000000000000e+00
0.000000000000000000e+00 0.000000000000000000e+00 0.000000000000000000e+00 0.000000000000000000e+00 0.000000000000000000e+00 0.000000000000000000e+00 0.000000000000000000e+00
0.000000000000000000e+00 0.000000000000000000e+00 0.000000000000000000e+00 0.000000000000000000e+00 0.000000000000000000e+00 0.000000000000000000e+00 0.000000000000000000e+00
0.000000000000000000e+00 0.000000000000000000e+00 0.000000000000000000e+00 0.000000000000000000e+00 0.000000000000000000e+00 0.000000000000000000e+00 0.000000000000000000e+00
3.522366215659597515e+02 3.539866215659597515e+02 3.574866215659597515e+02 3.592366215659597515e+02 1.486621565959751479e+00 2.986621565959751479e+00 1.486621565959751479e+00
1.103460062326746538e-01 6.110346006232674654e+00 5.360346006232674654e+00 3.541103460062327031e+02 3.466103460062327031e+02 3.511103460062327031e+02 3.573603460062327031e+02
2.789048784787212298e+00 1.539048784787212298e+00 3.582890487847872123e+02 1.289048784787212298e+00 2.289048784787212298e+00 5.390487847872122984e-01 1.789048784787212298e+00
0.000000000000000000e+00 0.000000000000000000e+00 0.000000000000000000e+00 0.000000000000000000e+00 0.000000000000000000e+00 0.000000000000000000e+00 0.000000000000000000e+00
3.486005216795289812e+02 3.523505216795289812e+02 3.568505216795289812e+02 3.591005216795289812e+02 2.600521679528981167e+00 3.593505216795289812e+02 3.556005216795289812e+02
0.000000000000000000e+00 0.000000000000000000e+00 0.000000000000000000e+00 0.000000000000000000e+00 0.000000000000000000e+00 0.000000000000000000e+00 0.000000000000000000e+00
0.000000000000000000e+00 0.000000000000000000e+00 0.000000000000000000e+00 0.000000000000000000e+00 0.000000000000000000e+00 0.000000000000000000e+00 0.000000000000000000e+00
2.066717534699890280e+00 3.138167175346998761e+02 2.935667175346998761e+02 2.930667175346998761e+02 3.033167175346998761e+02 3.398167175346998761e+02 3.478167175346998761e+02
7.673758352517438652e+00 5.923758352517438652e+00 4.673758352517438652e+00 3.554237583525174387e+02 3.556737583525174387e+02 1.142375835251743865e+01 5.173758352517438652e+00
3.382648562191873225e+02 3.387648562191873225e+02 3.417648562191873225e+02 3.562648562191873225e+02 2.764856219187350916e+00 3.595148562191873225e+02 3.592648562191873225e+02
2.833341414817259647e+02 2.803341414817259647e+02 1.408414148172599312e+01 6.033414148172599312e+01 7.083414148172599312e+01 3.428341414817259647e+02 3.180841414817259647e+02
2.813398602291467796e+02 2.880898602291467796e+02 3.565898602291467796e+02 4.858986022914677960e+01 6.133986022914677960e+01 3.118398602291467796e+02 3.200898602291467796e+02
3.566652413881683970e+00 3.578166524138816840e+02 3.540666524138816840e+02 3.595666524138816840e+02 1.106665241388168397e+01 1.456665241388168397e+01 1.256665241388168397e+01
0.000000000000000000e+00 0.000000000000000000e+00 0.000000000000000000e+00 0.000000000000000000e+00 0.000000000000000000e+00 0.000000000000000000e+00 0.000000000000000000e+00
3.542791738781895674e+02 3.522791738781895674e+02 3.545291738781895674e+02 2.779173878189567404e+00 6.779173878189567404e+00 7.779173878189567404e+00 7.779173878189567404e+00
1.004306284721849352e+00 1.504306284721849352e+00 3.504306284721849352e+00 6.004306284721849352e+00 3.562543062847218494e+02 1.754306284721849352e+00 8.504306284721849352e+00
3.257440798771818891e+01 4.057440798771818891e+01 4.207440798771818891e+01 3.332440798771818891e+01 1.332440798771818891e+01 6.574407987718188906e+00 3.580744079877181889e+02
3.100284976330949860e+01 3.475284976330949860e+01 3.600284976330949860e+01 3.850284976330949860e+01 3.850284976330949860e+01 1.550284976330949860e+01 1.000284976330949860e+01
3.459520651656060863e+02 3.497020651656060863e+02 3.547020651656060863e+02 3.599520651656060863e+02 1.202065165606057917e+00 3.542020651656060863e+02 3.437020651656060863e+02
6.862472260921549605e+00 5.362472260921549605e+00 3.362472260921549605e+00 1.862472260921549605e+00 4.362472260921549605e+00 1.086247226092154960e+01 3.526124722609215496e+02
5.456728725227293353e+00 3.589567287252273218e+02 3.524567287252273218e+02 3.517067287252273218e+02 3.564567287252273218e+02 7.067287252272933529e-01 3.599567287252273218e+02
5.050926560772836638e+00 3.585509265607728366e+02 3.520509265607728366e+02 3.513009265607728366e+02 3.560509265607728366e+02 3.009265607728366376e-01 3.595509265607728366e+02
0.000000000000000000e+00 0.000000000000000000e+00 0.000000000000000000e+00 0.000000000000000000e+00 0.000000000000000000e+00 0.000000000000000000e+00 0.000000000000000000e+00
3.596315172288156532e+02 3.598815172288156532e+02 3.131517228815653198e+00 3.423815172288156532e+02 3.053815172288156532e+02 3.056315172288156532e+02 3.523815172288156532e+02
0.000000000000000000e+00 0.000000000000000000e+00 0.000000000000000000e+00 0.000000000000000000e+00 0.000000000000000000e+00 0.000000000000000000e+00 0.000000000000000000e+00
3.523756804214770000e+02 3.553756804214770000e+02 2.125680421476971560e+00 3.125680421476971560e+00 3.598756804214770000e+02 1.256804214769715600e-01 3.598756804214770000e+02
0.000000000000000000e+00 0.000000000000000000e+00 0.000000000000000000e+00 0.000000000000000000e+00 0.000000000000000000e+00 0.000000000000000000e+00 0.000000000000000000e+00
3.218175758721533839e+02 3.317575872153383898e+00 3.556757587215338390e+01 3.906757587215338390e+01 2.006757587215338390e+01 3.225675758721533839e+02 3.003175758721533839e+02
0.000000000000000000e+00 0.000000000000000000e+00 0.000000000000000000e+00 0.000000000000000000e+00 0.000000000000000000e+00 0.000000000000000000e+00 0.000000000000000000e+00
0.000000000000000000e+00 0.000000000000000000e+00 0.000000000000000000e+00 0.000000000000000000e+00 0.000000000000000000e+00 0.000000000000000000e+00 0.000000000000000000e+00
1.881135799943740494e+01 2.106135799943740494e+01 2.456135799943740494e+01 2.181135799943740494e+01 8.561357999437404942e+00 2.706135799943740494e+01 3.306135799943740494e+01
3.525985371397528070e+02 3.473485371397528070e+02 3.535985371397528070e+02 3.578485371397528070e+02 8.598537139752835401e+00 8.848537139752835401e+00 7.348537139752835401e+00
2.546143733591310365e+01 2.271143733591310365e+01 8.711437335913103652e+00 2.896143733591310365e+01 6.171143733591310365e+01 6.696143733591310365e+01 7.796143733591310365e+01
0.000000000000000000e+00 0.000000000000000000e+00 0.000000000000000000e+00 0.000000000000000000e+00 0.000000000000000000e+00 0.000000000000000000e+00 0.000000000000000000e+00
9.215293914098197092e+00 9.715293914098197092e+00 1.171529391409819709e+01 2.321529391409819709e+01 3.721529391409819709e+01 1.346529391409819709e+01 1.965293914098197092e+00
0.000000000000000000e+00 0.000000000000000000e+00 0.000000000000000000e+00 0.000000000000000000e+00 0.000000000000000000e+00 0.000000000000000000e+00 0.000000000000000000e+00
0.000000000000000000e+00 0.000000000000000000e+00 0.000000000000000000e+00 0.000000000000000000e+00 0.000000000000000000e+00 0.000000000000000000e+00 0.000000000000000000e+00
0.000000000000000000e+00 0.000000000000000000e+00 0.000000000000000000e+00 0.000000000000000000e+00 0.000000000000000000e+00 0.000000000000000000e+00 0.000000000000000000e+00
0.000000000000000000e+00 0.000000000000000000e+00 0.000000000000000000e+00 0.000000000000000000e+00 0.000000000000000000e+00 0.000000000000000000e+00 0.000000000000000000e+00
0.000000000000000000e+00 0.000000000000000000e+00 0.000000000000000000e+00 0.000000000000000000e+00 0.000000000000000000e+00 0.000000000000000000e+00 0.000000000000000000e+00
0.000000000000000000e+00 0.000000000000000000e+00 0.000000000000000000e+00 0.000000000000000000e+00 0.000000000000000000e+00 0.000000000000000000e+00 0.000000000000000000e+00
0.000000000000000000e+00 0.000000000000000000e+00 0.000000000000000000e+00 0.000000000000000000e+00 0.000000000000000000e+00 0.000000000000000000e+00 0.000000000000000000e+00
0.000000000000000000e+00 0.000000000000000000e+00 0.000000000000000000e+00 0.000000000000000000e+00 0.000000000000000000e+00 0.000000000000000000e+00 0.000000000000000000e+00
2.711720439326370524e+01 3.236720439326370524e+01 3.036720439326370524e+01 4.386720439326370524e+01 6.011720439326370524e+01 6.986720439326370524e+01 5.411720439326370524e+01
0.000000000000000000e+00 0.000000000000000000e+00 0.000000000000000000e+00 0.000000000000000000e+00 0.000000000000000000e+00 0.000000000000000000e+00 0.000000000000000000e+00
4.130615741823646658e+00 8.880615741823646658e+00 1.088061574182364666e+01 9.130615741823646658e+00 7.880615741823646658e+00 8.380615741823646658e+00 1.380615741823646658e+00
3.459114300231407242e+02 3.461614300231407242e+02 3.501614300231407242e+02 3.554114300231407242e+02 3.589114300231407242e+02 1.091143002314075261e+01 3.554114300231407242e+02
0.000000000000000000e+00 0.000000000000000000e+00 0.000000000000000000e+00 0.000000000000000000e+00 0.000000000000000000e+00 0.000000000000000000e+00 0.000000000000000000e+00
0.000000000000000000e+00 0.000000000000000000e+00 0.000000000000000000e+00 0.000000000000000000e+00 0.000000000000000000e+00 0.000000000000000000e+00 0.000000000000000000e+00
0.000000000000000000e+00 0.000000000000000000e+00 0.000000000000000000e+00 0.000000000000000000e+00 0.000000000000000000e+00 0.000000000000000000e+00 0.000000000000000000e+00
0.000000000000000000e+00 0.000000000000000000e+00 0.000000000000000000e+00 0.000000000000000000e+00 0.000000000000000000e+00 0.000000000000000000e+00 0.000000000000000000e+00
0.000000000000000000e+00 0.000000000000000000e+00 0.000000000000000000e+00 0.000000000000000000e+00 0.000000000000000000e+00 0.000000000000000000e+00 0.000000000000000000e+00
0.000000000000000000e+00 0.000000000000000000e+00 0.000000000000000000e+00 0.000000000000000000e+00 0.000000000000000000e+00 0.000000000000000000e+00 0.000000000000000000e+00
0.000000000000000000e+00 0.000000000000000000e+00 0.000000000000000000e+00 0.000000000000000000e+00 0.000000000000000000e+00 0.000000000000000000e+00 0.000000000000000000e+00
0.000000000000000000e+00 0.000000000000000000e+00 0.000000000000000000e+00 0.000000000000000000e+00 0.000000000000000000e+00 0.000000000000000000e+00 0.000000000000000000e+00
0.000000000000000000e+00 0.000000000000000000e+00 0.000000000000000000e+00 0.000000000000000000e+00 0.000000000000000000e+00 0.000000000000000000e+00 0.000000000000000000e+00
0.000000000000000000e+00 0.000000000000000000e+00 0.000000000000000000e+00 0.000000000000000000e+00 0.000000000000000000e+00 0.000000000000000000e+00 0.000000000000000000e+00
0.000000000000000000e+00 0.000000000000000000e+00 0.000000000000000000e+00 0.000000000000000000e+00 0.000000000000000000e+00 0.000000000000000000e+00 0.000000000000000000e+00
0.000000000000000000e+00 0.000000000000000000e+00 0.000000000000000000e+00 0.000000000000000000e+00 0.000000000000000000e+00 0.000000000000000000e+00 0.000000000000000000e+00
0.000000000000000000e+00 0.000000000000000000e+00 0.000000000000000000e+00 0.000000000000000000e+00 0.000000000000000000e+00 0.000000000000000000e+00 0.000000000000000000e+00
0.000000000000000000e+00 0.000000000000000000e+00 0.000000000000000000e+00 0.000000000000000000e+00 0.000000000000000000e+00 0.000000000000000000e+00 0.000000000000000000e+00
0.000000000000000000e+00 0.000000000000000000e+00 0.000000000000000000e+00 0.000000000000000000e+00 0.000000000000000000e+00 0.000000000000000000e+00 0.000000000000000000e+00
0.000000000000000000e+00 0.000000000000000000e+00 0.000000000000000000e+00 0.000000000000000000e+00 0.000000000000000000e+00 0.000000000000000000e+00 0.000000000000000000e+00
0.000000000000000000e+00 0.000000000000000000e+00 0.000000000000000000e+00 0.000000000000000000e+00 0.000000000000000000e+00 0.000000000000000000e+00 0.000000000000000000e+00
0.000000000000000000e+00 0.000000000000000000e+00 0.000000000000000000e+00 0.000000000000000000e+00 0.000000000000000000e+00 0.000000000000000000e+00 0.000000000000000000e+00
0.000000000000000000e+00 0.000000000000000000e+00 0.000000000000000000e+00 0.000000000000000000e+00 0.000000000000000000e+00 0.000000000000000000e+00 0.000000000000000000e+00
0.000000000000000000e+00 0.000000000000000000e+00 0.000000000000000000e+00 0.000000000000000000e+00 0.000000000000000000e+00 0.000000000000000000e+00 0.000000000000000000e+00
0.000000000000000000e+00 0.000000000000000000e+00 0.000000000000000000e+00 0.000000000000000000e+00 0.000000000000000000e+00 0.000000000000000000e+00 0.000000000000000000e+00
0.000000000000000000e+00 0.000000000000000000e+00 0.000000000000000000e+00 0.000000000000000000e+00 0.000000000000000000e+00 0.000000000000000000e+00 0.000000000000000000e+00
0.000000000000000000e+00 0.000000000000000000e+00 0.000000000000000000e+00 0.000000000000000000e+00 0.000000000000000000e+00 0.000000000000000000e+00 0.000000000000000000e+00
0.000000000000000000e+00 0.000000000000000000e+00 0.000000000000000000e+00 0.000000000000000000e+00 0.000000000000000000e+00 0.000000000000000000e+00 0.000000000000000000e+00
0.000000000000000000e+00 0.000000000000000000e+00 0.000000000000000000e+00 0.000000000000000000e+00 0.000000000000000000e+00 0.000000000000000000e+00 0.000000000000000000e+00
3.487348667789693195e+02 3.467348667789693195e+02 3.474848667789693195e+02 3.467348667789693195e+02 3.417348667789693195e+02 3.347348667789693195e+02 3.362348667789693195e+02
2.421507488846003753e+01 1.771507488846003753e+01 1.371507488846003753e+01 3.465074888460037528e+00 7.465074888460037528e+00 1.121507488846003753e+01 3.965074888460037528e+00
3.598389543036823852e+02 3.343389543036823852e+02 3.518389543036823852e+02 3.088954303682385216e+00 3.588389543036823852e+02 3.480889543036823852e+02 3.433389543036823852e+02
0.000000000000000000e+00 0.000000000000000000e+00 0.000000000000000000e+00 0.000000000000000000e+00 0.000000000000000000e+00 0.000000000000000000e+00 0.000000000000000000e+00
0.000000000000000000e+00 0.000000000000000000e+00 0.000000000000000000e+00 0.000000000000000000e+00 0.000000000000000000e+00 0.000000000000000000e+00 0.000000000000000000e+00
3.463433888893283665e+02 3.433433888893283665e+02 3.558433888893283665e+02 1.134338888932836653e+01 1.684338888932836653e+01 2.534338888932836653e+01 2.534338888932836653e+01
0.000000000000000000e+00 0.000000000000000000e+00 0.000000000000000000e+00 0.000000000000000000e+00 0.000000000000000000e+00 0.000000000000000000e+00 0.000000000000000000e+00
2.808005217544257448e+01 3.433005217544257448e+01 5.208005217544257448e+01 5.258005217544257448e+01 5.333005217544257448e+01 3.158005217544257448e+01 8.830052175442574480e+00
2.472660510180634219e+01 9.766051018063421907e-01 3.324766051018063422e+02 2.547660510180634219e+01 7.172660510180634219e+01 8.247660510180634219e+01 8.072660510180634219e+01
3.466864980777414189e+02 3.491864980777414189e+02 3.521864980777414189e+02 3.531864980777414189e+02 3.321864980777414189e+02 2.906864980777414189e+02 2.829364980777414189e+02
0.000000000000000000e+00 0.000000000000000000e+00 0.000000000000000000e+00 0.000000000000000000e+00 0.000000000000000000e+00 0.000000000000000000e+00 0.000000000000000000e+00
3.454041363992197375e+02 3.479041363992197375e+02 3.564041363992197375e+02 2.154136399219709119e+00 3.594041363992197375e+02 3.459041363992197375e+02 3.531541363992197375e+02
1.247475214735316058e+02 1.619975214735316058e+02 2.087475214735316058e+02 2.139975214735316058e+02 8.874752147353160581e+01 8.874752147353160581e+01 3.462475214735316058e+02
3.167495155969459120e+01 2.667495155969459120e+01 1.467495155969459120e+01 2.217495155969459120e+01 3.817495155969459120e+01 3.742495155969459120e+01 3.767495155969459120e+01
3.585568239971458411e+02 3.056823997145841076e+00 2.806823997145841076e+00 3.295568239971458411e+02 3.185568239971458411e+02 3.290568239971458411e+02 3.530568239971458411e+02
3.546024950778409561e+02 3.498524950778409561e+02 3.521024950778409561e+02 2.852495077840956128e+00 3.524950778409561281e-01 3.438524950778409561e+02 3.388524950778409561e+02
3.504571705215191741e+02 3.567071705215191741e+02 1.320717052151917414e+01 2.770717052151917414e+01 2.895717052151917414e+01 8.207170521519174144e+00 3.519571705215191741e+02
4.255411671582578492e-01 5.175541167158257849e+00 8.675541167158257849e+00 1.042554116715825785e+01 1.092554116715825785e+01 8.175541167158257849e+00 6.175541167158257849e+00
2.172803349652832594e+01 1.697803349652832594e+01 2.222803349652832594e+01 1.347803349652832594e+01 4.978033496528325941e+00 3.569780334965283259e+02 3.472280334965283259e+02
3.398325341074904031e+02 3.365825341074904031e+02 3.290825341074904031e+02 3.275825341074904031e+02 3.545825341074904031e+02 3.480825341074904031e+02 3.520825341074904031e+02
3.383638022312607063e+02 3.543638022312607063e+02 3.536380223126070632e+01 1.886380223126069922e+01 1.161380223126069922e+01 8.638022312606992159e-01 3.566138022312607063e+02
1.407648220515943649e+01 1.607648220515943649e+01 1.457648220515943649e+01 2.076482205159436489e+00 1.632648220515943649e+01 1.757648220515943649e+01 3.485764822051594365e+02
3.492187938425216771e+02 3.492187938425216771e+02 3.569687938425216771e+02 3.218793842521677107e+00 6.968793842521677107e+00 5.218793842521677107e+00 4.468793842521677107e+00
1.279604443110912371e+00 3.279604443110912371e+00 5.029604443110912371e+00 2.277960444311091237e+01 2.702960444311091237e+01 1.352960444311091237e+01 5.279604443110912371e+00
3.559537743416956346e+02 3.472037743416956346e+02 3.497037743416956346e+02 1.097037743416956346e+02 1.594537743416956346e+02 2.997037743416956346e+02 1.489537743416956346e+02
3.509396870648203048e+02 3.496896870648203048e+02 3.484396870648203048e+02 3.511896870648203048e+02 3.456896870648203048e+02 1.918968706482030484e+01 1.189687064820304840e+00
1.829149677902063331e+01 2.104149677902063331e+01 1.554149677902063331e+01 7.291496779020633312e+00 7.041496779020633312e+00 1.179149677902063331e+01 7.291496779020633312e+00
0.000000000000000000e+00 0.000000000000000000e+00 0.000000000000000000e+00 0.000000000000000000e+00 0.000000000000000000e+00 0.000000000000000000e+00 0.000000000000000000e+00
8.181807602256469636e+00 9.681807602256469636e+00 2.343180760225646964e+01 2.993180760225646964e+01 1.568180760225646964e+01 6.931807602256469636e+00 3.581818076022564696e+02
1.393514308433418591e+01 2.493514308433418591e+01 3.618514308433418591e+01 4.993514308433418591e+01 4.068514308433418591e+01 1.518514308433418591e+01 4.685143084334185914e+00
5.154007223875282762e+00 7.404007223875282762e+00 6.154007223875282762e+00 3.556540072238752828e+02 4.904007223875282762e+00 3.390400722387528276e+01 3.581540072238752828e+02
0.000000000000000000e+00 0.000000000000000000e+00 0.000000000000000000e+00 0.000000000000000000e+00 0.000000000000000000e+00 0.000000000000000000e+00 0.000000000000000000e+00
1.100645521437257912e+01 1.200645521437257912e+01 1.300645521437257912e+01 9.756455214372579121e+00 3.590064552143725791e+02 3.562564552143725791e+02 3.756455214372579121e+00
0.000000000000000000e+00 0.000000000000000000e+00 0.000000000000000000e+00 0.000000000000000000e+00 0.000000000000000000e+00 0.000000000000000000e+00 0.000000000000000000e+00
3.040502009026661199e+02 9.480020090266611987e+01 1.085502009026661199e+02 1.798002009026661199e+02 2.820502009026661199e+02 4.355020090266611987e+01 3.455502009026661199e+02
3.438357274814158018e+02 3.488357274814158018e+02 3.565857274814158018e+02 1.335727481415773354e+00 3.153357274814158018e+02 2.913357274814158018e+02 2.908357274814158018e+02
0.000000000000000000e+00 0.000000000000000000e+00 0.000000000000000000e+00 0.000000000000000000e+00 0.000000000000000000e+00 0.000000000000000000e+00 0.000000000000000000e+00
3.534690461548504459e+02 3.592190461548504459e+02 8.719046154850445873e+00 2.121904615485044587e+01 1.896904615485044587e+01 2.371904615485044587e+01 2.871904615485044587e+01
0.000000000000000000e+00 0.000000000000000000e+00 0.000000000000000000e+00 0.000000000000000000e+00 0.000000000000000000e+00 0.000000000000000000e+00 0.000000000000000000e+00
3.474783485662396743e+02 3.557283485662396743e+02 7.728348566239645834e+00 2.522834856623964583e+01 2.297834856623964583e+01 1.172834856623964583e+01 5.978348566239645834e+00
0.000000000000000000e+00 0.000000000000000000e+00 0.000000000000000000e+00 0.000000000000000000e+00 0.000000000000000000e+00 0.000000000000000000e+00 0.000000000000000000e+00
3.446437330980800766e+02 1.439373309808006596e+01 2.914373309808007662e+01 9.893733098080065957e+00 3.598937330980800766e+02 3.543937330980800766e+02 3.571437330980800766e+02
0.000000000000000000e+00 0.000000000000000000e+00 0.000000000000000000e+00 0.000000000000000000e+00 0.000000000000000000e+00 0.000000000000000000e+00 0.000000000000000000e+00
5.504396680804984499e+01 4.029396680804983788e+01 3.195439668080498450e+02 2.890439668080498450e+02 2.932939668080498450e+02 3.147939668080498450e+02 3.502939668080498450e+02
1.076425123383353366e+01 1.425123383353366080e-02 3.487642512338335337e+02 3.452642512338335337e+02 3.527642512338335337e+02 1.526425123383353366e+01 5.176425123383353366e+01
3.401435953311303706e+02 2.958935953311303706e+02 2.901435953311303706e+02 2.991435953311303706e+02 2.414359533113037060e+01 6.064359533113037060e+01 4.114359533113037060e+01
3.472089094562969649e+02 3.554589094562969649e+02 1.245890945629697910e+01 2.345890945629697910e+01 1.345890945629697910e+01 1.520890945629697910e+01 8.208909456296979101e+00
1.345587132748411108e+01 3.524558713274840898e+02 3.284558713274840898e+02 3.214558713274840898e+02 3.087058713274840898e+02 3.117058713274840898e+02 5.845587132748408976e+01
3.568127261446690000e+02 3.590627261446690000e+02 1.812726144668999950e+00 3.062726144668999950e+00 9.562726144668999950e+00 3.406272614466899995e+01 3.425627261446690000e+02
0.000000000000000000e+00 0.000000000000000000e+00 0.000000000000000000e+00 0.000000000000000000e+00 0.000000000000000000e+00 0.000000000000000000e+00 0.000000000000000000e+00
0.000000000000000000e+00 0.000000000000000000e+00 0.000000000000000000e+00 0.000000000000000000e+00 0.000000000000000000e+00 0.000000000000000000e+00 0.000000000000000000e+00
0.000000000000000000e+00 0.000000000000000000e+00 0.000000000000000000e+00 0.000000000000000000e+00 0.000000000000000000e+00 0.000000000000000000e+00 0.000000000000000000e+00
0.000000000000000000e+00 0.000000000000000000e+00 0.000000000000000000e+00 0.000000000000000000e+00 0.000000000000000000e+00 0.000000000000000000e+00 0.000000000000000000e+00
0.000000000000000000e+00 0.000000000000000000e+00 0.000000000000000000e+00 0.000000000000000000e+00 0.000000000000000000e+00 0.000000000000000000e+00 0.000000000000000000e+00
0.000000000000000000e+00 0.000000000000000000e+00 0.000000000000000000e+00 0.000000000000000000e+00 0.000000000000000000e+00 0.000000000000000000e+00 0.000000000000000000e+00
0.000000000000000000e+00 0.000000000000000000e+00 0.000000000000000000e+00 0.000000000000000000e+00 0.000000000000000000e+00 0.000000000000000000e+00 0.000000000000000000e+00
0.000000000000000000e+00 0.000000000000000000e+00 0.000000000000000000e+00 0.000000000000000000e+00 0.000000000000000000e+00 0.000000000000000000e+00 0.000000000000000000e+00
0.000000000000000000e+00 0.000000000000000000e+00 0.000000000000000000e+00 0.000000000000000000e+00 0.000000000000000000e+00 0.000000000000000000e+00 0.000000000000000000e+00
0.000000000000000000e+00 0.000000000000000000e+00 0.000000000000000000e+00 0.000000000000000000e+00 0.000000000000000000e+00 0.000000000000000000e+00 0.000000000000000000e+00
0.000000000000000000e+00 0.000000000000000000e+00 0.000000000000000000e+00 0.000000000000000000e+00 0.000000000000000000e+00 0.000000000000000000e+00 0.000000000000000000e+00
0.000000000000000000e+00 0.000000000000000000e+00 0.000000000000000000e+00 0.000000000000000000e+00 0.000000000000000000e+00 0.000000000000000000e+00 0.000000000000000000e+00
0.000000000000000000e+00 0.000000000000000000e+00 0.000000000000000000e+00 0.000000000000000000e+00 0.000000000000000000e+00 0.000000000000000000e+00 0.000000000000000000e+00
0.000000000000000000e+00 0.000000000000000000e+00 0.000000000000000000e+00 0.000000000000000000e+00 0.000000000000000000e+00 0.000000000000000000e+00 0.000000000000000000e+00
0.000000000000000000e+00 0.000000000000000000e+00 0.000000000000000000e+00 0.000000000000000000e+00 0.000000000000000000e+00 0.000000000000000000e+00 0.000000000000000000e+00
0.000000000000000000e+00 0.000000000000000000e+00 0.000000000000000000e+00 0.000000000000000000e+00 0.000000000000000000e+00 0.000000000000000000e+00 0.000000000000000000e+00
0.000000000000000000e+00 0.000000000000000000e+00 0.000000000000000000e+00 0.000000000000000000e+00 0.000000000000000000e+00 0.000000000000000000e+00 0.000000000000000000e+00
0.000000000000000000e+00 0.000000000000000000e+00 0.000000000000000000e+00 0.000000000000000000e+00 0.000000000000000000e+00 0.000000000000000000e+00 0.000000000000000000e+00
0.000000000000000000e+00 0.000000000000000000e+00 0.000000000000000000e+00 0.000000000000000000e+00 0.000000000000000000e+00 0.000000000000000000e+00 0.000000000000000000e+00
0.000000000000000000e+00 0.000000000000000000e+00 0.000000000000000000e+00 0.000000000000000000e+00 0.000000000000000000e+00 0.000000000000000000e+00 0.000000000000000000e+00
0.000000000000000000e+00 0.000000000000000000e+00 0.000000000000000000e+00 0.000000000000000000e+00 0.000000000000000000e+00 0.000000000000000000e+00 0.000000000000000000e+00
0.000000000000000000e+00 0.000000000000000000e+00 0.000000000000000000e+00 0.000000000000000000e+00 0.000000000000000000e+00 0.000000000000000000e+00 0.000000000000000000e+00
0.000000000000000000e+00 0.000000000000000000e+00 0.000000000000000000e+00 0.000000000000000000e+00 0.000000000000000000e+00 0.000000000000000000e+00 0.000000000000000000e+00
0.000000000000000000e+00 0.000000000000000000e+00 0.000000000000000000e+00 0.000000000000000000e+00 0.000000000000000000e+00 0.000000000000000000e+00 0.000000000000000000e+00
0.000000000000000000e+00 0.000000000000000000e+00 0.000000000000000000e+00 0.000000000000000000e+00 0.000000000000000000e+00 0.000000000000000000e+00 0.000000000000000000e+00
0.000000000000000000e+00 0.000000000000000000e+00 0.000000000000000000e+00 0.000000000000000000e+00 0.000000000000000000e+00 0.000000000000000000e+00 0.000000000000000000e+00
0.000000000000000000e+00 0.000000000000000000e+00 0.000000000000000000e+00 0.000000000000000000e+00 0.000000000000000000e+00 0.000000000000000000e+00 0.000000000000000000e+00
0.000000000000000000e+00 0.000000000000000000e+00 0.000000000000000000e+00 0.000000000000000000e+00 0.000000000000000000e+00 0.000000000000000000e+00 0.000000000000000000e+00
0.000000000000000000e+00 0.000000000000000000e+00 0.000000000000000000e+00 0.000000000000000000e+00 0.000000000000000000e+00 0.000000000000000000e+00 0.000000000000000000e+00
0.000000000000000000e+00 0.000000000000000000e+00 0.000000000000000000e+00 0.000000000000000000e+00 0.000000000000000000e+00 0.000000000000000000e+00 0.000000000000000000e+00
0.000000000000000000e+00 0.000000000000000000e+00 0.000000000000000000e+00 0.000000000000000000e+00 0.000000000000000000e+00 0.000000000000000000e+00 0.000000000000000000e+00
0.000000000000000000e+00 0.000000000000000000e+00 0.000000000000000000e+00 0.000000000000000000e+00 0.000000000000000000e+00 0.000000000000000000e+00 0.000000000000000000e+00
0.000000000000000000e+00 0.000000000000000000e+00 0.000000000000000000e+00 0.000000000000000000e+00 0.000000000000000000e+00 0.000000000000000000e+00 0.000000000000000000e+00
