1.082058128246036688e+01 9.070581282460366879e+00 3.070581282460366879e+00 6.570581282460366879e+00 4.257058128246036688e+01 4.432058128246036688e+01 5.705812824603668787e-01
3.518700130861369644e+02 3.561200130861369644e+02 1.370013086136964375e+00 4.370013086136964375e+00 5.620013086136964375e+00 3.568700130861369644e+02 3.481200130861369644e+02
0.000000000000000000e+00 0.000000000000000000e+00 0.000000000000000000e+00 0.000000000000000000e+00 0.000000000000000000e+00 0.000000000000000000e+00 0.000000000000000000e+00
0.000000000000000000e+00 0.000000000000000000e+00 0.000000000000000000e+00 0.000000000000000000e+00 0.000000000000000000e+00 0.000000000000000000e+00 0.000000000000000000e+00
2.871746731935029402e+02 2.814246731935029402e+02 2.966746731935029402e+02 1.492467319350291177e+01 2.792467319350291177e+01 8.424673193502911772e+00 2.167467319350291177e+01
0.000000000000000000e+00 0.000000000000000000e+00 0.000000000000000000e+00 0.000000000000000000e+00 0.000000000000000000e+00 0.000000000000000000e+00 0.000000000000000000e+00
1.343582693525422656e+01 9.685826935254226555e+00 9.435826935254226555e+00 1.643582693525422656e+01 1.468582693525422656e+01 9.185826935254226555e+00 9.685826935254226555e+00
3.066492255317966737e+02 3.101492255317966737e+02 3.466492255317966737e+02 2.339922553179668796e+01 2.364922553179668796e+01 1.764922553179668796e+01 7.399225531796687960e+00
0.000000000000000000e+00 0.000000000000000000e+00 0.000000000000000000e+00 0.000000000000000000e+00 0.000000000000000000e+00 0.000000000000000000e+00 0.000000000000000000e+00
0.000000000000000000e+00 0.000000000000000000e+00 0.000000000000000000e+00 0.000000000000000000e+00 0.000000000000000000e+00 0.000000000000000000e+00 0.000000000000000000e+00
3.134588551818804945e+02 3.069588551818804945e+02 2.812088551818804945e+02 2.777088551818804945e+02 2.952088551818804945e+02 3.262088551818804945e+02 3.094588551818804945e+02
2.544682172214300522e+02 2.542182172214300522e+02 3.057182172214300522e+02 3.459682172214300522e+02 9.968217221430052177e+00 7.871821722143005218e+01 1.067182172214300522e+02
3.462999423728034571e+02 3.495499423728034571e+02 3.580499423728034571e+02 4.549942372803457147e+00 7.049942372803457147e+00 1.154994237280345715e+01 1.429994237280345715e+01
4.024954329423280797e+00 1.274954329423280797e+00 2.274954329423280797e+00 4.774954329423280797e+00 5.274954329423280797e+00 3.585249543294232808e+02 2.495432942328079662e-02
3.570283246656278493e+02 3.572783246656278493e+02 2.783246656278492992e-01 2.778324665627849299e+00 3.567783246656278493e+02 3.420283246656278493e+02 3.540283246656278493e+02
0.000000000000000000e+00 0.000000000000000000e+00 0.000000000000000000e+00 0.000000000000000000e+00 0.000000000000000000e+00 0.000000000000000000e+00 0.000000000000000000e+00
0.000000000000000000e+00 0.000000000000000000e+00 0.000000000000000000e+00 0.000000000000000000e+00 0.000000000000000000e+00 0.000000000000000000e+00 0.000000000000000000e+00
3.129622985567590376e+01 2.779622985567590376e+01 2.404622985567590376e+01 2.104622985567590376e+01 2.179622985567590376e+01 6.546229855675903764e+00 1.454622985567590376e+01
3.563188152443148056e+02 3.580688152443148056e+02 8.188152443148055681e-01 2.568815244314805568e+00 3.590688152443148056e+02 3.423188152443148056e+02 3.398188152443148056e+02
0.000000000000000000e+00 0.000000000000000000e+00 0.000000000000000000e+00 0.000000000000000000e+00 0.000000000000000000e+00 0.000000000000000000e+00 0.000000000000000000e+00
0.000000000000000000e+00 0.000000000000000000e+00 0.000000000000000000e+00 0.000000000000000000e+00 0.000000000000000000e+00 0.000000000000000000e+00 0.000000000000000000e+00
3.925060694046266008e+01 4.150060694046266008e+01 3.200060694046266008e+01 2.200060694046266008e+01 6.000606940462660077e+00 3.527506069404626601e+02 3.480006069404626601e+02
3.534182780137717259e+02 3.556682780137717259e+02 3.471682780137717259e+02 3.304182780137717259e+02 3.281682780137717259e+02 3.376682780137717259e+02 4.418278013771725909e+00
0.000000000000000000e+00 0.000000000000000000e+00 0.000000000000000000e+00 0.000000000000000000e+00 0.000000000000000000e+00 0.000000000000000000e+00 0.000000000000000000e+00
3.533298621319609083e+02 2.007986213196090830e+01 2.657986213196090830e+01 9.579862131960908300e+00 3.230798621319609083e+02 2.900798621319609083e+02 3.030798621319609083e+02
3.503458562410684181e+02 3.538458562410684181e+02 3.593458562410684181e+02 3.345856241068418058e+00 1.095856241068418058e+00 3.588458562410684181e+02 3.550958562410684181e+02
0.000000000000000000e+00 0.000000000000000000e+00 0.000000000000000000e+00 0.000000000000000000e+00 0.000000000000000000e+00 0.000000000000000000e+00 0.000000000000000000e+00
0.000000000000000000e+00 0.000000000000000000e+00 0.000000000000000000e+00 0.000000000000000000e+00 0.000000000000000000e+00 0.000000000000000000e+00 0.000000000000000000e+00
4.256597337620820554e+01 3.806597337620820554e+01 3.159733762082055364e-01 3.590659733762082055e+02 8.815973376208205536e+00 5.131597337620820554e+01 6.531597337620820554e+01
5.115690869107170968e+00 8.656908691071709683e-01 3.573656908691071976e+02 3.496156908691071976e+02 5.865690869107170968e+00 8.365690869107170968e+00 1.365690869107170968e+00
0.000000000000000000e+00 0.000000000000000000e+00 0.000000000000000000e+00 0.000000000000000000e+00 0.000000000000000000e+00 0.000000000000000000e+00 0.000000000000000000e+00
1.471040078863808453e+01 1.210400788638084535e+00 3.454604007886380828e+02 4.460400788638084535e+00 4.121040078863808276e+01 5.521040078863808276e+01 5.521040078863808276e+01
0.000000000000000000e+00 0.000000000000000000e+00 0.000000000000000000e+00 0.000000000000000000e+00 0.000000000000000000e+00 0.000000000000000000e+00 0.000000000000000000e+00
9.314512545800198495e+00 1.181451254580019850e+01 1.281451254580019850e+01 1.481451254580019850e+01 1.256451254580019850e+01 9.064512545800198495e+00 8.064512545800198495e+00
0.000000000000000000e+00 0.000000000000000000e+00 0.000000000000000000e+00 0.000000000000000000e+00 0.000000000000000000e+00 0.000000000000000000e+00 0.000000000000000000e+00
0.000000000000000000e+00 0.000000000000000000e+00 0.000000000000000000e+00 0.000000000000000000e+00 0.000000000000000000e+00 0.000000000000000000e+00 0.000000000000000000e+00
3.572733834150999428e+02 3.590233834150999428e+02 2.273383415099942795e+00 3.023383415099942795e+00 3.023383415099942795e+00 6.523383415099942795e+00 7.523383415099942795e+00
3.565609411439354517e+02 1.810941143935451692e+00 3.060941143935451692e+00 3.545609411439354517e+02 3.508109411439354517e+02 3.560609411439354517e+02 3.580609411439354517e+02
1.494480826850235644e+01 1.419480826850235644e+01 9.194808268502356441e+00 6.944808268502356441e+00 1.044480826850235644e+01 7.194808268502356441e+00 7.194808268502356441e+00
0.000000000000000000e+00 0.000000000000000000e+00 0.000000000000000000e+00 0.000000000000000000e+00 0.000000000000000000e+00 0.000000000000000000e+00 0.000000000000000000e+00
3.541625072192681500e+02 3.569125072192681500e+02 1.162507219268150038e+00 1.662507219268150038e+00 3.412507219268150038e+00 4.162507219268150038e+00 4.412507219268150038e+00
0.000000000000000000e+00 0.000000000000000000e+00 0.000000000000000000e+00 0.000000000000000000e+00 0.000000000000000000e+00 0.000000000000000000e+00 0.000000000000000000e+00
0.000000000000000000e+00 0.000000000000000000e+00 0.000000000000000000e+00 0.000000000000000000e+00 0.000000000000000000e+00 0.000000000000000000e+00 0.000000000000000000e+00
1.670873640731618082e+01 2.839587364073161666e+02 2.784587364073161666e+02 2.817087364073161666e+02 3.022087364073161666e+02 3.372087364073161666e+02 3.512087364073161666e+02
3.457321890335391572e+02 2.482189033539185630e+00 7.982189033539185630e+00 3.592321890335391572e+02 3.527321890335391572e+02 4.732189033539185630e+00 3.597321890335391572e+02
3.420150985288579477e+02 3.375150985288579477e+02 3.410150985288579477e+02 3.552650985288579477e+02 1.515098528857976135e+00 3.540150985288579477e+02 6.265098528857976135e+00
3.806647853912815549e+01 3.806647853912815549e+01 3.006647853912815549e+01 3.156647853912815549e+01 5.931647853912815549e+01 3.325664785391281839e+02 3.150664785391281839e+02
2.982248922848140182e+01 2.482248922848140182e+01 5.822489228481401824e+00 1.407248922848140182e+01 5.157248922848140182e+01 3.243224892284814018e+02 3.155724892284814018e+02
9.534552854400772048e+00 3.784552854400772048e+00 2.284552854400772048e+00 1.203455285440077205e+01 1.303455285440077205e+01 1.478455285440077205e+01 1.328455285440077205e+01
0.000000000000000000e+00 0.000000000000000000e+00 0.000000000000000000e+00 0.000000000000000000e+00 0.000000000000000000e+00 0.000000000000000000e+00 0.000000000000000000e+00
3.476658303710877362e+00 9.766583037108773624e-01 3.597266583037109058e+02 5.476658303710877362e+00 1.022665830371087736e+01 1.247665830371087736e+01 8.976658303710877362e+00
7.250536418223305191e+00 6.000536418223305191e+00 5.500536418223305191e+00 7.505364182233051906e-01 3.572505364182233052e+02 3.472505364182233052e+02 4.500536418223305191e+00
2.950270958442973779e+01 3.525270958442973779e+01 3.500270958442973779e+01 2.950270958442973779e+01 7.252709584429737788e+00 3.752709584429737788e+00 3.252709584429737788e+00
3.524220735671841567e+02 3.556720735671841567e+02 3.581720735671841567e+02 9.922073567184170884e+00 2.217207356718417088e+01 1.567207356718417088e+01 9.672073567184170884e+00
3.529194933097368221e+02 3.561694933097368221e+02 1.694933097368505059e-01 4.419493309736850506e+00 5.419493309736850506e+00 3.466694933097368221e+02 3.571694933097368221e+02
2.082494500999689535e+01 1.682494500999689535e+01 1.557494500999689535e+01 1.407494500999689535e+01 1.282494500999689535e+01 1.824945009996895351e+00 3.553249450099968954e+02
3.386483480792235241e+02 3.396483480792235241e+02 3.433983480792235241e+02 3.471483480792235241e+02 3.566483480792235241e+02 4.898348079223552531e+00 6.398348079223552531e+00
3.382420504192623412e+02 3.392420504192623412e+02 3.429920504192623412e+02 3.467420504192623412e+02 3.564920504192623412e+02 4.492050419262369587e+00 5.992050419262369587e+00
0.000000000000000000e+00 0.000000000000000000e+00 0.000000000000000000e+00 0.000000000000000000e+00 0.000000000000000000e+00 0.000000000000000000e+00 0.000000000000000000e+00
3.563280582186744141e+02 3.575780582186744141e+02 3.575780582186744141e+02 3.328058218674442514e+00 3.550780582186744141e+02 3.278280582186744141e+02 6.328058218674442514e+00
0.000000000000000000e+00 0.000000000000000000e+00 0.000000000000000000e+00 0.000000000000000000e+00 0.000000000000000000e+00 0.000000000000000000e+00 0.000000000000000000e+00
3.521540231483986076e+02 3.516540231483986076e+02 3.506540231483986076e+02 3.521540231483986076e+02 3.576540231483986076e+02 3.581540231483986076e+02 3.904023148398607646e+00
0.000000000000000000e+00 0.000000000000000000e+00 0.000000000000000000e+00 0.000000000000000000e+00 0.000000000000000000e+00 0.000000000000000000e+00 0.000000000000000000e+00
3.039257039715938618e+02 3.131757039715938618e+02 6.242570397159386175e+01 5.742570397159386175e+01 3.017570397159386175e+01 3.359257039715938618e+02 2.964257039715938618e+02
0.000000000000000000e+00 0.000000000000000000e+00 0.000000000000000000e+00 0.000000000000000000e+00 0.000000000000000000e+00 0.000000000000000000e+00 0.000000000000000000e+00
0.000000000000000000e+00 0.000000000000000000e+00 0.000000000000000000e+00 0.000000000000000000e+00 0.000000000000000000e+00 0.000000000000000000e+00 0.000000000000000000e+00
3.253000396637287395e+01 3.303000396637287395e+01 3.378000396637287395e+01 3.603000396637287395e+01 2.128000396637287395e+01 5.300039663728739470e-01 3.322800039663728739e+02
3.283932293788497532e+02 3.301432293788497532e+02 3.496432293788497532e+02 3.583932293788497532e+02 3.596432293788497532e+02 5.893229378849738964e+00 1.114322937884973896e+01
2.647971265008794717e+01 2.672971265008794717e+01 2.422971265008794717e+01 1.872971265008794717e+01 2.847971265008794717e+01 6.172971265008794717e+01 8.422971265008794717e+01
0.000000000000000000e+00 0.000000000000000000e+00 0.000000000000000000e+00 0.000000000000000000e+00 0.000000000000000000e+00 0.000000000000000000e+00 0.000000000000000000e+00
1.767508576306181567e+01 1.442508576306181567e+01 1.192508576306181567e+01 1.642508576306181567e+01 3.067508576306181567e+01 6.175085763061815669e+00 3.584250857630618157e+02
0.000000000000000000e+00 0.000000000000000000e+00 0.000000000000000000e+00 0.000000000000000000e+00 0.000000000000000000e+00 0.000000000000000000e+00 0.000000000000000000e+00
0.000000000000000000e+00 0.000000000000000000e+00 0.000000000000000000e+00 0.000000000000000000e+00 0.000000000000000000e+00 0.000000000000000000e+00 0.000000000000000000e+00
3.331021723256475298e+02 3.483521723256475298e+02 6.021723256475013386e-01 1.135217232564750134e+01 1.485217232564750134e+01 2.885217232564750134e+01 2.285217232564750134e+01
0.000000000000000000e+00 0.000000000000000000e+00 0.000000000000000000e+00 0.000000000000000000e+00 0.000000000000000000e+00 0.000000000000000000e+00 0.000000000000000000e+00
2.301580963561468707e+01 1.926580963561468707e+01 1.251580963561468707e+01 1.176580963561468707e+01 1.376580963561468707e+01 8.015809635614687068e+00 9.515809635614687068e+00
3.418541533825341503e+02 3.573541533825341503e+02 1.960415338253415030e+01 1.935415338253415030e+01 2.335415338253415030e+01 2.485415338253415030e+01 3.185415338253415030e+01
3.584686890572174889e+02 1.121868905721748888e+01 4.218689057217488880e+00 1.671868905721748888e+01 1.521868905721748888e+01 2.071868905721748888e+01 2.296868905721748888e+01
2.501866456028443508e+01 1.866456028441376702e-02 3.427686645602844351e+02 3.462686645602844351e+02 5.186645602844137670e-01 3.768664560284413767e+00 1.426866456028441377e+01
2.033035081464925042e+01 2.258035081464925042e+01 5.080350814649250424e+00 1.608035081464925042e+01 3.758035081464925042e+01 6.233035081464925042e+01 3.558035081464925042e+01
0.000000000000000000e+00 0.000000000000000000e+00 0.000000000000000000e+00 0.000000000000000000e+00 0.000000000000000000e+00 0.000000000000000000e+00 0.000000000000000000e+00
0.000000000000000000e+00 0.000000000000000000e+00 0.000000000000000000e+00 0.000000000000000000e+00 0.000000000000000000e+00 0.000000000000000000e+00 0.000000000000000000e+00
0.000000000000000000e+00 0.000000000000000000e+00 0.000000000000000000e+00 0.000000000000000000e+00 0.000000000000000000e+00 0.000000000000000000e+00 0.000000000000000000e+00
0.000000000000000000e+00 0.000000000000000000e+00 0.000000000000000000e+00 0.000000000000000000e+00 0.000000000000000000e+00 0.000000000000000000e+00 0.000000000000000000e+00
0.000000000000000000e+00 0.000000000000000000e+00 0.000000000000000000e+00 0.000000000000000000e+00 0.000000000000000000e+00 0.000000000000000000e+00 0.000000000000000000e+00
0.000000000000000000e+00 0.000000000000000000e+00 0.000000000000000000e+00 0.000000000000000000e+00 0.000000000000000000e+00 0.000000000000000000e+00 0.000000000000000000e+00
0.000000000000000000e+00 0.000000000000000000e+00 0.000000000000000000e+00 0.000000000000000000e+00 0.000000000000000000e+00 0.000000000000000000e+00 0.000000000000000000e+00
0.000000000000000000e+00 0.000000000000000000e+00 0.000000000000000000e+00 0.000000000000000000e+00 0.000000000000000000e+00 0.000000000000000000e+00 0.000000000000000000e+00
0.000000000000000000e+00 0.000000000000000000e+00 0.000000000000000000e+00 0.000000000000000000e+00 0.000000000000000000e+00 0.000000000000000000e+00 0.000000000000000000e+00
0.000000000000000000e+00 0.000000000000000000e+00 0.000000000000000000e+00 0.000000000000000000e+00 0.000000000000000000e+00 0.000000000000000000e+00 0.000000000000000000e+00
0.000000000000000000e+00 0.000000000000000000e+00 0.000000000000000000e+00 0.000000000000000000e+00 0.000000000000000000e+00 0.000000000000000000e+00 0.000000000000000000e+00
0.000000000000000000e+00 0.000000000000000000e+00 0.000000000000000000e+00 0.000000000000000000e+00 0.000000000000000000e+00 0.000000000000000000e+00 0.000000000000000000e+00
0.000000000000000000e+00 0.000000000000000000e+00 0.000000000000000000e+00 0.000000000000000000e+00 0.000000000000000000e+00 0.000000000000000000e+00 0.000000000000000000e+00
0.000000000000000000e+00 0.000000000000000000e+00 0.000000000000000000e+00 0.000000000000000000e+00 0.000000000000000000e+00 0.000000000000000000e+00 0.000000000000000000e+00
0.000000000000000000e+00 0.000000000000000000e+00 0.000000000000000000e+00 0.000000000000000000e+00 0.000000000000000000e+00 0.000000000000000000e+00 0.000000000000000000e+00
0.000000000000000000e+00 0.000000000000000000e+00 0.000000000000000000e+00 0.000000000000000000e+00 0.000000000000000000e+00 0.000000000000000000e+00 0.000000000000000000e+00
0.000000000000000000e+00 0.000000000000000000e+00 0.000000000000000000e+00 0.000000000000000000e+00 0.000000000000000000e+00 0.000000000000000000e+00 0.000000000000000000e+00
0.000000000000000000e+00 0.000000000000000000e+00 0.000000000000000000e+00 0.000000000000000000e+00 0.000000000000000000e+00 0.000000000000000000e+00 0.000000000000000000e+00
0.000000000000000000e+00 0.000000000000000000e+00 0.000000000000000000e+00 0.000000000000000000e+00 0.000000000000000000e+00 0.000000000000000000e+00 0.000000000000000000e+00
0.000000000000000000e+00 0.000000000000000000e+00 0.000000000000000000e+00 0.000000000000000000e+00 0.000000000000000000e+00 0.000000000000000000e+00 0.000000000000000000e+00
0.000000000000000000e+00 0.000000000000000000e+00 0.000000000000000000e+00 0.000000000000000000e+00 0.000000000000000000e+00 0.000000000000000000e+00 0.000000000000000000e+00
0.000000000000000000e+00 0.000000000000000000e+00 0.000000000000000000e+00 0.000000000000000000e+00 0.000000000000000000e+00 0.000000000000000000e+00 0.000000000000000000e+00
0.000000000000000000e+00 0.000000000000000000e+00 0.000000000000000000e+00 0.000000000000000000e+00 0.000000000000000000e+00 0.000000000000000000e+00 0.000000000000000000e+00
0.000000000000000000e+00 0.000000000000000000e+00 0.000000000000000000e+00 0.000000000000000000e+00 0.000000000000000000e+00 0.000000000000000000e+00 0.000000000000000000e+00
0.000000000000000000e+00 0.000000000000000000e+00 0.000000000000000000e+00 0.000000000000000000e+00 0.000000000000000000e+00 0.000000000000000000e+00 0.000000000000000000e+00
0.000000000000000000e+00 0.000000000000000000e+00 0.000000000000000000e+00 0.000000000000000000e+00 0.000000000000000000e+00 0.000000000000000000e+00 0.000000000000000000e+00
0.000000000000000000e+00 0.000000000000000000e+00 0.000000000000000000e+00 0.000000000000000000e+00 0.000000000000000000e+00 0.000000000000000000e+00 0.000000000000000000e+00
0.000000000000000000e+00 0.000000000000000000e+00 0.000000000000000000e+00 0.000000000000000000e+00 0.000000000000000000e+00 0.000000000000000000e+00 0.000000000000000000e+00
0.000000000000000000e+00 0.000000000000000000e+00 0.000000000000000000e+00 0.000000000000000000e+00 0.000000000000000000e+00 0.000000000000000000e+00 0.000000000000000000e+00
0.000000000000000000e+00 0.000000000000000000e+00 0.000000000000000000e+00 0.000000000000000000e+00 0.000000000000000000e+00 0.000000000000000000e+00 0.000000000000000000e+00
0.000000000000000000e+00 0.000000000000000000e+00 0.000000000000000000e+00 0.000000000000000000e+00 0.000000000000000000e+00 0.000000000000000000e+00 0.000000000000000000e+00
0.000000000000000000e+00 0.000000000000000000e+00 0.000000000000000000e+00 0.000000000000000000e+00 0.000000000000000000e+00 0.000000000000000000e+00 0.000000000000000000e+00
0.000000000000000000e+00 0.000000000000000000e+00 0.000000000000000000e+00 0.000000000000000000e+00 0.000000000000000000e+00 0.000000000000000000e+00 0.000000000000000000e+00
0.000000000000000000e+00 0.000000000000000000e+00 0.000000000000000000e+00 0.000000000000000000e+00 0.000000000000000000e+00 0.000000000000000000e+00 0.000000000000000000e+00
0.000000000000000000e+00 0.000000000000000000e+00 0.000000000000000000e+00 0.000000000000000000e+00 0.000000000000000000e+00 0.000000000000000000e+00 0.000000000000000000e+00
0.000000000000000000e+00 0.000000000000000000e+00 0.000000000000000000e+00 0.000000000000000000e+00 0.000000000000000000e+00 0.000000000000000000e+00 0.000000000000000000e+00
0.000000000000000000e+00 0.000000000000000000e+00 0.000000000000000000e+00 0.000000000000000000e+00 0.000000000000000000e+00 0.000000000000000000e+00 0.000000000000000000e+00
3.558686053417417838e+02 3.573686053417417838e+02 3.598686053417417838e+02 3.596186053417417838e+02 3.373686053417417838e+02 2.966186053417417838e+02 2.866186053417417838e+02
0.000000000000000000e+00 0.000000000000000000e+00 0.000000000000000000e+00 0.000000000000000000e+00 0.000000000000000000e+00 0.000000000000000000e+00 0.000000000000000000e+00
3.544215547519182792e+02 3.559215547519182792e+02 4.215547519182507585e-01 1.421554751918250759e+00 3.551715547519182792e+02 3.336715547519182792e+02 3.461715547519182792e+02
2.315139283492724473e+02 2.285139283492724473e+02 2.377639283492724473e+02 2.512639283492724473e+02 3.517639283492724189e+02 4.251392834927244735e+01 2.450139283492724473e+02
2.244330841688628198e+01 7.693308416886281975e+00 1.269330841688628198e+01 1.719330841688628198e+01 1.919330841688628198e+01 3.344330841688628198e+01 5.019330841688628198e+01
1.257801188530493164e+00 1.257801188530493164e+00 3.562578011885304932e+02 3.232578011885304932e+02 3.230078011885304932e+02 3.342578011885304932e+02 3.520078011885304932e+02
3.219915263256692128e+02 3.302415263256692128e+02 3.434915263256692128e+02 3.599915263256692128e+02 8.741526325669212838e+00 3.457415263256692128e+02 3.347415263256692128e+02
3.466318348640253362e+02 3.373818348640253362e+02 3.486318348640253362e+02 1.363183486402536460e+01 2.338183486402536460e+01 1.413183486402536460e+01 3.538818348640253362e+02
6.162266093183347948e+00 6.412266093183347948e+00 1.016226609318334795e+01 1.366226609318334795e+01 1.541226609318334795e+01 1.216226609318334795e+01 9.662266093183347948e+00
2.577502756262924777e+01 2.702502756262924777e+01 2.877502756262924777e+01 3.602502756262924777e+01 2.102502756262924777e+01 5.775027562629247768e+00 3.505250275626292478e+02
3.448130068080938599e+02 3.398130068080938599e+02 3.303130068080938599e+02 3.255630068080938599e+02 3.518130068080938599e+02 3.465630068080938599e+02 3.588130068080938599e+02
3.585079671619553778e+02 3.577579671619553778e+02 3.537579671619553778e+02 3.507579671619553778e+02 3.552579671619553778e+02 3.570079671619553778e+02 3.572579671619553778e+02
7.983983918871444985e+00 4.233983918871444985e+00 3.733983918871444985e+00 5.233983918871444985e+00 1.973398391887144498e+01 1.048398391887144498e+01 3.509839839188714450e+02
3.384190661561326579e+02 3.484190661561326579e+02 3.564190661561326579e+02 6.690661561326862738e-01 3.419066156132686274e+00 5.669066156132686274e+00 5.169066156132686274e+00
3.854363356872308088e+01 3.929363356872308088e+01 3.404363356872308088e+01 4.079363356872308088e+01 2.554363356872308088e+01 7.793633568723080884e+00 5.043633568723080884e+00
3.483982165242093743e+02 3.448982165242093743e+02 3.451482165242093743e+02 1.398216524209402678e+00 3.164821652420940268e+01 4.764821652420940268e+01 5.148216524209402678e+00
3.493845253782083091e+02 3.458845253782083091e+02 3.418845253782083091e+02 3.403845253782083091e+02 3.418845253782083091e+02 3.548845253782083091e+02 3.536345253782083091e+02
4.975444740628763896e+01 4.500444740628763896e+01 3.325444740628763896e+01 1.750444740628763896e+01 1.125444740628763896e+01 1.350444740628763896e+01 1.900444740628763896e+01
0.000000000000000000e+00 0.000000000000000000e+00 0.000000000000000000e+00 0.000000000000000000e+00 0.000000000000000000e+00 0.000000000000000000e+00 0.000000000000000000e+00
1.258838618879485693e+01 8.838386188794856935e+00 2.158838618879485693e+01 2.708838618879485693e+01 1.208838618879485693e+01 1.108838618879485693e+01 4.838386188794856935e+00
1.984130134875414342e+01 1.709130134875414342e+01 2.709130134875414342e+01 4.009130134875414342e+01 3.484130134875414342e+01 2.384130134875414342e+01 9.091301348754143419e+00
1.287459982769615863e+01 1.037459982769615863e+01 1.362459982769615863e+01 1.112459982769615863e+01 1.187459982769615863e+01 2.062459982769615863e+01 3.538745998276961586e+02
0.000000000000000000e+00 0.000000000000000000e+00 0.000000000000000000e+00 0.000000000000000000e+00 0.000000000000000000e+00 0.000000000000000000e+00 0.000000000000000000e+00
1.275441918800385110e+01 1.475441918800385110e+01 1.650441918800385110e+01 1.325441918800385110e+01 4.754419188003851104e+00 3.590044191880038511e+02 2.754419188003851104e+00
0.000000000000000000e+00 0.000000000000000000e+00 0.000000000000000000e+00 0.000000000000000000e+00 0.000000000000000000e+00 0.000000000000000000e+00 0.000000000000000000e+00
1.600731533168250564e+01 5.625731533168250564e+01 6.875731533168250564e+01 6.975731533168250564e+01 1.375731533168250564e+01 4.450731533168250564e+01 3.492573153316824914e+02
3.505511438302960414e+02 3.555511438302960414e+02 1.301143830296041415e+00 3.478011438302960414e+02 3.003011438302960414e+02 2.868011438302960414e+02 2.855511438302960414e+02
0.000000000000000000e+00 0.000000000000000000e+00 0.000000000000000000e+00 0.000000000000000000e+00 0.000000000000000000e+00 0.000000000000000000e+00 0.000000000000000000e+00
3.459122883855254713e+02 3.454122883855254713e+02 3.531622883855254713e+02 7.662288385525471313e+00 8.912288385525471313e+00 9.412288385525471313e+00 2.316228838552547131e+01
3.326056971897902486e+02 3.231056971897902486e+02 3.278556971897902486e+02 3.461056971897902486e+02 5.105697189790276980e+00 1.010569718979027698e+01 8.355697189790276980e+00
3.546466662781866717e+02 3.501466662781866717e+02 6.646666278186643240e+00 2.389666627818664324e+01 1.964666627818664324e+01 9.146666278186643240e+00 6.896666278186643240e+00
0.000000000000000000e+00 0.000000000000000000e+00 0.000000000000000000e+00 0.000000000000000000e+00 0.000000000000000000e+00 0.000000000000000000e+00 0.000000000000000000e+00
1.525167101060747754e+01 3.517516710106074811e+02 3.520016710106074811e+02 3.507516710106074811e+02 3.492516710106074811e+02 3.532516710106074811e+02 3.525016710106074811e+02
0.000000000000000000e+00 0.000000000000000000e+00 0.000000000000000000e+00 0.000000000000000000e+00 0.000000000000000000e+00 0.000000000000000000e+00 0.000000000000000000e+00
6.025580999974908991e+01 7.300580999974908991e+01 6.325580999974908991e+01 2.945058099997490899e+02 2.952558099997490899e+02 3.117558099997490899e+02 3.417558099997490899e+02
3.553613252779391587e+02 3.463613252779391587e+02 3.431113252779391587e+02 3.451113252779391587e+02 3.506113252779391587e+02 8.611325277939158696e+00 4.136132527793915870e+01
3.367096785852455127e+02 3.017096785852455127e+02 2.962096785852455127e+02 3.129596785852455127e+02 3.245967858524551275e+01 4.995967858524551275e+01 4.095967858524551275e+01
2.842673726109287031e+02 3.367673726109287031e+02 2.576737261092868891e+01 3.501737261092868891e+01 1.826737261092868891e+01 1.501737261092868891e+01 8.267372610928688914e+00
6.071573768018749817e+00 3.415715737680187658e+02 3.440715737680187658e+02 5.957157376801876580e+01 7.882157376801876580e+01 7.657157376801876580e+01 7.507157376801876580e+01
9.543204095874330051e+00 6.043204095874330051e+00 4.793204095874330051e+00 8.793204095874330051e+00 1.479320409587433005e+01 3.454320409587433005e+01 3.507932040958743301e+02
1.190518818668135737e+01 1.240518818668135737e+01 1.115518818668135737e+01 8.155188186681357365e+00 5.655188186681357365e+00 3.655188186681357365e+00 9.051881866813573652e-01
0.000000000000000000e+00 0.000000000000000000e+00 0.000000000000000000e+00 0.000000000000000000e+00 0.000000000000000000e+00 0.000000000000000000e+00 0.000000000000000000e+00
0.000000000000000000e+00 0.000000000000000000e+00 0.000000000000000000e+00 0.000000000000000000e+00 0.000000000000000000e+00 0.000000000000000000e+00 0.000000000000000000e+00
7.940925629317462153e+00 6.690925629317462153e+00 6.690925629317462153e+00 7.690925629317462153e+00 1.994092562931746215e+01 5.269092562931746215e+01 3.416909256293174622e+02
1.371400020679334375e+01 1.596400020679334375e+01 1.496400020679334375e+01 1.196400020679334375e+01 2.421400020679334375e+01 3.171400020679334375e+01 3.444640002067933438e+02
3.501393370293579892e+02 3.421393370293579892e+02 3.358893370293579892e+02 3.468893370293579892e+02 3.586393370293579892e+02 3.476393370293579892e+02 3.353893370293579892e+02
8.664395344713454961e+00 1.643953447134549606e-01 1.914395344713454961e+00 7.164395344713454961e+00 8.414395344713454961e+00 3.529143953447134550e+02 3.534143953447134550e+02
0.000000000000000000e+00 0.000000000000000000e+00 0.000000000000000000e+00 0.000000000000000000e+00 0.000000000000000000e+00 0.000000000000000000e+00 0.000000000000000000e+00
3.490684119823739593e+02 3.315684119823739593e+02 3.355684119823739593e+02 3.513184119823739593e+02 5.684119823739877120e-01 3.068411982373987712e+00 6.568411982373987712e+00
0.000000000000000000e+00 0.000000000000000000e+00 0.000000000000000000e+00 0.000000000000000000e+00 0.000000000000000000e+00 0.000000000000000000e+00 0.000000000000000000e+00
0.000000000000000000e+00 0.000000000000000000e+00 0.000000000000000000e+00 0.000000000000000000e+00 0.000000000000000000e+00 0.000000000000000000e+00 0.000000000000000000e+00
0.000000000000000000e+00 0.000000000000000000e+00 0.000000000000000000e+00 0.000000000000000000e+00 0.000000000000000000e+00 0.000000000000000000e+00 0.000000000000000000e+00
0.000000000000000000e+00 0.000000000000000000e+00 0.000000000000000000e+00 0.000000000000000000e+00 0.000000000000000000e+00 0.000000000000000000e+00 0.000000000000000000e+00
0.000000000000000000e+00 0.000000000000000000e+00 0.000000000000000000e+00 0.000000000000000000e+00 0.000000000000000000e+00 0.000000000000000000e+00 0.000000000000000000e+00
0.000000000000000000e+00 0.000000000000000000e+00 0.000000000000000000e+00 0.000000000000000000e+00 0.000000000000000000e+00 0.000000000000000000e+00 0.000000000000000000e+00
0.000000000000000000e+00 0.000000000000000000e+00 0.000000000000000000e+00 0.000000000000000000e+00 0.000000000000000000e+00 0.000000000000000000e+00 0.000000000000000000e+00
0.000000000000000000e+00 0.000000000000000000e+00 0.000000000000000000e+00 0.000000000000000000e+00 0.000000000000000000e+00 0.000000000000000000e+00 0.000000000000000000e+00
0.000000000000000000e+00 0.000000000000000000e+00 0.000000000000000000e+00 0.000000000000000000e+00 0.000000000000000000e+00 0.000000000000000000e+00 0.000000000000000000e+00
0.000000000000000000e+00 0.000000000000000000e+00 0.000000000000000000e+00 0.000000000000000000e+00 0.000000000000000000e+00 0.000000000000000000e+00 0.000000000000000000e+00
0.000000000000000000e+00 0.000000000000000000e+00 0.000000000000000000e+00 0.000000000000000000e+00 0.000000000000000000e+00 0.000000000000000000e+00 0.000000000000000000e+00
0.000000000000000000e+00 0.000000000000000000e+00 0.000000000000000000e+00 0.000000000000000000e+00 0.000000000000000000e+00 0.000000000000000000e+00 0.000000000000000000e+00
0.000000000000000000e+00 0.000000000000000000e+00 0.000000000000000000e+00 0.000000000000000000e+00 0.000000000000000000e+00 0.000000000000000000e+00 0.000000000000000000e+00
0.000000000000000000e+00 0.000000000000000000e+00 0.000000000000000000e+00 0.000000000000000000e+00 0.000000000000000000e+00 0.000000000000000000e+00 0.000000000000000000e+00
0.000000000000000000e+00 0.000000000000000000e+00 0.000000000000000000e+00 0.000000000000000000e+00 0.000000000000000000e+00 0.000000000000000000e+00 0.000000000000000000e+00
0.000000000000000000e+00 0.000000000000000000e+00 0.000000000000000000e+00 0.000000000000000000e+00 0.000000000000000000e+00 0.000000000000000000e+00 0.000000000000000000e+00
0.000000000000000000e+00 0.000000000000000000e+00 0.000000000000000000e+00 0.000000000000000000e+00 0.000000000000000000e+00 0.000000000000000000e+00 0.000000000000000000e+00
0.000000000000000000e+00 0.000000000000000000e+00 0.000000000000000000e+00 0.000000000000000000e+00 0.000000000000000000e+00 0.000000000000000000e+00 0.000000000000000000e+00
0.000000000000000000e+00 0.000000000000000000e+00 0.000000000000000000e+00 0.000000000000000000e+00 0.000000000000000000e+00 0.000000000000000000e+00 0.000000000000000000e+00
0.000000000000000000e+00 0.000000000000000000e+00 0.000000000000000000e+00 0.000000000000000000e+00 0.000000000000000000e+00 0.000000000000000000e+00 0.000000000000000000e+00
0.000000000000000000e+00 0.000000000000000000e+00 0.000000000000000000e+00 0.000000000000000000e+00 0.000000000000000000e+00 0.000000000000000000e+00 0.000000000000000000e+00
0.000000000000000000e+00 0.000000000000000000e+00 0.000000000000000000e+00 0.000000000000000000e+00 0.000000000000000000e+00 0.000000000000000000e+00 0.000000000000000000e+00
0.000000000000000000e+00 0.000000000000000000e+00 0.000000000000000000e+00 0.000000000000000000e+00 0.000000000000000000e+00 0.000000000000000000e+00 0.000000000000000000e+00
0.000000000000000000e+00 0.000000000000000000e+00 0.000000000000000000e+00 0.000000000000000000e+00 0.000000000000000000e+00 0.000000000000000000e+00 0.000000000000000000e+00
