1.615610157944746550e-01 6.810221559490053922e-01 5.142120751443746141e-01 1.736778512452319956e-01 3.381261187140142122e-01 1.209007055419032972e-01 5.218650600283040175e-01
5.646123746796259946e-01 5.294778717144553726e-01 3.932764887206475768e-01 1.852184326425147520e-01 1.130957060536109671e-01 9.105063158162417236e-02 2.754525765886303712e-01
3.883229890887908153e-01 4.716643273312044748e-02 2.793275867650675537e-02 2.845052590109808932e-01 4.280797757280153104e-01 1.913474166280152156e-01 2.445372421025687193e-01
1.121341864290877066e-01 2.312116501543329261e-01 2.384062356594560117e-01 2.907139859358899847e-01 2.600184878808469713e-01 6.281390484013184283e-02 4.370600656036616738e-01
8.443784637222743195e-01 7.949402338162144810e-01 8.350532245733498504e-01 7.745134770997190721e-01 6.040018635534654123e-01 8.135832891427959013e-02 5.553599367135173548e-01
5.658018391606328690e-01 2.372661345552620760e-01 1.459093969218142051e-01 8.952013000115621733e-02 1.214497401774217999e-01 3.987712426646273234e-01 3.584779364628127851e-01
6.033701915377722713e-01 4.002991766659280137e-01 2.536241777156735266e-01 2.769607139520198769e-01 3.860451061026522468e-01 7.262984172655727322e-02 6.114652061693142127e-01
5.821795393694232379e-01 4.242327010036992530e-01 5.240612090812847290e-01 6.689708328134391646e-01 5.381715897183763087e-01 3.466789277316056905e-01 5.603839457502940435e-01
0.000000000000000000e+00 0.000000000000000000e+00 0.000000000000000000e+00 0.000000000000000000e+00 0.000000000000000000e+00 0.000000000000000000e+00 0.000000000000000000e+00
7.995695515148385502e-01 7.415021136654087464e-01 4.646039948562672439e-01 3.217308417720401437e-01 4.672123095342884946e-01 6.477449088286877377e-01 5.579292241478664982e-01
3.244384301609858356e-01 3.164148832933175171e-01 5.314502573667978513e-01 4.519065825936243175e-01 6.189978792589351242e-01 4.008003242777539721e-01 4.634392501457963442e-01
4.869587661919775462e-02 7.963148526202608324e-02 2.308010938138061741e-01 4.124506015641108969e-01 3.634632481668332304e-01 8.004131404519845838e-02 3.420267521397983845e-01
6.775963558807067688e-01 7.693686621544785220e-01 6.974288659307947835e-01 8.362213989582049090e-01 7.791676947472189196e-01 5.191719387320212764e-01 9.041680218014114256e-01
0.000000000000000000e+00 0.000000000000000000e+00 0.000000000000000000e+00 0.000000000000000000e+00 0.000000000000000000e+00 0.000000000000000000e+00 0.000000000000000000e+00
1.681954986222225223e-01 1.299926509914000050e-01 4.417846887230948982e-01 8.363287583226118593e-02 3.303784313857199839e-01 1.565648496448794336e-01 2.729752867875562261e-01
0.000000000000000000e+00 0.000000000000000000e+00 0.000000000000000000e+00 0.000000000000000000e+00 0.000000000000000000e+00 0.000000000000000000e+00 0.000000000000000000e+00
0.000000000000000000e+00 0.000000000000000000e+00 0.000000000000000000e+00 0.000000000000000000e+00 0.000000000000000000e+00 0.000000000000000000e+00 0.000000000000000000e+00
0.000000000000000000e+00 0.000000000000000000e+00 0.000000000000000000e+00 0.000000000000000000e+00 0.000000000000000000e+00 0.000000000000000000e+00 0.000000000000000000e+00
0.000000000000000000e+00 0.000000000000000000e+00 0.000000000000000000e+00 0.000000000000000000e+00 0.000000000000000000e+00 0.000000000000000000e+00 0.000000000000000000e+00
0.000000000000000000e+00 0.000000000000000000e+00 0.000000000000000000e+00 0.000000000000000000e+00 0.000000000000000000e+00 0.000000000000000000e+00 0.000000000000000000e+00
2.787843295838185464e-01 3.876465899583060315e-01 7.755853622763103639e-02 1.674240585161464179e-01 4.094936378408914335e-01 2.094670757652429827e-01 2.280298841761002268e-02
4.648967705523413541e-01 3.794057328343583557e-01 5.081820139777021295e-01 2.687862325606431568e-01 4.777860353351566780e-01 3.930867331526965436e-01 3.181494735559932119e-01
0.000000000000000000e+00 0.000000000000000000e+00 0.000000000000000000e+00 0.000000000000000000e+00 0.000000000000000000e+00 0.000000000000000000e+00 0.000000000000000000e+00
1.796216211470971214e-01 2.379725265522707189e-01 4.321482137999410056e-01 4.705415554913765508e-01 2.624767782683516404e-01 2.492090895420399632e-01 2.118800177004394047e-01
4.125032743676598224e-01 4.085884778145921215e-01 2.378037193432347152e-01 3.174038029959830864e-01 2.941128846043262191e-01 3.789968820753228385e-01 5.052709413508675862e-01
7.347817967609160394e-01 2.654697606756719619e-01 3.060816673868819726e-01 2.168341661629440142e-01 3.081800453090280945e-01 3.610607561847291591e-01 2.859977556607796734e-01
9.743672278352935590e-02 1.556603710981683819e-01 1.248764295136921554e-01 2.375752034652047207e-01 1.320578548922290429e-01 1.044670595977842398e-01 8.285228451828462182e-02
0.000000000000000000e+00 0.000000000000000000e+00 0.000000000000000000e+00 0.000000000000000000e+00 0.000000000000000000e+00 0.000000000000000000e+00 0.000000000000000000e+00
6.242334977104527782e-01 4.993666562099419171e-01 1.139848349344507877e-01 2.558443903636972161e-01 7.028972970133071096e-02 8.981863218231274371e-02 3.924883832393666339e-01
5.776798046852480439e-01 3.729660540139962954e-01 4.198239714445929915e-01 4.027897429625578174e-01 6.042215764609363271e-01 3.605954885788635322e-01 1.850285703285649286e-01
5.329932747624231970e-01 5.485296204011153032e-01 2.975810837453965463e-01 1.364135631520617953e-01 2.188776483434121400e-01 5.747994475935726960e-02 3.083065893788585754e-01
3.421883662628501521e-01 1.502101151266986567e-01 1.192467931681075732e-01 9.126902270652781368e-02 3.272376644838832505e-01 4.657876709114863734e-01 3.373237992626436088e-01
0.000000000000000000e+00 0.000000000000000000e+00 0.000000000000000000e+00 0.000000000000000000e+00 0.000000000000000000e+00 0.000000000000000000e+00 0.000000000000000000e+00
8.935366558546493643e-01 8.837485320926503629e-01 9.034183882542297095e-01 9.133831936776415361e-01 9.667408195057538567e-01 9.548965661955307604e-01 9.170818614096607480e-01
8.897233739764642824e-01 7.305364111255246984e-01 6.674088498214394427e-01 3.236859056053070227e-01 1.163202428023172585e-01 2.868456310669778575e-01 2.731174135231630995e-01
4.966234788517258081e-01 2.190186930226249440e-01 3.192334463642040321e-01 1.863216760253747495e-01 2.601227371409123301e-01 7.705216062575976910e-01 3.311152075043310439e-01
8.270405176448534235e-01 5.427320300254256935e-01 5.289280880210850411e-01 6.873270369911680389e-01 7.506985222105725386e-01 7.036012680996553970e-01 5.840940999189961902e-01
4.029713874664088702e-01 3.053723904606707729e-01 4.454977801663828063e-01 2.989150348375602673e-01 1.508488735820810722e-01 1.830976544745495094e-01 2.192749810490998430e-01
2.146636264400001159e-01 1.858884158818124299e-01 1.602346183294051929e-01 5.549558788492571226e-01 6.057965048492535143e-01 1.788435199450080226e-01 3.568446732575110136e-01
