7.875677196720821671e-01 7.761835111528903042e-01 6.936682010586540104e-01 6.627944363008371198e-01 7.722097098327650455e-01 7.426887113311172461e-01 4.681020587776081321e-01
8.286291201755763280e-01 8.379505881586418736e-01 9.017406145289796893e-01 7.294738009207365481e-01 5.789738345261004060e-01 3.566884884149580381e-01 7.150459698380755569e-01
8.443638312679879743e-01 7.576004317737713434e-01 7.061498068716836052e-01 8.772899597166419206e-01 9.393824686928272660e-01 9.535648633465354518e-01 9.611257256922266512e-01
9.449285894597710955e-01 9.474076118338197183e-01 9.320752580647623242e-01 9.064886238482159353e-01 8.255476177999695464e-01 8.404191033793743104e-01 4.221102091240645504e-01
9.450091559747423320e-01 9.378716353840198527e-01 9.340273500949844987e-01 9.160816199968608853e-01 8.906057158780932292e-01 8.608695826566239440e-01 6.974133279549196152e-01
9.833570401278926010e-01 9.514062010841580763e-01 9.120938364021307088e-01 9.532111277156940510e-01 8.637830603687733921e-01 5.146637501197841580e-01 4.870158932445479150e-01
7.479574399719646216e-01 7.886809233177016765e-01 8.903211042993207647e-01 8.823492263489619569e-01 9.313210138688708950e-01 9.002541327922494174e-01 8.398151194065136549e-01
7.465466016447436237e-01 7.592833416657754908e-01 8.327776982660073379e-01 8.814463867597275293e-01 7.966284361893463117e-01 7.713338002854512876e-01 8.989812876509530870e-01
0.000000000000000000e+00 0.000000000000000000e+00 0.000000000000000000e+00 0.000000000000000000e+00 0.000000000000000000e+00 0.000000000000000000e+00 0.000000000000000000e+00
8.890071923893749783e-01 7.934688350718447358e-01 8.591340804177896029e-01 9.112870375162656078e-01 9.715991025515009483e-01 9.734960452164871381e-01 9.619260893868259998e-01
5.657792856286028016e-01 7.201448218151186298e-01 7.465549237329096588e-01 6.642246812838681347e-01 2.180757668548342632e-01 1.691117095132471104e-01 7.162630848580188170e-01
8.023524331852056879e-02 1.936185980085763647e-01 2.871755289934517230e-01 2.191009241220431281e-01 2.159181208962026866e-01 2.654772899565999156e-01 7.320372207510640328e-01
7.986691634402914852e-01 8.877455207538665904e-01 8.803067323629023555e-01 9.256426871632829068e-01 8.990619146435259168e-01 7.584228095275267201e-01 9.292286791596985340e-01
0.000000000000000000e+00 0.000000000000000000e+00 0.000000000000000000e+00 0.000000000000000000e+00 0.000000000000000000e+00 0.000000000000000000e+00 0.000000000000000000e+00
8.397687778762972233e-01 9.399468099034620217e-01 9.676290536897473871e-01 9.742622814105773577e-01 9.751188744789213159e-01 9.784481953522453646e-01 9.696766723196362792e-01
0.000000000000000000e+00 0.000000000000000000e+00 0.000000000000000000e+00 0.000000000000000000e+00 0.000000000000000000e+00 0.000000000000000000e+00 0.000000000000000000e+00
0.000000000000000000e+00 0.000000000000000000e+00 0.000000000000000000e+00 0.000000000000000000e+00 0.000000000000000000e+00 0.000000000000000000e+00 0.000000000000000000e+00
0.000000000000000000e+00 0.000000000000000000e+00 0.000000000000000000e+00 0.000000000000000000e+00 0.000000000000000000e+00 0.000000000000000000e+00 0.000000000000000000e+00
0.000000000000000000e+00 0.000000000000000000e+00 0.000000000000000000e+00 0.000000000000000000e+00 0.000000000000000000e+00 0.000000000000000000e+00 0.000000000000000000e+00
0.000000000000000000e+00 0.000000000000000000e+00 0.000000000000000000e+00 0.000000000000000000e+00 0.000000000000000000e+00 0.000000000000000000e+00 0.000000000000000000e+00
7.442761683350985757e-01 5.387914411559925343e-01 1.208589809840824453e-01 1.182648861990355516e-01 2.415176818596600494e-01 6.466762009236919351e-01 4.558593810749807518e-01
9.265264094864746891e-01 9.129488568055136311e-01 8.034708600811555357e-01 8.176388406502553829e-01 8.973505685983635960e-01 7.489604687403585981e-01 3.446416930540540102e-01
8.860033214916619437e-01 8.535564566241532480e-01 9.013548897648556713e-01 9.199625884401998466e-01 9.649141597360461065e-01 9.014667957599028503e-01 9.311010443830538552e-01
0.000000000000000000e+00 0.000000000000000000e+00 0.000000000000000000e+00 0.000000000000000000e+00 0.000000000000000000e+00 0.000000000000000000e+00 0.000000000000000000e+00
8.578745421267127691e-01 8.574568495433122495e-01 8.389491292527108124e-01 8.615004261728176349e-01 8.404914782528789541e-01 6.945279241140444038e-01 8.692688753871311569e-01
9.286211298689533988e-01 9.345579461335561389e-01 8.730429414473657168e-01 8.201525143712437016e-01 8.500744950776218944e-01 8.052693226441595131e-01 4.529504498454340333e-01
8.392370448309118824e-01 8.624462206200126380e-01 9.019280868209718083e-01 9.553505080312585385e-01 9.854332180556962806e-01 9.875299260260634870e-01 9.574488948565537116e-01
0.000000000000000000e+00 0.000000000000000000e+00 0.000000000000000000e+00 0.000000000000000000e+00 0.000000000000000000e+00 0.000000000000000000e+00 0.000000000000000000e+00
9.613860099804406589e-01 9.452638662011026982e-01 8.835896023739011618e-01 8.646831432556720820e-01 8.421425390871833949e-01 6.606207955665923670e-01 4.037209007440929476e-01
2.949870777870494676e-01 4.791826281184457526e-01 3.964341322150634617e-01 1.103513152347504189e-01 1.876578226467711941e-01 2.365320292967115767e-02 1.197203977022617966e-01
8.426151366742342663e-01 8.198779710933986609e-01 7.546619397317937405e-01 4.429319103291124438e-01 2.745860862706708261e-01 6.668336144623618900e-01 7.997899139319604167e-01
9.275165295662521903e-01 9.082850392551884422e-01 8.993092489025632519e-01 8.939942658099885309e-01 7.670611166449636809e-01 4.282066012279865941e-01 4.702819550344916055e-01
0.000000000000000000e+00 0.000000000000000000e+00 0.000000000000000000e+00 0.000000000000000000e+00 0.000000000000000000e+00 0.000000000000000000e+00 0.000000000000000000e+00
7.410809677532296247e-01 8.280639730215794136e-01 9.252475188353108670e-01 9.594663558947680304e-01 9.648347095331015755e-01 9.787096363026673851e-01 9.791148324652998447e-01
9.167970794453560446e-01 9.484958711021794775e-01 9.067636240145113824e-01 6.786575741599072398e-01 7.236385372304048325e-01 5.844669519911637190e-01 5.126296422890068705e-01
8.092209670081808026e-01 6.130133118344385235e-01 4.564822630343430832e-01 3.591486113359154131e-01 1.910496441514998867e-01 1.314625773639375439e-01 2.266159566295626870e-01
6.545934606758783136e-01 7.821952659890986093e-01 6.750540809347806981e-01 7.207470574984565781e-01 7.148204177769387213e-01 7.484881407406812626e-01 8.704934389277692031e-01
6.723127611956398741e-01 8.258291400440488372e-01 8.178812352119153584e-01 5.720438495164231751e-01 3.615915199812836933e-01 5.474948851328959032e-01 5.375098166454580495e-01
5.288512397211636573e-01 5.415853907044956284e-01 4.714852871156345326e-01 7.504141466916591785e-01 8.762126847119529049e-01 9.058957970854607522e-01 8.961359333055345378e-01
6.534789288753442005e-01 6.313696908054308166e-01 6.206427382584351893e-01 4.780429674463567147e-01 5.434571315523262225e-01 3.528488947297515055e-01 5.882415018455297018e-01
9.174185762374622577e-01 9.796647718572020214e-01 9.157621702660940777e-01 8.683632862260430851e-01 7.969932918026014779e-01 6.401348290680225483e-01 5.543714898557371429e-01
0.000000000000000000e+00 0.000000000000000000e+00 0.000000000000000000e+00 0.000000000000000000e+00 0.000000000000000000e+00 0.000000000000000000e+00 0.000000000000000000e+00
9.422865220637322015e-01 9.053567582565671401e-01 8.072637221211651504e-01 6.422611815045202732e-01 2.553643655408914248e-01 1.180399892625215996e-01 3.389362689507985360e-01
8.023189868544308156e-01 8.321210780867515089e-01 6.562497971532641472e-01 6.377278150156617809e-01 7.164998486987926851e-01 5.303648317095083220e-01 5.831324539491360426e-01
7.319954842481017909e-01 5.872296956893530151e-01 6.905630441344664527e-01 6.885838688708038058e-01 7.707633554198797254e-01 6.298590189263139072e-01 7.681330022914889533e-01
5.810917261138638656e-02 3.479004262537225278e-01 4.877422194334089522e-01 8.326047565769750802e-01 6.277768441135156419e-01 3.334300424982553079e-01 6.184123771409146819e-01
8.125295866554205215e-01 8.578894993838378502e-01 8.629258452872318186e-01 6.177836853837814779e-01 4.317932458391598449e-01 6.678991549382579107e-01 8.038184387037824452e-01
0.000000000000000000e+00 0.000000000000000000e+00 0.000000000000000000e+00 0.000000000000000000e+00 0.000000000000000000e+00 0.000000000000000000e+00 0.000000000000000000e+00
0.000000000000000000e+00 0.000000000000000000e+00 0.000000000000000000e+00 0.000000000000000000e+00 0.000000000000000000e+00 0.000000000000000000e+00 0.000000000000000000e+00
6.443116416134067048e-01 7.867713912055811498e-01 8.415968403904936501e-01 6.714675445004985033e-01 4.276508017779932502e-01 5.218042823778267225e-01 5.807161488002643424e-01
0.000000000000000000e+00 0.000000000000000000e+00 0.000000000000000000e+00 0.000000000000000000e+00 0.000000000000000000e+00 0.000000000000000000e+00 0.000000000000000000e+00
7.876491118119772761e-01 7.216755263890878291e-01 6.132382533235868349e-01 3.378298760072707685e-01 4.923054085121205681e-01 5.835586402875443390e-01 6.260445014477271641e-01
0.000000000000000000e+00 0.000000000000000000e+00 0.000000000000000000e+00 0.000000000000000000e+00 0.000000000000000000e+00 0.000000000000000000e+00 0.000000000000000000e+00
6.065474869998432883e-01 7.699934871816783710e-01 7.536975533319065779e-01 7.931419106849492140e-01 9.034181649578505446e-01 8.327391664790161352e-01 7.950034001497722214e-01
8.026741980576713731e-01 7.299154938699886630e-01 6.661363135902456101e-01 7.064649345584526063e-01 5.205218922903667167e-01 4.683021028945044684e-01 5.719487604620526744e-01
0.000000000000000000e+00 0.000000000000000000e+00 0.000000000000000000e+00 0.000000000000000000e+00 0.000000000000000000e+00 0.000000000000000000e+00 0.000000000000000000e+00
0.000000000000000000e+00 0.000000000000000000e+00 0.000000000000000000e+00 0.000000000000000000e+00 0.000000000000000000e+00 0.000000000000000000e+00 0.000000000000000000e+00
0.000000000000000000e+00 0.000000000000000000e+00 0.000000000000000000e+00 0.000000000000000000e+00 0.000000000000000000e+00 0.000000000000000000e+00 0.000000000000000000e+00
0.000000000000000000e+00 0.000000000000000000e+00 0.000000000000000000e+00 0.000000000000000000e+00 0.000000000000000000e+00 0.000000000000000000e+00 0.000000000000000000e+00
4.377394362529931637e-01 7.362244902131915847e-01 8.377261251777163853e-01 8.901624826466564278e-01 8.204820783483801616e-01 5.283079235357683867e-01 5.215752733877734304e-01
4.176005521074398485e-01 4.573286873952551734e-01 6.258450406842965830e-01 5.573082672359015444e-01 6.517526265074151670e-01 7.382484449987765096e-01 3.189584729973591881e-01
9.584771840566878032e-01 9.472474427839733258e-01 8.765323181169214495e-01 8.299410971233027734e-01 7.637985846336033946e-01 6.067237680561238244e-01 1.461287182119915817e-01
8.009369509230719331e-01 8.463863035762233533e-01 9.094739237890843153e-01 8.403052505146852980e-01 4.377402801916416841e-01 6.245298273103310205e-01 2.359665147661016427e-01
0.000000000000000000e+00 0.000000000000000000e+00 0.000000000000000000e+00 0.000000000000000000e+00 0.000000000000000000e+00 0.000000000000000000e+00 0.000000000000000000e+00
7.590863242410310630e-01 7.705475690884282525e-01 7.038788746669996099e-01 8.021620822541916107e-01 7.765552929146637418e-01 7.933449908699501396e-01 8.671519290374353206e-01
0.000000000000000000e+00 0.000000000000000000e+00 0.000000000000000000e+00 0.000000000000000000e+00 0.000000000000000000e+00 0.000000000000000000e+00 0.000000000000000000e+00
8.700146379551599862e-01 8.926892079584612949e-01 8.949092863587301272e-01 9.348944173708293448e-01 8.878779110311406653e-01 8.414473662296574341e-01 7.242610602363396266e-01
5.880627600009923350e-01 8.217427911173187383e-01 8.032976814303708357e-01 5.011010457111398919e-01 1.677724644881585792e-01 2.240464681787576462e-01 4.058916430499510675e-01
