3.420117563861064127e+02 3.502617563861064127e+02 1.926175638610642693e+01 4.701175638610642693e+01 3.901175638610642693e+01 3.340117563861064127e+02 4.601175638610642693e+01
5.221190550594769775e+00 5.721190550594769775e+00 3.971190550594769775e+00 3.527211905505947698e+02 3.502211905505947698e+02 3.537211905505947698e+02 3.542211905505947698e+02
9.539959301024168781e+00 1.628995930102416878e+01 1.953995930102416878e+01 1.453995930102416878e+01 3.178995930102416878e+01 9.289959301024168781e+00 3.289959301024168781e+00
3.912031855691225246e+00 4.162031855691225246e+00 3.912031855691225246e+00 6.412031855691225246e+00 9.662031855691225246e+00 3.596620318556912252e+02 1.016203185569122525e+01
1.485831141580206349e+00 7.358311415802063493e-01 1.235831141580206349e+00 1.548583114158020635e+01 2.598583114158020635e+01 3.239858311415802063e+02 3.582358311415802063e+02
8.154883187739869754e-01 1.565488318773986975e+00 3.585654883187739870e+02 3.550654883187739870e+02 3.545654883187739870e+02 3.503154883187739870e+02 8.315488318773986975e+00
1.197775075073047901e+01 9.727750750730479012e+00 8.727750750730479012e+00 1.272775075073047901e+01 4.497775075073047901e+01 4.522775075073047901e+01 1.897775075073047901e+01
1.243701948452087436e+01 1.618701948452087436e+01 1.943701948452087436e+01 1.768701948452087436e+01 2.368701948452087436e+01 2.368701948452087436e+01 3.593701948452087436e+01
0.000000000000000000e+00 0.000000000000000000e+00 0.000000000000000000e+00 0.000000000000000000e+00 0.000000000000000000e+00 0.000000000000000000e+00 0.000000000000000000e+00
1.242721898401958924e+01 1.667721898401958924e+01 1.992721898401958924e+01 1.942721898401958924e+01 3.017721898401958924e+01 3.414272189840195892e+02 3.596772189840195892e+02
1.468280700767292046e+01 1.168280700767292046e+01 1.118280700767292046e+01 1.893280700767292046e+01 2.968280700767292046e+01 4.218280700767292046e+01 5.143280700767292046e+01
3.076182953051733193e+01 2.226182953051733193e+01 1.401182953051733193e+01 2.226182953051733193e+01 4.176182953051733193e+01 3.626182953051733193e+01 2.876182953051733193e+01
9.004234000564224516e+00 5.754234000564224516e+00 3.585042340005642245e+02 3.385042340005642245e+02 3.435042340005642245e+02 3.590042340005642245e+02 7.254234000564224516e+00
0.000000000000000000e+00 0.000000000000000000e+00 0.000000000000000000e+00 0.000000000000000000e+00 0.000000000000000000e+00 0.000000000000000000e+00 0.000000000000000000e+00
3.566305349654016936e+02 3.566305349654016936e+02 3.571305349654016936e+02 3.571305349654016936e+02 3.561305349654016936e+02 3.573805349654016936e+02 3.588805349654016936e+02
0.000000000000000000e+00 0.000000000000000000e+00 0.000000000000000000e+00 0.000000000000000000e+00 0.000000000000000000e+00 0.000000000000000000e+00 0.000000000000000000e+00
0.000000000000000000e+00 0.000000000000000000e+00 0.000000000000000000e+00 0.000000000000000000e+00 0.000000000000000000e+00 0.000000000000000000e+00 0.000000000000000000e+00
0.000000000000000000e+00 0.000000000000000000e+00 0.000000000000000000e+00 0.000000000000000000e+00 0.000000000000000000e+00 0.000000000000000000e+00 0.000000000000000000e+00
0.000000000000000000e+00 0.000000000000000000e+00 0.000000000000000000e+00 0.000000000000000000e+00 0.000000000000000000e+00 0.000000000000000000e+00 0.000000000000000000e+00
0.000000000000000000e+00 0.000000000000000000e+00 0.000000000000000000e+00 0.000000000000000000e+00 0.000000000000000000e+00 0.000000000000000000e+00 0.000000000000000000e+00
1.530160791447718793e+01 2.380160791447718793e+01 2.830160791447718793e+01 1.905160791447718793e+01 2.801607914477187933e+00 1.655160791447718793e+01 7.301607914477187933e+00
3.598104747307435787e+02 3.560604747307435787e+02 1.060474730743578675e+00 4.060474730743578675e+00 3.588104747307435787e+02 3.133104747307435787e+02 3.428104747307435787e+02
1.273179333742234576e+01 1.348179333742234576e+01 6.481793337422345758e+00 3.532317933374223458e+02 3.439817933374223458e+02 3.502317933374223458e+02 2.317933374223457577e-01
1.178508352660514902e+00 4.285083526605149018e-01 3.596785083526605149e+02 3.589285083526605149e+02 3.546785083526605149e+02 3.519285083526605149e+02 3.564285083526605149e+02
4.928616087654489775e+00 2.192861608765448977e+01 4.992861608765448977e+01 6.592861608765448977e+01 4.286160876544897746e-01 3.381786160876545182e+02 3.454286160876545182e+02
3.581164289272179531e+02 3.548664289272179531e+02 3.296164289272179531e+02 3.388664289272179531e+02 3.526164289272179531e+02 3.561164289272179531e+02 8.366428927217953060e+00
2.013993509636691215e-01 3.572013993509636975e+02 3.544513993509636975e+02 3.544513993509636975e+02 3.504513993509636975e+02 3.482013993509636975e+02 3.504513993509636975e+02
0.000000000000000000e+00 0.000000000000000000e+00 0.000000000000000000e+00 0.000000000000000000e+00 0.000000000000000000e+00 0.000000000000000000e+00 0.000000000000000000e+00
2.348057364736007457e+00 9.805736473600745740e-02 3.585980573647360075e+02 3.560980573647360075e+02 3.545980573647360075e+02 3.548480573647360075e+02 3.518480573647360075e+02
3.592857317391770948e+02 1.078573173917706640e+01 3.465357317391770948e+02 3.122857317391770948e+02 2.980357317391770948e+02 3.317857317391770948e+02 1.878573173917706640e+01
1.231371402925560687e+00 2.313714029255606874e-01 1.481371402925560687e+00 1.098137140292556069e+01 1.173137140292556069e+01 2.981371402925560687e+00 3.539813714029255607e+02
3.491232560872393265e+02 3.491232560872393265e+02 3.428732560872393265e+02 3.386232560872393265e+02 3.533732560872393265e+02 1.412325608723931225e+01 1.487325608723931225e+01
0.000000000000000000e+00 0.000000000000000000e+00 0.000000000000000000e+00 0.000000000000000000e+00 0.000000000000000000e+00 0.000000000000000000e+00 0.000000000000000000e+00
3.330933844329528029e+02 3.423433844329528029e+02 2.995933844329528029e+02 3.275933844329528029e+02 1.134338443295280285e+01 4.843384432952802854e+00 1.343384432952802854e+00
7.166574061838161924e+00 6.416574061838161924e+00 3.596665740618381619e+02 3.424165740618381619e+02 3.124165740618381619e+02 3.279165740618381619e+02 6.916574061838161924e+00
3.585846913372620293e+02 1.108469133726203992e+01 1.608469133726203992e+01 2.733469133726202926e+01 2.558469133726202926e+01 2.633469133726202926e+01 2.683469133726202926e+01
3.070723675924826068e+01 9.207236759248260682e+00 3.377072367592482465e+02 3.402072367592482465e+02 3.539572367592482465e+02 7.457236759248260682e+00 7.072367592482606824e-01
1.427193719359428314e+01 2.077193719359428314e+01 2.752193719359428314e+01 2.677193719359428314e+01 1.877193719359428314e+01 5.252193719359428314e+01 5.427193719359428314e+01
1.817747845365556714e+01 2.567747845365556714e+01 1.442747845365556714e+01 3.249274784536555671e+02 3.181774784536555671e+02 3.321774784536555671e+02 1.542747845365556714e+01
