8.511756386106412720e+00 1.526175638610641272e+01 2.001175638610641272e+01 8.011756386106412720e+00 3.390117563861064127e+02 3.257617563861064127e+02 1.151175638610641272e+01
3.399711905505947698e+02 3.399711905505947698e+02 7.211905505947697748e-01 1.797119055059476977e+01 3.504711905505947698e+02 3.467211905505947698e+02 3.502211905505947698e+02
3.435399593010241688e+02 3.362899593010241688e+02 7.789959301024168781e+00 1.953995930102416878e+01 3.575399593010241688e+02 3.530399593010241688e+02 3.527899593010241688e+02
3.576620318556912252e+02 9.912031855691225246e+00 7.662031855691225246e+00 4.662031855691225246e+00 4.412031855691225246e+00 3.912031855691225246e+00 2.716203185569122525e+01
3.564858311415802063e+02 2.485831141580206349e+00 3.735831141580206349e+00 1.985831141580206349e+00 3.235831141580206349e+00 7.735831141580206349e+00 1.398583114158020635e+01
3.320654883187739870e+02 3.428154883187739870e+02 3.528154883187739870e+02 3.505654883187739870e+02 3.470654883187739870e+02 3.485654883187739870e+02 3.568154883187739870e+02
2.647775075073047901e+01 2.222775075073047901e+01 1.347775075073047901e+01 1.447775075073047901e+01 3.529777507507304790e+02 7.727750750730479012e+00 3.559777507507304790e+02
1.568701948452087436e+01 9.937019484520874357e+00 3.576870194845208744e+02 4.187019484520874357e+00 2.343701948452087436e+01 3.444370194845208744e+02 3.546870194845208744e+02
0.000000000000000000e+00 0.000000000000000000e+00 0.000000000000000000e+00 0.000000000000000000e+00 0.000000000000000000e+00 0.000000000000000000e+00 0.000000000000000000e+00
6.177218984019589243e+00 4.927218984019589243e+00 1.442721898401958924e+01 6.677218984019589243e+00 3.511772189840195892e+02 3.511772189840195892e+02 3.534272189840195892e+02
2.418280700767292046e+01 2.843280700767292046e+01 1.718280700767292046e+01 6.932807007672920463e+00 2.161828070076729205e+02 2.976828070076729205e+02 9.968280700767292046e+01
3.387618295305173319e+02 2.892618295305173319e+02 7.051182953051733193e+01 1.080118295305173319e+02 2.110118295305173319e+02 6.926182953051733193e+01 1.937618295305173319e+02
3.592542340005642245e+02 2.475423400056422452e+01 8.254234000564224516e+00 2.004234000564224516e+00 7.004234000564224516e+00 1.100423400056422452e+01 3.582542340005642245e+02
0.000000000000000000e+00 0.000000000000000000e+00 0.000000000000000000e+00 0.000000000000000000e+00 0.000000000000000000e+00 0.000000000000000000e+00 0.000000000000000000e+00
2.088053496540169363e+01 2.288053496540169363e+01 2.888053496540169363e+01 1.013053496540169363e+01 3.596305349654016936e+02 1.880534965401693626e+00 3.573805349654016936e+02
0.000000000000000000e+00 0.000000000000000000e+00 0.000000000000000000e+00 0.000000000000000000e+00 0.000000000000000000e+00 0.000000000000000000e+00 0.000000000000000000e+00
0.000000000000000000e+00 0.000000000000000000e+00 0.000000000000000000e+00 0.000000000000000000e+00 0.000000000000000000e+00 0.000000000000000000e+00 0.000000000000000000e+00
0.000000000000000000e+00 0.000000000000000000e+00 0.000000000000000000e+00 0.000000000000000000e+00 0.000000000000000000e+00 0.000000000000000000e+00 0.000000000000000000e+00
0.000000000000000000e+00 0.000000000000000000e+00 0.000000000000000000e+00 0.000000000000000000e+00 0.000000000000000000e+00 0.000000000000000000e+00 0.000000000000000000e+00
0.000000000000000000e+00 0.000000000000000000e+00 0.000000000000000000e+00 0.000000000000000000e+00 0.000000000000000000e+00 0.000000000000000000e+00 0.000000000000000000e+00
2.680160791447718793e+01 3.450516079144771879e+02 3.435516079144771879e+02 3.170516079144771879e+02 3.048016079144771879e+02 4.801607914477187933e+00 2.880160791447718793e+01
3.565604747307435787e+02 3.485604747307435787e+02 3.468104747307435787e+02 7.810474730743578675e+00 7.310474730743578675e+00 3.583104747307435787e+02 3.398104747307435787e+02
5.481793337422345758e+00 1.098179333742234576e+01 3.231793337422345758e+00 7.981793337422345758e+00 8.481793337422345758e+00 3.539817933374223458e+02 3.479817933374223458e+02
3.501785083526605149e+02 3.469285083526605149e+02 2.886785083526605149e+02 2.891785083526605149e+02 2.866785083526605149e+02 2.791785083526605149e+02 2.826785083526605149e+02
3.509286160876545182e+02 3.551786160876545182e+02 3.554286160876545182e+02 4.428616087654518196e+00 1.942861608765451820e+01 3.569286160876545182e+02 3.569286160876545182e+02
3.586164289272179531e+02 1.311642892721795306e+01 3.578664289272179531e+02 3.543664289272179531e+02 3.528664289272179531e+02 3.506164289272179531e+02 3.556164289272179531e+02
5.095139935096369754e+01 5.045139935096369754e+01 3.495139935096369754e+01 6.451399350963697543e+00 3.469513993509636975e+02 3.509513993509636975e+02 3.429513993509636975e+02
0.000000000000000000e+00 0.000000000000000000e+00 0.000000000000000000e+00 0.000000000000000000e+00 0.000000000000000000e+00 0.000000000000000000e+00 0.000000000000000000e+00
9.805736473600745740e-02 7.348057364736007457e+00 1.034805736473600746e+01 3.558480573647360075e+02 4.098057364736007457e+00 1.084805736473600746e+01 4.459805736473600746e+01
3.435357317391770948e+02 3.572857317391770948e+02 1.192857317391770664e+02 7.403573173917706640e+01 8.328573173917706640e+01 3.525357317391770948e+02 9.785731739177066402e+00
3.347313714029255607e+02 3.377313714029255607e+02 3.582313714029255607e+02 3.352313714029255607e+02 3.564813714029255607e+02 1.948137140292556069e+01 6.731371402925560687e+00
3.553732560872393265e+02 3.591232560872393265e+02 3.373256087239326462e+00 8.373256087239326462e+00 1.237325608723932646e+01 3.271232560872393265e+02 3.143732560872393265e+02
0.000000000000000000e+00 0.000000000000000000e+00 0.000000000000000000e+00 0.000000000000000000e+00 0.000000000000000000e+00 0.000000000000000000e+00 0.000000000000000000e+00
5.593384432952802854e+00 3.093384432952802854e+00 1.593384432952802854e+00 3.595933844329528029e+02 2.093384432952802854e+00 5.343384432952802854e+00 8.093384432952802854e+00
3.401665740618381619e+02 3.436665740618381619e+02 3.469165740618381619e+02 3.481665740618381619e+02 3.459165740618381619e+02 3.479165740618381619e+02 3.456665740618381619e+02
3.318346913372620293e+02 3.398346913372620293e+02 3.525846913372620293e+02 3.525846913372620293e+02 3.413346913372620293e+02 3.588346913372620293e+02 3.158346913372620293e+02
2.095723675924824647e+01 2.295723675924824647e+01 1.645723675924824647e+01 1.745723675924824647e+01 3.434572367592482465e+02 3.464572367592482465e+02 3.502072367592482465e+02
2.277193719359428314e+01 8.771937193594283144e+00 5.219371935942831442e-01 3.467719371935942831e+02 6.802193719359428314e+01 9.327193719359428314e+01 3.652193719359428314e+01
2.217747845365556714e+01 1.767747845365556714e+01 1.792747845365556714e+01 3.677478453655567137e+00 6.927478453655567137e+00 4.677478453655567137e+00 4.177478453655567137e+00
