7.955059439656192444e-01 6.630690924870134006e-01 6.373779909565254753e-01 3.847554137472117830e-01 3.123290622066514088e-01 2.027171088835662965e-02 8.312614056831651999e-02
7.166348964873368033e-01 6.695264571512817842e-01 8.753041018072317270e-01 9.153944404995106865e-01 8.960778912664677520e-01 7.963976946496789111e-01 8.577268259926920102e-01
7.376431390330594473e-01 6.165753562431083301e-01 5.617243973908226939e-01 8.698311613038498535e-01 9.306809225537117092e-01 9.489154788229383630e-01 9.602667333713257314e-01
7.169698922663547691e-01 7.735394205394012790e-01 6.261457102754390824e-01 6.372605622194353892e-01 5.786347716410684683e-01 7.253801525243367410e-01 6.869589749821032321e-01
7.131386006970505953e-01 7.782623049682664274e-01 8.208988517351295533e-01 7.877274691071087798e-01 7.334116062868832886e-01 6.023191360174124931e-01 6.789765799912276245e-01
8.771747799278800661e-01 8.610158453025508196e-01 7.855641683458873814e-01 7.409137400663513562e-01 5.817668440786319950e-01 6.376422888806283495e-01 8.349600577599793905e-01
7.459762211692997358e-01 8.529218496245490888e-01 8.545700119827316366e-01 8.587431651453859560e-01 9.028795177234357761e-01 9.122303173769559237e-01 8.985620460713437119e-01
5.788730277966858129e-01 7.744634431457233514e-01 7.423728262840623149e-01 7.980137736038862561e-01 7.516911551872714758e-01 6.509433494334877501e-01 8.851830178860332632e-01
0.000000000000000000e+00 0.000000000000000000e+00 0.000000000000000000e+00 0.000000000000000000e+00 0.000000000000000000e+00 0.000000000000000000e+00 0.000000000000000000e+00
7.102105056966552254e-01 7.671906902333150979e-01 7.189422685880758612e-01 9.111822127710782482e-01 9.500546554902031815e-01 9.693949178525170796e-01 9.675093165404128337e-01
4.315530832372407311e-01 2.697801432077218120e-01 3.746183351338522871e-01 6.800549430279805296e-01 5.843507059156418659e-01 4.504168849595177049e-01 6.971557176126338407e-01
1.394476999031595554e-01 1.493516650549893687e-01 5.107307207615455757e-01 3.819206127781513693e-01 2.618401110482585295e-02 2.789561856521017846e-01 5.008487565600427960e-01
6.809467035974280380e-01 7.250361762574034641e-01 8.063052809739115201e-01 8.680497782043125055e-01 8.930699675822381112e-01 9.376933587850090346e-01 9.564636950615479360e-01
0.000000000000000000e+00 0.000000000000000000e+00 0.000000000000000000e+00 0.000000000000000000e+00 0.000000000000000000e+00 0.000000000000000000e+00 0.000000000000000000e+00
7.993589158155136598e-01 8.633664748295644120e-01 9.202796201701087808e-01 9.216069069347516685e-01 9.409305837563705088e-01 9.578658582559032020e-01 9.515416129302970427e-01
0.000000000000000000e+00 0.000000000000000000e+00 0.000000000000000000e+00 0.000000000000000000e+00 0.000000000000000000e+00 0.000000000000000000e+00 0.000000000000000000e+00
0.000000000000000000e+00 0.000000000000000000e+00 0.000000000000000000e+00 0.000000000000000000e+00 0.000000000000000000e+00 0.000000000000000000e+00 0.000000000000000000e+00
0.000000000000000000e+00 0.000000000000000000e+00 0.000000000000000000e+00 0.000000000000000000e+00 0.000000000000000000e+00 0.000000000000000000e+00 0.000000000000000000e+00
0.000000000000000000e+00 0.000000000000000000e+00 0.000000000000000000e+00 0.000000000000000000e+00 0.000000000000000000e+00 0.000000000000000000e+00 0.000000000000000000e+00
0.000000000000000000e+00 0.000000000000000000e+00 0.000000000000000000e+00 0.000000000000000000e+00 0.000000000000000000e+00 0.000000000000000000e+00 0.000000000000000000e+00
4.701715454679908368e-01 6.625935177496706796e-01 6.972549602817785797e-01 6.293105825536515763e-01 1.637137555047527560e-01 1.370860644487904012e-01 6.795943789795745316e-01
8.861502960237724880e-01 9.383256769303391920e-01 8.557681626310703615e-01 9.264229527151932597e-01 9.639658262343137052e-01 9.595740845118864160e-01 8.363000290178110863e-01
6.914338373863633258e-01 7.836602752473317279e-01 7.957300299481298023e-01 9.240042191431797614e-01 9.430258542712425252e-01 9.115708731705453038e-01 8.551570455307659913e-01
7.540558864738634570e-01 9.131980202296049454e-01 9.188962625200904899e-01 9.495753741715147189e-01 9.508717211656316781e-01 8.469293038448736377e-01 5.703695575603194845e-01
7.170404262101391923e-01 8.675392064917891721e-01 9.024750115285712360e-01 7.788705958760971937e-01 8.315045217612718753e-01 8.887591033475591429e-01 8.548546699938717186e-01
8.692872691602369084e-01 8.395749140648466335e-01 8.602467496148219483e-01 8.145366015344686073e-01 8.410926232733095809e-01 8.330909346034034435e-01 3.285445154468322748e-01
8.242676698021639270e-01 8.848160258282701252e-01 9.105524780240341620e-01 9.267819464300194321e-01 9.657832782961639495e-01 9.854478149036660639e-01 9.891624465892910889e-01
0.000000000000000000e+00 0.000000000000000000e+00 0.000000000000000000e+00 0.000000000000000000e+00 0.000000000000000000e+00 0.000000000000000000e+00 0.000000000000000000e+00
7.686626973526519135e-01 8.122053143344037940e-01 7.707011201884179652e-01 7.846510419782591894e-01 6.489316317540888557e-01 5.250914396385477634e-01 4.519625861511730180e-01
3.285143981793259282e-01 2.773163798981013728e-01 1.782373181141611029e-01 4.275492965655960376e-01 3.017243381028316129e-01 2.788238830466144291e-01 1.905918161000086375e-01
0.000000000000000000e+00 0.000000000000000000e+00 0.000000000000000000e+00 0.000000000000000000e+00 0.000000000000000000e+00 0.000000000000000000e+00 0.000000000000000000e+00
7.494534318074188572e-01 7.024658662851915869e-01 7.116534047373874738e-01 7.501281740978988921e-01 6.915621724033562678e-01 2.523174199192381173e-01 2.317489140152273475e-01
0.000000000000000000e+00 0.000000000000000000e+00 0.000000000000000000e+00 0.000000000000000000e+00 0.000000000000000000e+00 0.000000000000000000e+00 0.000000000000000000e+00
8.014443542212265070e-01 8.785441898431823882e-01 9.166262383394476743e-01 9.082814139667712006e-01 9.738127998158490062e-01 9.831155833244741293e-01 9.843045760158545265e-01
8.570161239858862245e-01 8.103057518001307580e-01 8.797438730189567346e-01 8.291584097513365892e-01 8.293345536537080065e-01 8.474286863116300417e-01 7.921427600829096249e-01
9.044899632991584282e-01 8.961426168125270486e-01 7.715968759327600512e-01 6.209030617772660632e-01 6.354335131565900241e-01 3.505701378107005661e-01 1.671792720126612508e-01
7.375831854233046991e-01 6.973588470747799084e-01 6.500839597029132166e-01 6.563124228266027371e-01 8.327406094209408582e-01 8.498975266221383551e-01 8.469546280309609987e-01
4.084101864368355206e-01 2.926873514000047360e-01 1.742577854633006462e-01 1.349205110478233216e-01 1.374857099200143817e-01 2.137256656126372556e-01 3.458983257652964438e-01
5.874082919938622416e-01 6.420223077563788072e-01 6.236751513221469034e-01 8.120546391638019390e-01 9.178311822480476057e-01 8.805564237342022871e-01 7.062576871930321687e-01
