7.924218592459670862e-01 5.253307647108147460e-01 5.138101870575366714e-01 4.782138273512371307e-01 5.555568092661949953e-01 2.783879965953927615e-01 7.435008211085035734e-01
9.425009175053260524e-01 9.620128993950352037e-01 9.608177429935887970e-01 9.670258438769314679e-01 9.693650797601385261e-01 9.598849340700633670e-01 9.830705637131312846e-01
9.780258022579509936e-01 9.607072079145201338e-01 9.437579881104380952e-01 8.986468142715418050e-01 7.909550630230880452e-01 8.167290024083390110e-01 9.283370373335655401e-01
9.862864638884593083e-01 9.854010334321539055e-01 9.829162931655035518e-01 9.680374670388255387e-01 9.523154085689458093e-01 9.593356269561890137e-01 9.655127189965713175e-01
9.817238931744740604e-01 9.676619156705129621e-01 9.454844059453562100e-01 8.935058191577999187e-01 8.843313088188614612e-01 4.986212092425703069e-01 9.058452662518174936e-01
9.670400855465176582e-01 9.737202287967392511e-01 9.827888716450489115e-01 9.910059914235582745e-01 9.874585326061801061e-01 9.626066240730695167e-01 9.521607940529740466e-01
9.841866182740220959e-01 9.832498212361429069e-01 9.813799305034089926e-01 9.380820153112380266e-01 6.524529480540399717e-01 6.082067762533104327e-01 8.593194527617763478e-01
9.660120028291339089e-01 9.620143758593758809e-01 9.203936399155441261e-01 8.053701571860233388e-01 3.996226791130987333e-01 7.520572868081945028e-01 6.437049998973398690e-01
0.000000000000000000e+00 0.000000000000000000e+00 0.000000000000000000e+00 0.000000000000000000e+00 0.000000000000000000e+00 0.000000000000000000e+00 0.000000000000000000e+00
9.737670148576229590e-01 9.510196932207699572e-01 9.305855840468719720e-01 8.646528500564593100e-01 7.582422190590444311e-01 6.909373899241789685e-01 8.666731402748354407e-01
9.641595922564875076e-01 9.476152544551880164e-01 9.398109166162248451e-01 8.203739416341799817e-01 4.519172150882649897e-01 3.107874693468040128e-01 4.000561981257284572e-01
6.937553749178264617e-01 4.825574242514145129e-01 3.911195743319197393e-01 4.603321525883746212e-01 6.871170812248235116e-01 6.843327396224310188e-01 4.250794598892880249e-01
9.697995062189841420e-01 8.709255501897873453e-01 5.996437103495488863e-01 4.727553740242698699e-01 4.249640845096837038e-01 6.192191602241472470e-01 9.078484479262298734e-01
0.000000000000000000e+00 0.000000000000000000e+00 0.000000000000000000e+00 0.000000000000000000e+00 0.000000000000000000e+00 0.000000000000000000e+00 0.000000000000000000e+00
9.450210142700526950e-01 9.477262361963580961e-01 9.651267625526323002e-01 9.817189556062626554e-01 9.907639448332724585e-01 9.954596259593240237e-01 9.956299874437095632e-01
0.000000000000000000e+00 0.000000000000000000e+00 0.000000000000000000e+00 0.000000000000000000e+00 0.000000000000000000e+00 0.000000000000000000e+00 0.000000000000000000e+00
0.000000000000000000e+00 0.000000000000000000e+00 0.000000000000000000e+00 0.000000000000000000e+00 0.000000000000000000e+00 0.000000000000000000e+00 0.000000000000000000e+00
0.000000000000000000e+00 0.000000000000000000e+00 0.000000000000000000e+00 0.000000000000000000e+00 0.000000000000000000e+00 0.000000000000000000e+00 0.000000000000000000e+00
0.000000000000000000e+00 0.000000000000000000e+00 0.000000000000000000e+00 0.000000000000000000e+00 0.000000000000000000e+00 0.000000000000000000e+00 0.000000000000000000e+00
0.000000000000000000e+00 0.000000000000000000e+00 0.000000000000000000e+00 0.000000000000000000e+00 0.000000000000000000e+00 0.000000000000000000e+00 0.000000000000000000e+00
9.741148601542483076e-01 9.790328880101732967e-01 9.735213126649948645e-01 9.577109324670796120e-01 9.371951841227716962e-01 9.690099488660192106e-01 8.528660646090828745e-01
9.721740735782149478e-01 9.807048684288990348e-01 9.821213839720576155e-01 9.836296691129335912e-01 9.668256978181052341e-01 4.665783319504086535e-01 9.815186096312211728e-01
9.434469543909753675e-01 9.369626220512676795e-01 9.297976245314314436e-01 9.264891858149667536e-01 9.710099630880467680e-01 9.834050686224058424e-01 9.803754789604848252e-01
9.725884872488613775e-01 9.752081762669934095e-01 9.790333949783145417e-01 9.824616368808565259e-01 9.855798806391824485e-01 9.865454713326052838e-01 9.913975713458924588e-01
8.236372846633627232e-01 6.479790293804443824e-01 6.560985744555301036e-01 7.344218039069643211e-01 8.380988649102851795e-01 8.048552173893119832e-01 9.066162735466594125e-01
9.361915126770193885e-01 9.428245809386587295e-01 6.940122898105001159e-01 8.540735644021049122e-01 9.569172689476308502e-01 8.744539514126919988e-01 8.090747189817760754e-01
9.540254448851008817e-01 9.485385153282532844e-01 9.526717956083925465e-01 9.625742146312603609e-01 9.747341596880516601e-01 9.610372643373797930e-01 9.709162785532048368e-01
0.000000000000000000e+00 0.000000000000000000e+00 0.000000000000000000e+00 0.000000000000000000e+00 0.000000000000000000e+00 0.000000000000000000e+00 0.000000000000000000e+00
9.439778974877965911e-01 9.372663349395556898e-01 9.527107511707604282e-01 9.701461037240839413e-01 9.825479464991141443e-01 9.743138651531183525e-01 9.597916988583761189e-01
9.200541326554018129e-01 8.959928907904586293e-01 8.813864641812801937e-01 5.932924183660258644e-01 4.161106721601202096e-01 3.213975533746361024e-01 3.318447123572988988e-01
9.597400389229736595e-01 9.555608493952724158e-01 9.468694655016727246e-01 9.300845848093174384e-01 9.156353437374041837e-01 8.171197173413377035e-01 9.740243844798102124e-01
9.030247694120333568e-01 9.438364964946442948e-01 9.543590621230023663e-01 9.611002841763740534e-01 9.586781307415700448e-01 9.195027800063999557e-01 9.313991507393285518e-01
0.000000000000000000e+00 0.000000000000000000e+00 0.000000000000000000e+00 0.000000000000000000e+00 0.000000000000000000e+00 0.000000000000000000e+00 0.000000000000000000e+00
8.716615683648951673e-01 8.629634445664257081e-01 7.869044525989711270e-01 9.102993675780520766e-01 9.720461532406184935e-01 9.740144071645389090e-01 9.584112428883511114e-01
9.363760343737739245e-01 9.361823037214127563e-01 9.308578587330427201e-01 9.281270316039449408e-01 4.828537010780771244e-01 5.067678525873220430e-01 7.722431040961099669e-01
6.060044430256427556e-02 4.778596363230040722e-02 2.676973321545884077e-01 3.526245786262829918e-01 4.740651133938635908e-01 5.266610922582833920e-01 4.680412142191562319e-01
2.625078957128725299e-01 3.109384268948834351e-01 8.438989800609046910e-01 9.672090653472334987e-01 9.879024623818292161e-01 9.593788473904013570e-01 9.653129929461765624e-01
9.805159800636146228e-01 9.736219249672108944e-01 9.444553510139902519e-01 8.616119057872074771e-01 7.739035994187875023e-01 4.558301716377883839e-01 2.877863265774700530e-01
8.929584331277858888e-01 8.417747747286328242e-01 7.296947032414110579e-01 8.230772903522238781e-01 6.771738021614253089e-01 4.988618129887551489e-01 4.742049123246383502e-01
6.570942528949397232e-01 6.783466175446968283e-01 8.175548501100090570e-01 6.758826689576066249e-01 8.499561094227576774e-01 7.965369397749609837e-01 9.592274540168407304e-01
9.757865122424462800e-01 9.700502458660188454e-01 8.512402909550343955e-01 5.807482093564920733e-01 4.766455838996661587e-01 7.936464650179246849e-01 9.226223982638167564e-01
4.889597266248154606e-01 5.886619504309935635e-01 7.332718838186942367e-01 9.199381192372760863e-01 9.641820869019002149e-01 9.771821472517344676e-01 9.722332055856431898e-01
9.501813360379158802e-01 9.499919315120797236e-01 9.616820480142818095e-01 9.770481033805080706e-01 9.677317978728227077e-01 6.534310028030887452e-01 4.127291270249657251e-01
5.681061106062351707e-01 8.123659361805963819e-01 7.427736336326880018e-01 8.415640806307032040e-01 9.513680918856569635e-01 9.505398844449934881e-01 9.738160425193780334e-01
9.694898689148607751e-01 9.441339653703788581e-01 9.265406694922468933e-01 8.498167005428490794e-01 8.476319359660583475e-01 9.564971103064020541e-01 9.610145101753316821e-01
7.180917878848481761e-01 7.472245269818412750e-01 6.973949795225850012e-01 5.540246596836300164e-01 5.181588762959461469e-01 5.923694018285021734e-01 4.827962871879989959e-01
9.568686985240882903e-01 9.673108673207079233e-01 9.802083243372293753e-01 9.885769428436540496e-01 9.921503711912710299e-01 9.920583232022921472e-01 9.955677763569071859e-01
0.000000000000000000e+00 0.000000000000000000e+00 0.000000000000000000e+00 0.000000000000000000e+00 0.000000000000000000e+00 0.000000000000000000e+00 0.000000000000000000e+00
0.000000000000000000e+00 0.000000000000000000e+00 0.000000000000000000e+00 0.000000000000000000e+00 0.000000000000000000e+00 0.000000000000000000e+00 0.000000000000000000e+00
9.774429998425951949e-01 9.569965199262570055e-01 8.583482689931527521e-01 6.454635177737075846e-01 5.951891784808108765e-01 3.665753207142910530e-01 3.760505877652536300e-01
9.826759168753589346e-01 9.839496500906798060e-01 9.797542489765015405e-01 9.602925811268541167e-01 9.549554425663102641e-01 9.333727662482765863e-01 9.805458988001165554e-01
6.940431775479616316e-01 7.771153762676535903e-01 9.400131506206705900e-01 9.591608395821475952e-01 9.753916911801689960e-01 9.819201609491360339e-01 9.797939992447005642e-01
0.000000000000000000e+00 0.000000000000000000e+00 0.000000000000000000e+00 0.000000000000000000e+00 0.000000000000000000e+00 0.000000000000000000e+00 0.000000000000000000e+00
8.504078822362061141e-01 7.842995877852595443e-01 7.316690904381715210e-01 7.558578970342747505e-01 7.239432608125897506e-01 8.345877823951558527e-01 9.747028770716131829e-01
9.425336140322194689e-01 9.451286574598540824e-01 9.363938290459816738e-01 9.284489100794087735e-01 9.503601686888486499e-01 9.026911348834392168e-01 8.361725781672681990e-01
0.000000000000000000e+00 0.000000000000000000e+00 0.000000000000000000e+00 0.000000000000000000e+00 0.000000000000000000e+00 0.000000000000000000e+00 0.000000000000000000e+00
0.000000000000000000e+00 0.000000000000000000e+00 0.000000000000000000e+00 0.000000000000000000e+00 0.000000000000000000e+00 0.000000000000000000e+00 0.000000000000000000e+00
0.000000000000000000e+00 0.000000000000000000e+00 0.000000000000000000e+00 0.000000000000000000e+00 0.000000000000000000e+00 0.000000000000000000e+00 0.000000000000000000e+00
0.000000000000000000e+00 0.000000000000000000e+00 0.000000000000000000e+00 0.000000000000000000e+00 0.000000000000000000e+00 0.000000000000000000e+00 0.000000000000000000e+00
9.917925912588595461e-01 9.890928524261668464e-01 9.853001614194782931e-01 9.861933933272972741e-01 9.750390129211450319e-01 5.758352317541239884e-01 7.875140753487092082e-01
9.697958065855596388e-01 9.628237993549564333e-01 9.655759906030143558e-01 9.749497762571526227e-01 9.564311890543580885e-01 7.622314840662578472e-01 9.149052733401354942e-01
9.740476665673256651e-01 9.740239995329839084e-01 9.708337850895246701e-01 9.577465958863362605e-01 9.730768983714179754e-01 9.150987634000464777e-01 9.787782676404745974e-01
9.335073018312738391e-01 9.511921372392645457e-01 9.537233228204943236e-01 9.670543366324566570e-01 9.628114090842165851e-01 9.260435240482000063e-01 9.324912030579807221e-01
0.000000000000000000e+00 0.000000000000000000e+00 0.000000000000000000e+00 0.000000000000000000e+00 0.000000000000000000e+00 0.000000000000000000e+00 0.000000000000000000e+00
8.809021089569299967e-01 9.104333749065401937e-01 8.862618533580277624e-01 9.551369486151602972e-01 8.270323747344825449e-01 8.620092226688822468e-01 9.584191359467389981e-01
0.000000000000000000e+00 0.000000000000000000e+00 0.000000000000000000e+00 0.000000000000000000e+00 0.000000000000000000e+00 0.000000000000000000e+00 0.000000000000000000e+00
9.704168681574621980e-01 9.824355293735441697e-01 9.906192518828363935e-01 9.931376960278809340e-01 9.904236951424658653e-01 9.840857248847160177e-01 9.576273023614010338e-01
9.006378214550956329e-01 9.101065467133413467e-01 8.764104599826019193e-01 9.287439213774795199e-01 7.996242784413764015e-01 7.863769353773469861e-01 9.351341976755503937e-01
