2.406846010299943828e+01 2.656846010299943828e+01 3.681846010299943828e+01 4.281846010299943828e+01 3.184601029994382770e-01 3.190684601029994383e+02 1.181846010299943828e+01
1.210301746014800983e+01 1.035301746014800983e+01 7.603017460148009832e+00 3.561030174601480098e+02 3.518530174601480098e+02 3.543530174601480098e+02 3.586030174601480098e+02
6.698132026014377516e+00 2.144813202601437752e+01 3.094813202601437752e+01 1.744813202601437752e+01 3.529481320260143775e+02 3.499481320260143775e+02 3.571981320260143775e+02
9.229926647895069891e+00 7.479926647895069891e+00 4.729926647895069891e+00 4.479926647895069891e+00 5.479926647895069891e+00 3.547299266478950699e+02 6.479926647895069891e+00
7.053927938527749575e+00 4.053927938527749575e+00 1.553927938527749575e+00 1.130392793852774957e+01 6.303927938527749575e+00 3.165539279385277496e+02 3.508039279385277496e+02
5.223464211536338553e+00 2.723464211536338553e+00 3.559734642115363386e+02 3.527234642115363386e+02 3.534734642115363386e+02 3.494734642115363386e+02 6.473464211536338553e+00
1.803630922930238967e+01 1.378630922930238967e+01 1.028630922930238967e+01 1.128630922930238967e+01 3.628630922930238967e+01 2.753630922930238967e+01 2.286309229302389667e+00
6.294208340435204718e+00 2.044208340435204718e+00 3.567942083404352047e+02 4.044208340435204718e+00 3.554420834043520472e+01 2.179420834043520472e+01 3.504420834043520472e+01
0.000000000000000000e+00 0.000000000000000000e+00 0.000000000000000000e+00 0.000000000000000000e+00 0.000000000000000000e+00 0.000000000000000000e+00 0.000000000000000000e+00
5.586184710031034228e+00 1.983618471003103423e+01 2.808618471003103423e+01 1.733618471003103423e+01 3.545861847100310342e+02 3.400861847100310342e+02 3.530861847100310342e+02
2.273817488451140889e+01 1.898817488451140889e+01 1.348817488451140889e+01 2.048817488451140889e+01 2.998817488451140889e+01 3.923817488451140889e+01 5.748817488451140889e+01
3.735069538854639859e+01 2.635069538854639859e+01 2.760069538854639859e+01 2.785069538854639859e+01 2.850695388546398590e+00 3.533506953885463986e+02 1.335069538854639859e+01
4.850333714183648226e+00 3.481003337141836482e+02 3.276003337141836482e+02 3.158503337141836482e+02 3.176003337141836482e+02 3.473503337141836482e+02 5.600333714183648226e+00
0.000000000000000000e+00 0.000000000000000000e+00 0.000000000000000000e+00 0.000000000000000000e+00 0.000000000000000000e+00 0.000000000000000000e+00 0.000000000000000000e+00
3.568306241525071982e+02 3.575806241525071982e+02 3.590806241525071982e+02 3.593306241525071982e+02 3.595806241525071982e+02 3.590806241525071982e+02 3.590806241525071982e+02
0.000000000000000000e+00 0.000000000000000000e+00 0.000000000000000000e+00 0.000000000000000000e+00 0.000000000000000000e+00 0.000000000000000000e+00 0.000000000000000000e+00
0.000000000000000000e+00 0.000000000000000000e+00 0.000000000000000000e+00 0.000000000000000000e+00 0.000000000000000000e+00 0.000000000000000000e+00 0.000000000000000000e+00
0.000000000000000000e+00 0.000000000000000000e+00 0.000000000000000000e+00 0.000000000000000000e+00 0.000000000000000000e+00 0.000000000000000000e+00 0.000000000000000000e+00
0.000000000000000000e+00 0.000000000000000000e+00 0.000000000000000000e+00 0.000000000000000000e+00 0.000000000000000000e+00 0.000000000000000000e+00 0.000000000000000000e+00
0.000000000000000000e+00 0.000000000000000000e+00 0.000000000000000000e+00 0.000000000000000000e+00 0.000000000000000000e+00 0.000000000000000000e+00 0.000000000000000000e+00
7.486034278033514511e+00 3.599860342780335145e+02 3.577360342780335145e+02 3.572360342780335145e+02 3.554860342780335145e+02 1.173603427803351451e+01 3.519860342780335145e+02
2.905203554896445439e+00 3.581552035548964454e+02 4.052035548964454392e-01 3.589052035548964454e+02 3.461552035548964454e+02 3.059052035548964454e+02 3.506552035548964454e+02
1.227668240427306046e+01 2.477668240427306046e+01 2.377668240427306046e+01 1.552668240427306046e+01 1.276682404273060456e+00 2.776682404273060456e+00 3.592766824042730605e+02
4.580954395035917059e+00 2.830954395035917059e+00 3.598309543950359171e+02 1.080954395035917059e+00 3.583309543950359171e+02 3.543309543950359171e+02 1.330954395035917059e+00
1.267639662288530644e+00 4.501763966228853064e+01 5.901763966228853064e+01 4.926763966228853064e+01 9.267639662288530644e+00 3.415176396622885022e+02 3.452676396622885022e+02
3.038274357109628454e+00 3.557882743571096285e+02 3.175382743571096285e+02 3.332882743571096285e+02 3.550382743571096285e+02 3.480382743571096285e+02 3.595382743571096285e+02
3.599525870679476611e+02 3.567025870679476611e+02 3.572025870679476611e+02 3.559525870679476611e+02 3.489525870679476611e+02 3.529525870679476611e+02 3.574525870679476611e+02
0.000000000000000000e+00 0.000000000000000000e+00 0.000000000000000000e+00 0.000000000000000000e+00 0.000000000000000000e+00 0.000000000000000000e+00 0.000000000000000000e+00
4.763051896496563131e+00 1.305189649656313122e-02 3.555130518964965631e+02 3.552630518964965631e+02 3.540130518964965631e+02 3.560130518964965631e+02 3.502630518964965631e+02
2.972953824342802420e+00 8.972953824342802420e+00 3.512229538243428237e+02 3.154729538243428237e+02 3.057229538243428237e+02 4.122295382434280242e+01 5.397295382434282374e+01
1.797296015201453656e+00 2.297296015201453656e+00 2.547296015201453656e+00 3.297296015201453656e+00 3.047296015201453656e+00 3.407972960152014821e+02 3.505472960152014821e+02
3.567896635299064201e+02 3.522896635299064201e+02 3.485396635299064201e+02 3.480396635299064201e+02 3.525396635299064201e+02 6.289663529906434292e+00 3.966352990643429166e-02
0.000000000000000000e+00 0.000000000000000000e+00 0.000000000000000000e+00 0.000000000000000000e+00 0.000000000000000000e+00 0.000000000000000000e+00 0.000000000000000000e+00
3.482082618905225218e+02 3.582082618905225218e+02 1.020826189052252175e+01 3.447082618905225218e+02 3.464582618905225218e+02 3.514582618905225218e+02 3.554582618905225218e+02
1.726527488310864555e+00 1.726527488310864555e+00 3.577265274883108646e+02 3.499765274883108646e+02 3.249765274883108646e+02 3.134765274883108646e+02 2.265274883108645554e-01
1.023700340893327052e+02 3.158700340893327052e+02 3.423700340893327052e+02 3.166200340893327052e+02 3.423700340893327052e+02 3.562003408933270521e+01 4.087003408933270521e+01
3.006426975672385424e+02 2.314269756723854243e+01 3.538926975672385424e+02 3.491426975672385424e+02 3.568926975672385424e+02 8.642697567238542433e+00 2.892697567238542433e+00
2.024120484745378690e+01 1.849120484745378690e+01 1.899120484745378690e+01 2.899120484745378690e+01 3.449120484745378690e+01 4.824120484745378690e+01 6.874120484745378690e+01
1.755545704120800110e+01 1.180545704120800110e+01 3.230545704120800110e+01 3.580545704120800110e+01 3.805545704120800110e+01 3.880545704120800110e+01 5.055545704120800110e+01
1.388584413729972766e+01 6.788584413729972766e+01 7.163584413729972766e+01 4.738584413729972766e+01 2.385844137299727663e+00 3.513858441372997277e+02 6.358441372997276630e-01
3.592377250945122569e+02 3.509877250945122569e+02 3.354877250945122569e+02 3.212377250945122569e+02 3.237377250945122569e+02 3.469877250945122569e+02 2.487725094512256874e+00
3.209999976303427047e+02 3.079999976303427047e+02 3.159999976303427047e+02 3.344999976303427047e+02 3.439999976303427047e+02 3.472499976303427047e+02 3.497499976303427047e+02
8.807958101175870524e+00 7.307958101175870524e+00 4.057958101175870524e+00 3.585579581011758705e+02 3.560579581011758705e+02 3.380579581011758705e+02 2.938079581011758705e+02
2.118668426921820469e+01 3.526866842692181763e+02 3.129366842692181763e+02 3.151866842692181763e+02 3.421866842692181763e+02 3.936684269218204690e+00 3.581866842692181763e+02
2.236683868571560652e-01 3.567236683868571845e+02 3.477236683868571845e+02 3.382236683868571845e+02 3.434736683868571845e+02 3.522236683868571845e+02 3.524736683868571845e+02
3.390942424312240746e+02 3.323442424312240746e+02 3.228442424312240746e+02 3.188442424312240746e+02 4.084424243122407461e+01 7.184424243122407461e+01 3.468442424312240746e+02
3.593686189983556005e+02 3.561186189983556005e+02 3.561186189983556005e+02 3.591186189983556005e+02 6.186189983556005245e-01 3.686189983556005245e-01 3.586186189983556005e+02
0.000000000000000000e+00 0.000000000000000000e+00 0.000000000000000000e+00 0.000000000000000000e+00 0.000000000000000000e+00 0.000000000000000000e+00 0.000000000000000000e+00
0.000000000000000000e+00 0.000000000000000000e+00 0.000000000000000000e+00 0.000000000000000000e+00 0.000000000000000000e+00 0.000000000000000000e+00 0.000000000000000000e+00
2.092402051479155034e+01 1.917402051479155034e+01 2.242402051479155034e+01 4.092402051479155034e+01 4.742402051479155034e+01 6.092402051479155034e+01 5.042402051479155034e+01
1.161452335136829106e+01 1.311452335136829106e+01 1.286452335136829106e+01 1.011452335136829106e+01 3.114523351368291060e+00 3.543645233513682911e+02 3.593645233513682911e+02
3.239296447679519133e+02 3.324296447679519133e+02 3.534296447679519133e+02 1.242964476795191331e+01 6.179644767951913309e+00 3.504296447679519133e+02 3.551796447679519133e+02
0.000000000000000000e+00 0.000000000000000000e+00 0.000000000000000000e+00 0.000000000000000000e+00 0.000000000000000000e+00 0.000000000000000000e+00 0.000000000000000000e+00
5.524922631667607220e+00 3.427492263166760722e+01 3.627492263166760722e+01 1.727492263166760722e+01 7.524922631667607220e+00 8.274922631667607220e+00 1.002492263166760722e+01
3.518006956004757058e+02 1.300695600475677338e+00 8.800695600475677338e+00 6.050695600475677338e+00 5.069560047567733818e-02 1.180069560047567734e+01 1.580069560047567734e+01
0.000000000000000000e+00 0.000000000000000000e+00 0.000000000000000000e+00 0.000000000000000000e+00 0.000000000000000000e+00 0.000000000000000000e+00 0.000000000000000000e+00
0.000000000000000000e+00 0.000000000000000000e+00 0.000000000000000000e+00 0.000000000000000000e+00 0.000000000000000000e+00 0.000000000000000000e+00 0.000000000000000000e+00
0.000000000000000000e+00 0.000000000000000000e+00 0.000000000000000000e+00 0.000000000000000000e+00 0.000000000000000000e+00 0.000000000000000000e+00 0.000000000000000000e+00
0.000000000000000000e+00 0.000000000000000000e+00 0.000000000000000000e+00 0.000000000000000000e+00 0.000000000000000000e+00 0.000000000000000000e+00 0.000000000000000000e+00
2.062878208564069382e+01 1.887878208564069382e+01 1.362878208564069382e+01 1.087878208564069382e+01 8.128782085640693822e+00 3.837878208564069382e+01 3.418787820856406938e+02
3.562606832323760955e+02 3.565106832323760955e+02 3.560106832323760955e+02 3.535106832323760955e+02 3.455106832323760955e+02 3.357606832323760955e+02 3.497606832323760955e+02
8.003342838366165779e+00 8.003342838366165779e+00 6.253342838366165779e+00 2.003342838366165779e+00 3.517533428383661658e+02 3.447533428383661658e+02 3.595033428383661658e+02
3.559962442294950051e+02 2.462442294949767074e-01 5.246244229494976707e+00 1.746244229494976707e+00 3.524962442294950051e+02 3.474962442294950051e+02 3.522462442294950051e+02
0.000000000000000000e+00 0.000000000000000000e+00 0.000000000000000000e+00 0.000000000000000000e+00 0.000000000000000000e+00 0.000000000000000000e+00 0.000000000000000000e+00
1.519724702869950761e+01 1.544724702869950761e+01 3.944724702869950761e+01 2.269724702869950761e+01 3.436972470286995076e+02 3.461972470286995076e+02 3.511972470286995076e+02
0.000000000000000000e+00 0.000000000000000000e+00 0.000000000000000000e+00 0.000000000000000000e+00 0.000000000000000000e+00 0.000000000000000000e+00 0.000000000000000000e+00
1.058137041897055042e+01 3.313704189705504177e-01 8.313704189705504177e-01 3.581370418970550418e+00 5.581370418970550418e+00 4.331370418970550418e+00 3.598313704189705504e+02
1.308202460461120609e+01 7.082024604611206087e+00 3.590820246046112061e+02 2.108202460461120609e+01 3.908202460461120609e+01 3.558202460461120609e+01 1.733202460461120609e+01
