8.447880652360255649e-01 8.503070134433978744e-01 8.034604018964212058e-01 6.552746330154757270e-01 7.011738914040087645e-01 7.730640206010653825e-01 6.473621714851199860e-01
7.171489332516298720e-01 6.385365827465363520e-01 8.169948401720603659e-01 8.400417068959764588e-01 7.800553783456632972e-01 9.022705710077707497e-01 8.164007391090236654e-01
8.411978565394071516e-01 8.372459932866279653e-01 4.725295244068963285e-01 6.054637164469600652e-01 7.970064598532947686e-01 8.469804605612791804e-01 9.458758106112394870e-01
7.399609328885637938e-01 8.288020085606327969e-01 8.696852468417061166e-01 8.752312308135136165e-01 9.307741404047968903e-01 9.022219148193154625e-01 9.131186951689095332e-01
8.395385922887215191e-01 8.760672940758443827e-01 8.934109281618644038e-01 9.145797600120613158e-01 9.315189548403107755e-01 8.682804756009684377e-01 7.976531747556114826e-01
8.586191722884755073e-01 9.045085185671343231e-01 9.348034493669958866e-01 8.862863999046095564e-01 7.140643440218027438e-01 5.286774372294207325e-01 4.022251369429024059e-01
7.933545435865103634e-01 8.473006909491112015e-01 7.508446254339102843e-01 7.425520723407815771e-01 8.519306493800948843e-01 8.111310540712337591e-01 8.557315853695287577e-01
7.892048609446608021e-01 8.440965631230427091e-01 8.808844052752023979e-01 8.889623285485004356e-01 8.248857973831477119e-01 5.878937589475519143e-01 7.677284314068166804e-01
0.000000000000000000e+00 0.000000000000000000e+00 0.000000000000000000e+00 0.000000000000000000e+00 0.000000000000000000e+00 0.000000000000000000e+00 0.000000000000000000e+00
8.218429980789120348e-01 8.675348690232368432e-01 5.073862389026213560e-01 6.934496947738372219e-01 8.517149997414580342e-01 8.970558500627511256e-01 9.584582953936655603e-01
4.705572510070735737e-01 6.331337017398995792e-01 6.787866775055425572e-01 5.408502093031882785e-01 4.095691356642632841e-01 7.594157101816856326e-02 4.291837819230023277e-01
7.224799871259522666e-02 1.125906909149598512e-01 1.129017019478166933e-01 4.489422827279043182e-01 3.041728124117124010e-01 2.454689705067618355e-01 4.670387197994784745e-01
6.102183020251592538e-01 6.195218022586881368e-01 6.085407137344244211e-01 7.568501056969427765e-01 8.370944621973557265e-01 9.408677214283208690e-01 9.175421457631866007e-01
0.000000000000000000e+00 0.000000000000000000e+00 0.000000000000000000e+00 0.000000000000000000e+00 0.000000000000000000e+00 0.000000000000000000e+00 0.000000000000000000e+00
6.467132444352275966e-01 7.958112632876742643e-01 9.394377985380137908e-01 9.720408957642638903e-01 9.783535353719915451e-01 9.800738757717016858e-01 9.622808323817172438e-01
0.000000000000000000e+00 0.000000000000000000e+00 0.000000000000000000e+00 0.000000000000000000e+00 0.000000000000000000e+00 0.000000000000000000e+00 0.000000000000000000e+00
0.000000000000000000e+00 0.000000000000000000e+00 0.000000000000000000e+00 0.000000000000000000e+00 0.000000000000000000e+00 0.000000000000000000e+00 0.000000000000000000e+00
0.000000000000000000e+00 0.000000000000000000e+00 0.000000000000000000e+00 0.000000000000000000e+00 0.000000000000000000e+00 0.000000000000000000e+00 0.000000000000000000e+00
0.000000000000000000e+00 0.000000000000000000e+00 0.000000000000000000e+00 0.000000000000000000e+00 0.000000000000000000e+00 0.000000000000000000e+00 0.000000000000000000e+00
0.000000000000000000e+00 0.000000000000000000e+00 0.000000000000000000e+00 0.000000000000000000e+00 0.000000000000000000e+00 0.000000000000000000e+00 0.000000000000000000e+00
7.750234957449636530e-01 7.457320426566544924e-01 7.426184162799367439e-01 6.580154702281910684e-01 4.928878952477732112e-01 2.690871837506001452e-01 6.113465501537652669e-01
8.757389032393025907e-01 9.509427842892032023e-01 9.614897711581219530e-01 9.499604325747798006e-01 9.229654744909769892e-01 9.016649339348179470e-01 8.788753975202661106e-01
7.875958498901545202e-01 7.881918469782954739e-01 7.681096204566101315e-01 9.136630439961150874e-01 9.755245719476695054e-01 9.781607144005389776e-01 9.737417178477741908e-01
8.818753951145523740e-01 8.343534586939752584e-01 8.444820463466400362e-01 8.347124633510214498e-01 9.465244149685529962e-01 8.901120073846665592e-01 7.731408424662467027e-01
8.086594987038564497e-01 6.407036170426515520e-01 7.653439957276092498e-01 8.449007504945709179e-01 8.758532972399253325e-01 8.562793729571154255e-01 8.079588703357094559e-01
8.480573369508730419e-01 8.160169990391407113e-01 8.936287343135133066e-01 9.317790199663655848e-01 9.389436140464374470e-01 8.754936655603730022e-01 7.978929262453818838e-01
7.945623216649830844e-01 6.943927413129558079e-01 7.284948385097821388e-01 8.413878731468710237e-01 8.621683043671163338e-01 9.573633648506095772e-01 9.588418560860495488e-01
0.000000000000000000e+00 0.000000000000000000e+00 0.000000000000000000e+00 0.000000000000000000e+00 0.000000000000000000e+00 0.000000000000000000e+00 0.000000000000000000e+00
9.096805208105682716e-01 8.627837762676028310e-01 8.818475111707619885e-01 8.188662089570832858e-01 8.347754888443255084e-01 6.804092108612327383e-01 5.773140377652743460e-01
1.335253816066346022e-01 1.229031908698501319e-01 3.410527307986961909e-01 4.576717760468258511e-01 3.541143763616654838e-01 5.086667799573906246e-01 1.779641288699275181e-01
9.274338283596111898e-01 9.075439012456504306e-01 7.906206215400793935e-01 8.131202869433723501e-01 8.365356239577543818e-01 7.385459858988825399e-01 8.565825971712940357e-01
8.921311180599290624e-01 9.120407351004875540e-01 9.315015690121265513e-01 9.422344744848428766e-01 9.314244571427208186e-01 8.320198750883728289e-01 7.117347226827498430e-01
0.000000000000000000e+00 0.000000000000000000e+00 0.000000000000000000e+00 0.000000000000000000e+00 0.000000000000000000e+00 0.000000000000000000e+00 0.000000000000000000e+00
8.350747573394518009e-01 8.622223589914920217e-01 9.042180938905166609e-01 8.924300081825655706e-01 9.675262684092968968e-01 9.913144499293409240e-01 9.886311473615987389e-01
8.291619965321052055e-01 8.649138234655889823e-01 7.562599951381175911e-01 3.419549055400295523e-01 5.636724937499660859e-01 6.307410215554416499e-01 6.500089572231367852e-01
7.249841656422260083e-01 7.501715568333627848e-01 8.391158040226505133e-01 8.149235617247576613e-01 5.862363615742722800e-01 2.191161304523104314e-01 2.123095755959963360e-01
7.571569002547676730e-01 6.982141830276542560e-01 5.750748163162774373e-01 5.937087652944778027e-01 5.520164952920501023e-01 7.088720841703167741e-01 6.722924838347980048e-01
7.216544655956280696e-01 7.560800012919149937e-01 4.555072438955984904e-01 3.882129320204310563e-01 4.325936684842682234e-01 2.785117930385436202e-01 4.744941003066058816e-01
2.890759738900219311e-01 4.464969521547044740e-01 5.588632588384431221e-01 7.488009215095077220e-01 8.990950871237786135e-01 8.342785904122246299e-01 8.851839461578037138e-01
5.601680796131339735e-01 4.905933802152842582e-01 4.441015100001600158e-01 4.683310460604555581e-01 4.569009860734303263e-01 8.076282731437521845e-01 7.431839104578374933e-01
8.646151967695212548e-01 9.020818670008206031e-01 8.825576734488235209e-01 8.123171942301042892e-01 8.970408582484311610e-01 8.150703685990438041e-01 7.548216203128490509e-01
3.025939289332397752e-01 5.975589248509300955e-01 5.415616522441634162e-01 6.519236442195069925e-01 7.598141872623835891e-01 4.645118625789147471e-01 6.045171294374214188e-01
8.980690531355313144e-01 9.394815203836265338e-01 9.381010746057529825e-01 9.376304164567081934e-01 6.579932817901876785e-01 9.143573458408472965e-02 4.411307410532169238e-01
6.415752894348057955e-01 7.454677135873175597e-01 8.328887654175618493e-01 8.005249937846051766e-01 7.305790240201157637e-01 7.598021176647319352e-01 8.859283852633517142e-01
5.796370888776098962e-01 6.423724344000070197e-01 6.526292320186671825e-01 7.653161956156450119e-01 8.898430391206412216e-01 7.621979163973293669e-01 6.955438650620600072e-01
5.892486729321885219e-01 4.762323284691163394e-01 6.779770285965289744e-01 3.256651063261499224e-01 1.794726850574616950e-01 4.190487133830391175e-01 2.899536271051056380e-01
8.893705342840437789e-01 8.876690191712433009e-01 8.791316751006926777e-01 9.385155750034316346e-01 9.606046337686019454e-01 9.269154903158827175e-01 9.410476891323421578e-01
0.000000000000000000e+00 0.000000000000000000e+00 0.000000000000000000e+00 0.000000000000000000e+00 0.000000000000000000e+00 0.000000000000000000e+00 0.000000000000000000e+00
0.000000000000000000e+00 0.000000000000000000e+00 0.000000000000000000e+00 0.000000000000000000e+00 0.000000000000000000e+00 0.000000000000000000e+00 0.000000000000000000e+00
7.874096125309913985e-01 7.616688176566993596e-01 8.500684338181907496e-01 7.197522512689743523e-01 4.440506643207868254e-01 2.114068991686302579e-01 6.424713483197724839e-01
7.329277441630291934e-01 7.140904103897453004e-01 6.005498522350479762e-01 7.100577807343576575e-01 8.543122622309434755e-01 6.632068680884577461e-01 4.668626675652362001e-01
6.642919981587133149e-01 6.537858296092847743e-01 4.728866453162011152e-01 6.051907155368978497e-01 7.130453593061307771e-01 7.807575893591067739e-01 9.437924599001653592e-01
0.000000000000000000e+00 0.000000000000000000e+00 0.000000000000000000e+00 0.000000000000000000e+00 0.000000000000000000e+00 0.000000000000000000e+00 0.000000000000000000e+00
4.096734986936558798e-01 4.751770484743475520e-01 7.128903956279981635e-01 6.576922713456068159e-01 8.111189445442639201e-01 9.704143472800098591e-01 9.911902721149201678e-01
8.436937426642060478e-01 7.245524033005765752e-01 7.761181690371947717e-01 7.123101178233862685e-01 5.872192082565697024e-01 5.482078735608099107e-01 8.021278545296856022e-01
0.000000000000000000e+00 0.000000000000000000e+00 0.000000000000000000e+00 0.000000000000000000e+00 0.000000000000000000e+00 0.000000000000000000e+00 0.000000000000000000e+00
0.000000000000000000e+00 0.000000000000000000e+00 0.000000000000000000e+00 0.000000000000000000e+00 0.000000000000000000e+00 0.000000000000000000e+00 0.000000000000000000e+00
0.000000000000000000e+00 0.000000000000000000e+00 0.000000000000000000e+00 0.000000000000000000e+00 0.000000000000000000e+00 0.000000000000000000e+00 0.000000000000000000e+00
0.000000000000000000e+00 0.000000000000000000e+00 0.000000000000000000e+00 0.000000000000000000e+00 0.000000000000000000e+00 0.000000000000000000e+00 0.000000000000000000e+00
6.849003927382465440e-01 6.905887240941959160e-01 6.331502274129501284e-01 6.482289739709959919e-01 8.182335641875733145e-01 6.058433331322007342e-01 6.014715122393440305e-01
6.910152181932538440e-01 4.880685382810616701e-01 8.038810799582108979e-01 8.657215423677361299e-01 7.901047010746915511e-01 6.442580707983907029e-01 7.800437041865759813e-01
9.001922674344020603e-01 8.971661542871433026e-01 8.336819730322980737e-01 8.721745618246976584e-01 7.791162377225990809e-01 6.381260722615610392e-01 5.761953409279041427e-01
8.199742871920481235e-01 7.831237217697420983e-01 8.148473788883122682e-01 9.025374852618840427e-01 9.035713628771251393e-01 6.469613518872886493e-01 2.486683900739450337e-01
0.000000000000000000e+00 0.000000000000000000e+00 0.000000000000000000e+00 0.000000000000000000e+00 0.000000000000000000e+00 0.000000000000000000e+00 0.000000000000000000e+00
6.039345724938243176e-01 7.605174931876497180e-01 8.100240372648546128e-01 7.887760332426567711e-01 8.589211230172920652e-01 8.361563625366165153e-01 9.481844482002700358e-01
0.000000000000000000e+00 0.000000000000000000e+00 0.000000000000000000e+00 0.000000000000000000e+00 0.000000000000000000e+00 0.000000000000000000e+00 0.000000000000000000e+00
8.684306623782488410e-01 8.681600799844018113e-01 9.323510119295330689e-01 9.384764070793848445e-01 9.059273060678348921e-01 6.500188788915730598e-01 5.740489091739425787e-01
7.234219071148175750e-01 8.448331936508204354e-01 8.008781298835122575e-01 7.085426513039448926e-01 6.043544785921881601e-01 5.399724884497202337e-01 8.465069463185400656e-01
