0.000000000000000000e+00 0.000000000000000000e+00 0.000000000000000000e+00 0.000000000000000000e+00 0.000000000000000000e+00 0.000000000000000000e+00 0.000000000000000000e+00
5.854490353745973152e+00 5.604490353745973152e+00 4.354490353745973152e+00 8.544903537459731524e-01 1.044903537459731524e-01 3.544903537459731524e-01 3.578544903537459732e+02
2.873819942103381209e+00 2.412381994210338121e+01 3.812381994210338121e+01 2.962381994210338121e+01 3.511238199421034096e+02 3.503738199421034096e+02 6.373819942103381209e+00
1.219520855610835497e+01 1.244520855610835497e+01 1.169520855610835497e+01 1.119520855610835497e+01 1.169520855610835497e+01 6.695208556108354969e+00 1.194520855610835497e+01
8.769577873965829440e+00 7.519577873965829440e+00 8.269577873965829440e+00 1.176957787396582944e+01 9.269577873965829440e+00 3.317695778739658294e+02 3.019577873965829440e+00
1.500527796276401205e+00 3.597505277962764012e+02 3.572505277962764012e+02 3.557505277962764012e+02 3.552505277962764012e+02 3.535005277962764012e+02 1.250527796276401205e+00
1.975330533410067346e+01 1.925330533410067346e+01 1.800330533410067346e+01 1.750330533410067346e+01 2.525330533410067346e+01 1.475330533410067346e+01 2.503305334100673463e+00
2.812927852472557788e+01 2.812927852472557788e+01 2.712927852472557788e+01 2.687927852472557788e+01 3.862927852472557788e+01 3.237927852472557788e+01 3.587927852472557788e+01
0.000000000000000000e+00 0.000000000000000000e+00 0.000000000000000000e+00 0.000000000000000000e+00 0.000000000000000000e+00 0.000000000000000000e+00 0.000000000000000000e+00
4.012039849850197015e+00 2.251203984985019702e+01 3.401203984985019702e+01 3.001203984985019702e+01 3.575120398498502254e+02 3.395120398498502254e+02 1.203984985019701526e-02
2.729907366547746506e+01 2.729907366547746506e+01 2.479907366547746506e+01 2.404907366547746506e+01 2.604907366547746506e+01 3.854907366547746506e+01 4.704907366547746506e+01
3.792790981675778994e+01 3.517790981675778994e+01 2.317790981675778994e+01 1.967790981675778994e+01 1.167790981675778994e+01 1.192790981675778994e+01 2.492790981675778994e+01
2.493116291667064388e+01 1.718116291667064388e+01 3.569311629166706439e+02 3.249311629166706439e+02 3.151811629166706439e+02 2.681162916670643881e+00 1.968116291667064388e+01
0.000000000000000000e+00 0.000000000000000000e+00 0.000000000000000000e+00 0.000000000000000000e+00 0.000000000000000000e+00 0.000000000000000000e+00 0.000000000000000000e+00
3.329045320252131432e+02 3.341545320252131432e+02 3.361545320252131432e+02 3.374045320252131432e+02 3.374045320252131432e+02 3.374045320252131432e+02 3.351545320252131432e+02
0.000000000000000000e+00 0.000000000000000000e+00 0.000000000000000000e+00 0.000000000000000000e+00 0.000000000000000000e+00 0.000000000000000000e+00 0.000000000000000000e+00
0.000000000000000000e+00 0.000000000000000000e+00 0.000000000000000000e+00 0.000000000000000000e+00 0.000000000000000000e+00 0.000000000000000000e+00 0.000000000000000000e+00
0.000000000000000000e+00 0.000000000000000000e+00 0.000000000000000000e+00 0.000000000000000000e+00 0.000000000000000000e+00 0.000000000000000000e+00 0.000000000000000000e+00
0.000000000000000000e+00 0.000000000000000000e+00 0.000000000000000000e+00 0.000000000000000000e+00 0.000000000000000000e+00 0.000000000000000000e+00 0.000000000000000000e+00
0.000000000000000000e+00 0.000000000000000000e+00 0.000000000000000000e+00 0.000000000000000000e+00 0.000000000000000000e+00 0.000000000000000000e+00 0.000000000000000000e+00
3.216417989058561488e+01 2.966417989058561488e+01 2.491417989058561488e+01 1.991417989058561488e+01 1.941417989058561488e+01 2.691417989058561488e+01 7.164179890585614885e+00
3.102261479529829558e+00 1.352261479529829558e+00 2.102261479529829558e+00 1.352261479529829558e+00 3.561022614795298296e+02 3.251022614795298296e+02 3.578522614795298296e+02
1.053453227257290337e+01 2.503453227257290337e+01 2.803453227257290337e+01 2.803453227257290337e+01 2.528453227257290337e+01 2.828453227257290337e+01 2.053453227257290337e+01
4.607064330796788454e+00 1.857064330796788454e+00 3.570643307967884539e-01 1.070643307967884539e-01 3.576070643307967885e+02 3.576070643307967885e+02 5.357064330796788454e+00
1.315963934536253532e+01 1.540963934536253532e+01 3.615963934536253532e+01 4.990963934536253532e+01 2.965963934536253532e+01 3.534096393453625069e+02 3.581596393453625069e+02
3.430993438654405736e+02 3.335993438654405736e+02 3.233493438654405736e+02 3.310993438654405736e+02 3.380993438654405736e+02 3.268493438654405736e+02 3.258493438654405736e+02
3.435968531672194786e+02 3.388468531672194786e+02 3.395968531672194786e+02 3.405968531672194786e+02 3.370968531672194786e+02 3.380968531672194786e+02 3.428468531672194786e+02
0.000000000000000000e+00 0.000000000000000000e+00 0.000000000000000000e+00 0.000000000000000000e+00 0.000000000000000000e+00 0.000000000000000000e+00 0.000000000000000000e+00
3.543121960351925281e+02 3.543121960351925281e+02 3.540621960351925281e+02 3.543121960351925281e+02 3.528121960351925281e+02 3.545621960351925281e+02 3.548121960351925281e+02
3.410194406555312412e+02 4.269440655531241191e+00 9.019440655531241191e+00 3.310194406555312412e+02 3.147694406555312412e+02 5.351944065553124119e+01 7.426944065553124119e+01
3.418744312334227970e+02 3.413744312334227970e+02 3.413744312334227970e+02 3.426244312334227970e+02 3.423744312334227970e+02 3.291244312334227970e+02 3.346244312334227970e+02
3.575999178588732548e+02 3.558499178588732548e+02 3.558499178588732548e+02 3.525999178588732548e+02 3.553499178588732548e+02 6.849917858873268983e+00 1.509991785887326898e+01
0.000000000000000000e+00 0.000000000000000000e+00 0.000000000000000000e+00 0.000000000000000000e+00 0.000000000000000000e+00 0.000000000000000000e+00 0.000000000000000000e+00
2.260108891101089057e+01 3.035108891101089057e+01 4.035108891101089057e+01 2.485108891101089057e+01 1.560108891101089057e+01 1.435108891101089057e+01 1.435108891101089057e+01
3.427800842876462184e+02 3.395300842876462184e+02 3.375300842876462184e+02 3.295300842876462184e+02 3.170300842876462184e+02 3.222800842876462184e+02 3.522800842876462184e+02
8.825314732851472854e+01 5.775314732851472854e+01 3.557531473285147285e+02 3.320031473285147285e+02 3.325031473285147285e+02 3.625314732851472854e+01 5.325314732851472854e+01
3.522260593067566106e+02 1.622605930675659636e+01 1.397605930675659636e+01 4.726059306756596357e+00 5.976059306756596357e+00 1.297605930675659636e+01 9.726059306756596357e+00
2.683874151148160081e+01 2.658874151148160081e+01 2.558874151148160081e+01 2.583874151148160081e+01 2.708874151148160081e+01 3.233874151148160081e+01 5.108874151148160081e+01
4.222467476856871826e+01 3.972467476856871826e+01 4.347467476856871826e+01 4.947467476856871826e+01 4.822467476856871826e+01 5.372467476856871826e+01 5.847467476856871826e+01
3.489819426543988357e+01 4.939819426543988357e+01 4.639819426543988357e+01 3.464819426543988357e+01 1.839819426543988357e+01 1.314819426543988357e+01 1.664819426543988357e+01
3.425575917597874422e+02 3.388075917597874422e+02 3.323075917597874422e+02 3.265575917597874422e+02 3.290575917597874422e+02 3.478075917597874422e+02 3.553075917597874422e+02
3.142746702469696629e+02 2.902746702469696629e+02 2.955246702469696629e+02 3.317746702469696629e+02 3.530246702469696629e+02 3.597746702469696629e+02 7.774670246969662912e+00
1.117914505019143689e+00 8.679145050191436894e-01 3.588679145050191437e+02 3.561179145050191437e+02 3.536179145050191437e+02 3.403679145050191437e+02 3.121179145050191437e+02
3.560949249949880482e+02 9.492499498806239444e-02 3.443449249949880482e+02 3.328449249949880482e+02 3.505949249949880482e+02 4.844924994988062394e+00 3.094924994988062394e+00
3.410526385099877302e+02 3.370526385099877302e+02 3.340526385099877302e+02 3.310526385099877302e+02 3.330526385099877302e+02 3.375526385099877302e+02 3.450526385099877302e+02
3.205862736938229318e+01 1.155862736938229318e+01 3.250586273693822932e+02 3.048086273693822932e+02 4.430862736938229318e+01 6.955862736938229318e+01 4.305862736938229318e+01
3.454473238715690400e+02 3.441973238715690400e+02 3.429473238715690400e+02 3.426973238715690400e+02 3.416973238715690400e+02 3.404473238715690400e+02 3.409473238715690400e+02
0.000000000000000000e+00 0.000000000000000000e+00 0.000000000000000000e+00 0.000000000000000000e+00 0.000000000000000000e+00 0.000000000000000000e+00 0.000000000000000000e+00
0.000000000000000000e+00 0.000000000000000000e+00 0.000000000000000000e+00 0.000000000000000000e+00 0.000000000000000000e+00 0.000000000000000000e+00 0.000000000000000000e+00
2.802107589088251416e+01 2.802107589088251416e+01 2.502107589088251416e+01 2.627107589088251416e+01 3.077107589088251416e+01 3.777107589088251416e+01 3.677107589088251416e+01
1.483306601295203109e+01 1.583306601295203109e+01 1.608306601295203109e+01 1.308306601295203109e+01 9.583066012952031087e+00 5.833066012952031087e+00 8.083066012952031087e+00
1.339467457286582430e+01 1.739467457286582430e+01 2.089467457286582430e+01 2.339467457286582430e+01 2.164467457286582430e+01 8.894674572865824302e+00 1.064467457286582430e+01
0.000000000000000000e+00 0.000000000000000000e+00 0.000000000000000000e+00 0.000000000000000000e+00 0.000000000000000000e+00 0.000000000000000000e+00 0.000000000000000000e+00
3.425548448487003270e+02 1.605484484870032702e+01 3.705484484870032702e+01 2.330484484870032702e+01 2.030484484870032702e+01 2.180484484870032702e+01 2.455484484870032702e+01
3.564402659256967354e+02 1.269026592569673539e+01 2.069026592569673539e+01 1.919026592569673539e+01 1.519026592569673539e+01 2.069026592569673539e+01 2.469026592569673539e+01
0.000000000000000000e+00 0.000000000000000000e+00 0.000000000000000000e+00 0.000000000000000000e+00 0.000000000000000000e+00 0.000000000000000000e+00 0.000000000000000000e+00
0.000000000000000000e+00 0.000000000000000000e+00 0.000000000000000000e+00 0.000000000000000000e+00 0.000000000000000000e+00 0.000000000000000000e+00 0.000000000000000000e+00
0.000000000000000000e+00 0.000000000000000000e+00 0.000000000000000000e+00 0.000000000000000000e+00 0.000000000000000000e+00 0.000000000000000000e+00 0.000000000000000000e+00
0.000000000000000000e+00 0.000000000000000000e+00 0.000000000000000000e+00 0.000000000000000000e+00 0.000000000000000000e+00 0.000000000000000000e+00 0.000000000000000000e+00
2.689203948126623800e+01 2.539203948126623800e+01 2.364203948126623800e+01 2.214203948126623800e+01 2.014203948126623800e+01 3.864203948126623800e+01 3.920394812662379991e-01
3.423322099880452924e+02 3.420822099880452924e+02 3.425822099880452924e+02 3.428322099880452924e+02 3.390822099880452924e+02 3.330822099880452924e+02 3.390822099880452924e+02
5.770657502887502233e+00 4.270657502887502233e+00 2.520657502887502233e+00 7.706575028875022326e-01 3.547706575028875022e+02 3.487706575028875022e+02 3.557706575028875022e+02
3.370760284585586533e+02 3.430760284585586533e+02 3.510760284585586533e+02 3.435760284585586533e+02 3.325760284585586533e+02 3.253260284585586533e+02 3.390760284585586533e+02
0.000000000000000000e+00 0.000000000000000000e+00 0.000000000000000000e+00 0.000000000000000000e+00 0.000000000000000000e+00 0.000000000000000000e+00 0.000000000000000000e+00
3.094082584011192694e+01 3.419082584011192694e+01 4.894082584011192694e+01 3.469082584011192694e+01 3.524408258401119269e+02 3.579408258401119269e+02 7.440825840111926937e+00
0.000000000000000000e+00 0.000000000000000000e+00 0.000000000000000000e+00 0.000000000000000000e+00 0.000000000000000000e+00 0.000000000000000000e+00 0.000000000000000000e+00
1.528422007442691211e+01 1.203422007442691211e+01 1.103422007442691211e+01 1.078422007442691211e+01 1.028422007442691211e+01 8.034220074426912106e+00 6.284220074426912106e+00
1.498187083835739486e+01 8.231870838357394859e+00 7.231870838357394859e+00 1.848187083835739486e+01 3.348187083835739486e+01 3.548187083835739486e+01 2.598187083835739486e+01
