8.435172124525017745e-01 8.739381618949105812e-01 7.047554910708673237e-01 5.597208241372338966e-01 4.736875467803278728e-01 4.290985591508585939e-01 3.704083298230181898e-01
8.687083428810775665e-01 8.950592683173161923e-01 8.412458172549523994e-01 7.351274140648013100e-01 7.972890748998310295e-01 8.757196133419065109e-01 7.885128689472482577e-01
9.484327730709963822e-01 9.344647006223324448e-01 9.300657947998740571e-01 9.270801017264156396e-01 8.237201502252928798e-01 7.524099398998210786e-01 9.539217101723422854e-01
9.111025861792887426e-01 9.374484233396395139e-01 9.656254259902603554e-01 9.776459059432254239e-01 9.710794363327556189e-01 8.646411721319162691e-01 7.980214396740047400e-01
8.921710912356575207e-01 9.259064616577734608e-01 9.513503371476514925e-01 9.450960087416085953e-01 8.959213615572280132e-01 6.501356046753153928e-01 8.735938152291425896e-01
9.600694715133286650e-01 9.758126127848611997e-01 9.774898264752527322e-01 9.755927035799284441e-01 9.640168159638330403e-01 9.415153532413036430e-01 7.702272663861328139e-01
8.437258349559848547e-01 8.413013279695494839e-01 8.832483112010255377e-01 8.835713563519822511e-01 8.356873205674696381e-01 5.025091727114909812e-01 8.504753582279958035e-01
9.199706407759830062e-01 9.346771840975427459e-01 9.070171574482860377e-01 8.542210596764517883e-01 9.088030190286535692e-01 7.319046234649336791e-01 6.498406702300474347e-01
0.000000000000000000e+00 0.000000000000000000e+00 0.000000000000000000e+00 0.000000000000000000e+00 0.000000000000000000e+00 0.000000000000000000e+00 0.000000000000000000e+00
9.426243981268715988e-01 9.343495979985063649e-01 9.298832516032555784e-01 9.190778033695755633e-01 8.948669874842276606e-01 7.120899032384533367e-01 8.866989344641852400e-01
8.951414750196300396e-01 9.078372138469877894e-01 9.269116688041825203e-01 9.322720764099867718e-01 7.781701611656199891e-01 4.777046332071532841e-01 5.147132997932774012e-01
6.277136689815697723e-01 6.812583085093063540e-01 5.675385976373306107e-01 4.692589349180990577e-01 6.205147406415882916e-01 6.080381366824925138e-01 5.813395795731144400e-01
9.265065859959158434e-01 9.137489004179608632e-01 9.137852094054739194e-01 8.375045675981239723e-01 8.637995120952434158e-01 7.920498587202196017e-01 7.629914044068355494e-01
0.000000000000000000e+00 0.000000000000000000e+00 0.000000000000000000e+00 0.000000000000000000e+00 0.000000000000000000e+00 0.000000000000000000e+00 0.000000000000000000e+00
9.675466335531900386e-01 9.706443972160057054e-01 9.785487558902419281e-01 9.868605460178958566e-01 9.923219417487288974e-01 9.871231237005311243e-01 9.847400321095740594e-01
0.000000000000000000e+00 0.000000000000000000e+00 0.000000000000000000e+00 0.000000000000000000e+00 0.000000000000000000e+00 0.000000000000000000e+00 0.000000000000000000e+00
0.000000000000000000e+00 0.000000000000000000e+00 0.000000000000000000e+00 0.000000000000000000e+00 0.000000000000000000e+00 0.000000000000000000e+00 0.000000000000000000e+00
0.000000000000000000e+00 0.000000000000000000e+00 0.000000000000000000e+00 0.000000000000000000e+00 0.000000000000000000e+00 0.000000000000000000e+00 0.000000000000000000e+00
0.000000000000000000e+00 0.000000000000000000e+00 0.000000000000000000e+00 0.000000000000000000e+00 0.000000000000000000e+00 0.000000000000000000e+00 0.000000000000000000e+00
0.000000000000000000e+00 0.000000000000000000e+00 0.000000000000000000e+00 0.000000000000000000e+00 0.000000000000000000e+00 0.000000000000000000e+00 0.000000000000000000e+00
9.101276059533434104e-01 9.027419991789974452e-01 8.745257517089017885e-01 9.344465056126763924e-01 9.601373210922182766e-01 8.931278320558267980e-01 9.238947028553494700e-01
9.150845223051943256e-01 9.446785548407399258e-01 9.476121853500605319e-01 9.060228202949677234e-01 8.910936826314580506e-01 8.267774353741412785e-01 9.343417247071039711e-01
9.084898210077417824e-01 9.195891104719635667e-01 9.034892096717066501e-01 9.274171877160668487e-01 9.445926798151970116e-01 9.357886297497586270e-01 9.533972955000943328e-01
9.150895951094265568e-01 9.710420209401685598e-01 9.821786341358254013e-01 9.864960618960663119e-01 9.837594497146886496e-01 9.611354743012330282e-01 8.703791381987505682e-01
7.637157339366106301e-01 8.143051798573655020e-01 6.942838621444747949e-01 4.143715022421007310e-01 4.435196662345570195e-01 6.848438212292102811e-01 8.935280314138990265e-01
9.727980599638420545e-01 9.618526536557999718e-01 9.760418507509716068e-01 9.812809002616502685e-01 9.872879422748679357e-01 9.247735634314760977e-01 9.110051819509301652e-01
9.128201310662863444e-01 9.526349506993472271e-01 9.727998941452392634e-01 9.704722065417810128e-01 9.615828973727275075e-01 8.594469517506329037e-01 7.450920967164842423e-01
0.000000000000000000e+00 0.000000000000000000e+00 0.000000000000000000e+00 0.000000000000000000e+00 0.000000000000000000e+00 0.000000000000000000e+00 0.000000000000000000e+00
9.401074554665437288e-01 9.720931170929257847e-01 9.823424912717252377e-01 9.887728779572555471e-01 9.874378081852205336e-01 9.622113387285677888e-01 8.029118866108598818e-01
8.910963578437376409e-01 7.592244828352674446e-01 7.450289017973426020e-01 7.903376873396070756e-01 6.132800257183147474e-01 2.871571324680580739e-01 4.370525925216802721e-01
9.592980867788649668e-01 9.632258024931283913e-01 9.736080867314073073e-01 9.773248378799964664e-01 9.584625998760379906e-01 8.623101099626768740e-01 8.896733555929102755e-01
7.126443625180267638e-01 5.914250926248340035e-01 6.493958883770365453e-01 7.856581420754862322e-01 8.616544996309377646e-01 8.935937849358291940e-01 6.197016609098351392e-01
0.000000000000000000e+00 0.000000000000000000e+00 0.000000000000000000e+00 0.000000000000000000e+00 0.000000000000000000e+00 0.000000000000000000e+00 0.000000000000000000e+00
8.409971362212375068e-01 8.611446799480403369e-01 8.772512794497501210e-01 9.272726010144030084e-01 9.094009403661831303e-01 9.427125241017921820e-01 9.250948902275666352e-01
9.760341466633568608e-01 9.640085855523788938e-01 9.665553804277984273e-01 9.679366654265088021e-01 9.266601432936854010e-01 5.472556648281061698e-01 2.993690446911743130e-01
7.372608319920210818e-01 7.633357389779982238e-01 8.460602746601798563e-01 9.561593955621794372e-01 9.672504157863921481e-01 8.613859477783080143e-01 7.741185840189150902e-01
8.617462043862901266e-01 9.193024531873739136e-01 9.500337379315804132e-01 9.683881063526037503e-01 9.695759183147550919e-01 9.519426879856088819e-01 9.676491569112305458e-01
8.566974653070440482e-01 8.616925714191120411e-01 5.584350920882654723e-01 5.421116868059098204e-01 7.155535058807254156e-01 6.616106298749260262e-01 2.855871075479647359e-01
8.985114662723091561e-01 8.973116148051014651e-01 8.122230923596895913e-01 7.013479360141432473e-01 6.412077112646917820e-01 5.988123319438518610e-01 4.675980890923604472e-01
6.341362135324326577e-01 6.678779840545597812e-01 5.902053594479286236e-01 5.665107172104834055e-01 5.966145410433921770e-01 6.031717999781059936e-01 5.851985573757729764e-01
9.272227924993381443e-01 9.486425915979597168e-01 9.700486648778590126e-01 9.701917745382586666e-01 9.796765210041021854e-01 9.809861836540687552e-01 8.942460787922122956e-01
0.000000000000000000e+00 0.000000000000000000e+00 0.000000000000000000e+00 0.000000000000000000e+00 0.000000000000000000e+00 0.000000000000000000e+00 0.000000000000000000e+00
9.573902030074671332e-01 9.711459296501675498e-01 9.781935539179632544e-01 9.750967107240416931e-01 9.531857023190363210e-01 5.080483495439751529e-01 1.139035411995520247e-01
8.342059818504340418e-01 8.713194614681487593e-01 8.185823332551289688e-01 7.913020521627965875e-01 8.967997826687168494e-01 9.713156019187010326e-01 9.682595951793384614e-01
9.411738951313209922e-01 9.150737167769752434e-01 9.518031173103629339e-01 9.670579846999169948e-01 9.635316266494000637e-01 9.720555418532860203e-01 9.109041723276002367e-01
8.603623977874204076e-01 7.961330826435196739e-01 8.946144188130842334e-01 7.545530692259454497e-01 7.201054343454156292e-01 5.847244968549634159e-01 6.297248546109966982e-01
9.710206377017542856e-01 9.838089478032819857e-01 9.926831676875291777e-01 9.959829404982840639e-01 9.960873741200348963e-01 9.909574421849286496e-01 9.882688958962165815e-01
0.000000000000000000e+00 0.000000000000000000e+00 0.000000000000000000e+00 0.000000000000000000e+00 0.000000000000000000e+00 0.000000000000000000e+00 0.000000000000000000e+00
0.000000000000000000e+00 0.000000000000000000e+00 0.000000000000000000e+00 0.000000000000000000e+00 0.000000000000000000e+00 0.000000000000000000e+00 0.000000000000000000e+00
8.556484778664049662e-01 9.012960338102022906e-01 5.104353444220899316e-01 4.335237800016612519e-01 8.508794976973312885e-01 6.367252873190532014e-01 4.488595966268322246e-01
8.647620797118424907e-01 9.100690293830469013e-01 9.571045563595632633e-01 9.600735596125276050e-01 8.633649472405794389e-01 6.339317547027309985e-01 8.843157301403004045e-01
6.665618746120541838e-01 8.437230769684792575e-01 9.118221396050978367e-01 8.948881730203853690e-01 8.903405069663186122e-01 7.974087013320292350e-01 8.170230031337513132e-01
0.000000000000000000e+00 0.000000000000000000e+00 0.000000000000000000e+00 0.000000000000000000e+00 0.000000000000000000e+00 0.000000000000000000e+00 0.000000000000000000e+00
8.283261760747931968e-01 8.919949911738442871e-01 7.562385721630530133e-01 7.787666833971452762e-01 7.202509884607838364e-01 7.688910696513859833e-01 9.443542017410755385e-01
9.225115126032235047e-01 9.173421968085013756e-01 9.457110070323105910e-01 8.930488761426091937e-01 6.686359016178239356e-01 5.802292232972123820e-01 8.839815451534338564e-01
0.000000000000000000e+00 0.000000000000000000e+00 0.000000000000000000e+00 0.000000000000000000e+00 0.000000000000000000e+00 0.000000000000000000e+00 0.000000000000000000e+00
0.000000000000000000e+00 0.000000000000000000e+00 0.000000000000000000e+00 0.000000000000000000e+00 0.000000000000000000e+00 0.000000000000000000e+00 0.000000000000000000e+00
0.000000000000000000e+00 0.000000000000000000e+00 0.000000000000000000e+00 0.000000000000000000e+00 0.000000000000000000e+00 0.000000000000000000e+00 0.000000000000000000e+00
0.000000000000000000e+00 0.000000000000000000e+00 0.000000000000000000e+00 0.000000000000000000e+00 0.000000000000000000e+00 0.000000000000000000e+00 0.000000000000000000e+00
9.369069840987425124e-01 9.061206507145513900e-01 8.988609526958508678e-01 9.154890056047534364e-01 9.118218082222598886e-01 5.705301070289127141e-01 6.636887087672863617e-01
9.388761892805913556e-01 9.487137601230257733e-01 9.597610162264739175e-01 9.758037855977351738e-01 9.786200058421749004e-01 5.617165398798780185e-01 3.260486771690108698e-01
8.864509447550928956e-01 9.489080597169629039e-01 9.715346545367470332e-01 9.386510688513877154e-01 9.194556525357727716e-01 8.839179463039221751e-01 6.662011171241708496e-01
9.791212816650974871e-01 9.725295073642240551e-01 9.700577414002655718e-01 9.471605902169235591e-01 8.506632004588803309e-01 7.488059650010153723e-01 6.349838553301222488e-01
0.000000000000000000e+00 0.000000000000000000e+00 0.000000000000000000e+00 0.000000000000000000e+00 0.000000000000000000e+00 0.000000000000000000e+00 0.000000000000000000e+00
8.479101118761501743e-01 9.276923996988813981e-01 9.211630628023831369e-01 8.997207639983405558e-01 9.390373600448087554e-01 9.519473485644833755e-01 8.124794735941818224e-01
0.000000000000000000e+00 0.000000000000000000e+00 0.000000000000000000e+00 0.000000000000000000e+00 0.000000000000000000e+00 0.000000000000000000e+00 0.000000000000000000e+00
8.891392969435705229e-01 9.292156202722966496e-01 9.630571632512315849e-01 9.856990383916500731e-01 9.853754594129756628e-01 9.366048899453981447e-01 4.498633665692796102e-01
8.393668227888377853e-01 8.284209418643166956e-01 7.741724738980531040e-01 9.079169690547191918e-01 7.881350465134028260e-01 8.052166416297590334e-01 9.532637797892392628e-01
