8.108828446287800196e-01 6.140214871063376378e-01 5.041131407922317953e-01 4.897572789870494603e-01 5.349630709635466719e-01 4.845238967682906628e-01 2.812161275745155842e-01
9.597032558502457400e-01 9.489764866217754724e-01 9.062686997273526890e-01 8.643865930871635905e-01 8.900926919780400848e-01 9.708178099893282065e-01 9.850582705002072226e-01
9.741430936215034198e-01 9.655290403761391804e-01 9.258837464064901823e-01 8.635249131339590711e-01 7.796169602619243966e-01 9.267178766367505371e-01 9.607322928139622187e-01
9.835264814887112461e-01 9.900339953394526882e-01 9.896780536031736242e-01 9.853884984530493218e-01 9.779982941014487841e-01 9.649544374422263093e-01 9.061107336837310733e-01
9.786908500717115267e-01 9.792561065288190036e-01 9.718586091561982609e-01 9.683961990085780958e-01 9.656761034540917166e-01 9.067153135698927668e-01 8.684111739363677973e-01
9.780365721071682117e-01 9.809580007340795715e-01 9.842732813809128567e-01 9.882719364545831109e-01 9.784245072376700492e-01 9.484918157434907293e-01 9.452270090645629175e-01
9.712115694828448165e-01 9.753627212930697787e-01 9.799947973022378189e-01 9.701247458054065298e-01 9.524397214423062641e-01 6.888184468921831893e-01 7.014439447144774631e-01
9.662377480837359700e-01 9.591868059326168483e-01 9.530722590979714415e-01 9.361959107007170600e-01 8.746851869663784251e-01 6.358919501327233714e-01 7.841764981893144526e-01
0.000000000000000000e+00 0.000000000000000000e+00 0.000000000000000000e+00 0.000000000000000000e+00 0.000000000000000000e+00 0.000000000000000000e+00 0.000000000000000000e+00
9.481871507454574521e-01 9.467264809455123720e-01 8.936831379471139591e-01 8.493639918925605103e-01 6.806953772961054083e-01 8.845823642431653866e-01 9.203097414941817656e-01
9.676148346314528137e-01 9.603558657179543934e-01 9.445846156975861163e-01 8.735859206144541700e-01 8.704269101752690752e-01 3.941663792943820854e-01 3.857988659539699494e-01
6.636469015482548972e-01 4.919087310469316687e-01 5.938101216889675182e-01 6.458017104174182954e-01 7.261641308118936822e-01 6.814308668712817374e-01 5.726694435253302240e-01
9.781567580338620393e-01 9.621013755681027124e-01 9.445360745071582631e-01 8.061399011727974351e-01 8.561169121898951628e-01 7.669339250712595701e-01 6.972033687718188766e-01
0.000000000000000000e+00 0.000000000000000000e+00 0.000000000000000000e+00 0.000000000000000000e+00 0.000000000000000000e+00 0.000000000000000000e+00 0.000000000000000000e+00
9.879133197155581803e-01 9.898051801464464727e-01 9.842098235410153828e-01 9.708210909221089979e-01 9.815968494759530483e-01 9.888649805968281470e-01 9.955206399039080445e-01
0.000000000000000000e+00 0.000000000000000000e+00 0.000000000000000000e+00 0.000000000000000000e+00 0.000000000000000000e+00 0.000000000000000000e+00 0.000000000000000000e+00
0.000000000000000000e+00 0.000000000000000000e+00 0.000000000000000000e+00 0.000000000000000000e+00 0.000000000000000000e+00 0.000000000000000000e+00 0.000000000000000000e+00
0.000000000000000000e+00 0.000000000000000000e+00 0.000000000000000000e+00 0.000000000000000000e+00 0.000000000000000000e+00 0.000000000000000000e+00 0.000000000000000000e+00
0.000000000000000000e+00 0.000000000000000000e+00 0.000000000000000000e+00 0.000000000000000000e+00 0.000000000000000000e+00 0.000000000000000000e+00 0.000000000000000000e+00
0.000000000000000000e+00 0.000000000000000000e+00 0.000000000000000000e+00 0.000000000000000000e+00 0.000000000000000000e+00 0.000000000000000000e+00 0.000000000000000000e+00
8.992151231540681522e-01 9.557941320738535529e-01 9.646196080817184271e-01 9.553487348252134304e-01 9.728110095380020361e-01 9.493352438555239248e-01 9.447363210340198325e-01
9.742755596946955921e-01 9.873459308855430105e-01 9.825779173035772418e-01 9.224061556032279174e-01 9.444922390750393193e-01 8.573217419178955634e-01 9.437952632398025621e-01
9.011077855829487948e-01 9.332377391938470046e-01 9.226433827751471251e-01 8.771993058968448054e-01 8.772556043785887381e-01 7.933366638808809768e-01 5.873970522778032555e-01
9.778223624208766118e-01 9.859805113273730770e-01 9.880525706788930718e-01 9.888478421624020687e-01 9.816625625258142973e-01 9.562852409424091871e-01 9.278611809572970825e-01
8.335957668417426358e-01 8.159123806271227908e-01 7.235020271101388900e-01 6.469222399145188040e-01 5.206994549668376715e-01 8.176095122633609824e-01 9.477844424120382971e-01
9.746709390407807261e-01 9.812626631520473541e-01 9.761772377852885318e-01 9.731570189955872641e-01 9.810931101828458401e-01 9.570027895285867503e-01 8.014282102897998250e-01
9.766936074478711483e-01 9.612545566728579738e-01 9.568814408859378506e-01 9.502397636770948397e-01 9.030058485126428724e-01 8.809504508860236394e-01 9.407798958117911114e-01
0.000000000000000000e+00 0.000000000000000000e+00 0.000000000000000000e+00 0.000000000000000000e+00 0.000000000000000000e+00 0.000000000000000000e+00 0.000000000000000000e+00
9.748137006830224216e-01 9.838538032185499826e-01 9.913984034733556161e-01 9.883503087349924110e-01 9.736841883988281987e-01 9.484850644989487600e-01 9.296110452798085344e-01
6.975999774926268104e-01 8.103610961157585724e-01 8.306926992049225023e-01 7.337434674659482070e-01 6.363849834705517239e-01 5.515669187179262911e-01 3.726197973436753963e-01
9.714576811415366331e-01 9.718510764518996092e-01 9.777660722421729345e-01 9.833246710615645148e-01 9.676470132249922473e-01 7.871204400149588443e-01 6.969577755530897978e-01
4.654197089783740915e-01 5.600211105874430828e-01 6.661958098155964514e-01 8.208137012684125766e-01 9.492108307814178803e-01 9.752084822017839105e-01 9.357140149434263199e-01
0.000000000000000000e+00 0.000000000000000000e+00 0.000000000000000000e+00 0.000000000000000000e+00 0.000000000000000000e+00 0.000000000000000000e+00 0.000000000000000000e+00
7.058727014285588464e-01 6.133599307757519048e-01 8.223708785311497627e-01 9.484456461100984059e-01 9.494903448663332135e-01 9.686590001098379643e-01 9.692874155717118301e-01
9.758698250583945910e-01 9.828898623499703335e-01 9.852990822311522567e-01 9.819092387319001691e-01 9.740387005635262607e-01 9.061441738850040117e-01 9.725196588252620344e-01
2.954651453723677323e-01 3.130418551025123119e-01 5.874135538279261493e-01 7.605750367736259232e-01 8.828455933276223577e-01 8.338556591391138584e-01 4.963019130389194067e-01
7.251923137714331169e-01 7.814874082768711316e-01 8.595339112208718602e-01 9.289389974464774546e-01 9.723898607263038452e-01 9.777573196532146627e-01 9.808021316824827585e-01
8.415179081610149048e-01 9.136284428906269461e-01 6.559189703299140861e-01 8.385789206866041123e-01 6.189786154606480295e-01 7.141808881649097662e-01 6.848841810607085856e-01
8.712166964502229272e-01 9.315230133748418906e-01 9.277362753427407238e-01 8.900309779892676687e-01 5.943512347189613410e-01 5.457596184863919841e-01 5.091560982215603826e-01
7.787567770149199653e-01 6.843197597397429055e-01 7.561670993124620654e-01 7.397625388785817879e-01 7.300611890379029578e-01 8.963402166529530479e-01 9.446793293960485949e-01
9.908603610102605375e-01 9.900672894809625646e-01 9.896746899598810598e-01 9.916449995954416119e-01 9.893138440493359775e-01 9.889030729942155373e-01 9.780597783300668535e-01
0.000000000000000000e+00 0.000000000000000000e+00 0.000000000000000000e+00 0.000000000000000000e+00 0.000000000000000000e+00 0.000000000000000000e+00 0.000000000000000000e+00
9.786103867920242783e-01 9.868541710346732110e-01 9.915009693025351734e-01 9.828186836806320770e-01 9.526247506071372495e-01 6.787316094748754303e-01 6.771472181859184980e-01
5.575139146123210265e-01 7.554090000397900573e-01 8.432913596652205079e-01 8.472606442687996564e-01 9.086389671373347188e-01 9.874817177939951840e-01 9.913101182515076104e-01
9.651850792308910298e-01 9.562665301177172283e-01 9.523149675178125273e-01 9.806905394611101778e-01 9.883228456074293344e-01 9.455145372392048664e-01 7.886837748561077444e-01
6.503827856645851835e-01 7.355061390724738635e-01 8.282968436949270652e-01 7.503728237273058488e-01 7.271431533656181889e-01 3.885182885727335722e-01 4.074918248546316457e-01
9.848636041921288165e-01 9.922715566411108856e-01 9.951558004269234203e-01 9.957458645941982267e-01 9.958150534241975160e-01 9.901225571968050865e-01 9.733266009926208051e-01
0.000000000000000000e+00 0.000000000000000000e+00 0.000000000000000000e+00 0.000000000000000000e+00 0.000000000000000000e+00 0.000000000000000000e+00 0.000000000000000000e+00
0.000000000000000000e+00 0.000000000000000000e+00 0.000000000000000000e+00 0.000000000000000000e+00 0.000000000000000000e+00 0.000000000000000000e+00 0.000000000000000000e+00
8.747520493457852098e-01 8.142874555186112584e-01 4.865510642173236922e-01 5.663343868249234303e-01 5.154227486043725381e-01 5.381278033431511343e-01 7.942546183887887468e-01
9.683541623494373862e-01 9.743790780131662554e-01 9.845796581164953931e-01 9.805029291055999963e-01 9.518207892473854459e-01 9.228549444080967890e-01 9.140301708558805638e-01
6.036202696808906643e-01 6.398431029395846847e-01 7.377679397654611781e-01 8.055788992815129390e-01 9.508412331004422180e-01 9.586445687961043793e-01 9.619787578898012503e-01
0.000000000000000000e+00 0.000000000000000000e+00 0.000000000000000000e+00 0.000000000000000000e+00 0.000000000000000000e+00 0.000000000000000000e+00 0.000000000000000000e+00
5.772094812987741408e-01 5.205524924299993472e-01 5.544738578256008799e-01 6.254239778565132690e-01 8.191562427036174210e-01 8.214330563460993107e-01 8.767550205317408141e-01
8.725186994069935587e-01 9.097420055148475182e-01 9.228727510702573467e-01 9.157180913705469383e-01 7.094346817355863255e-01 8.719697818538943990e-01 8.095341483429752127e-01
0.000000000000000000e+00 0.000000000000000000e+00 0.000000000000000000e+00 0.000000000000000000e+00 0.000000000000000000e+00 0.000000000000000000e+00 0.000000000000000000e+00
0.000000000000000000e+00 0.000000000000000000e+00 0.000000000000000000e+00 0.000000000000000000e+00 0.000000000000000000e+00 0.000000000000000000e+00 0.000000000000000000e+00
0.000000000000000000e+00 0.000000000000000000e+00 0.000000000000000000e+00 0.000000000000000000e+00 0.000000000000000000e+00 0.000000000000000000e+00 0.000000000000000000e+00
0.000000000000000000e+00 0.000000000000000000e+00 0.000000000000000000e+00 0.000000000000000000e+00 0.000000000000000000e+00 0.000000000000000000e+00 0.000000000000000000e+00
9.608974228169752108e-01 9.734264848708112927e-01 9.732449003479807237e-01 9.803425261037351790e-01 9.716165320928220606e-01 4.399681273933953585e-01 8.680761020525420424e-01
9.730423232336710138e-01 9.782937399590910799e-01 9.815851046385449807e-01 9.827264561263313603e-01 9.864645799661655445e-01 9.373673481489046555e-01 7.461368541893714790e-01
9.815024314069132894e-01 9.724855962349794325e-01 9.742485134751710518e-01 9.450374367106758600e-01 9.423220466948465379e-01 9.005863793089069480e-01 8.770011639712594897e-01
0.000000000000000000e+00 0.000000000000000000e+00 0.000000000000000000e+00 0.000000000000000000e+00 0.000000000000000000e+00 0.000000000000000000e+00 0.000000000000000000e+00
0.000000000000000000e+00 0.000000000000000000e+00 0.000000000000000000e+00 0.000000000000000000e+00 0.000000000000000000e+00 0.000000000000000000e+00 0.000000000000000000e+00
0.000000000000000000e+00 0.000000000000000000e+00 0.000000000000000000e+00 0.000000000000000000e+00 0.000000000000000000e+00 0.000000000000000000e+00 0.000000000000000000e+00
0.000000000000000000e+00 0.000000000000000000e+00 0.000000000000000000e+00 0.000000000000000000e+00 0.000000000000000000e+00 0.000000000000000000e+00 0.000000000000000000e+00
0.000000000000000000e+00 0.000000000000000000e+00 0.000000000000000000e+00 0.000000000000000000e+00 0.000000000000000000e+00 0.000000000000000000e+00 0.000000000000000000e+00
0.000000000000000000e+00 0.000000000000000000e+00 0.000000000000000000e+00 0.000000000000000000e+00 0.000000000000000000e+00 0.000000000000000000e+00 0.000000000000000000e+00
