6.140773287105980582e-01 4.822403025595852211e-01 2.321710556823775584e-01 2.329852088825988821e-01 1.758838379964404730e-01 3.108887573363321444e-01 7.798392302639710338e-02
4.032981797745449626e-01 5.392981002100366572e-01 7.952431623226716706e-01 8.954935045981819997e-01 8.074207544036476891e-01 6.868429754014633293e-01 7.607740014639555737e-01
8.242692623722893686e-01 8.157257928197018115e-01 7.500670304939671684e-01 7.132944694014504705e-01 7.864617606759481960e-01 9.397378347869183024e-01 9.740913104930710720e-01
7.645045825018682573e-01 7.167641826735314803e-01 6.483197843696716367e-01 6.117735861321716984e-01 6.629763710973896051e-01 5.643030233527472905e-01 3.955297301387271092e-01
7.244611917325267658e-01 8.007739150517099169e-01 8.740992125659046152e-01 8.112071501899074111e-01 9.022129523548013674e-01 8.299264330896444219e-01 4.938135189059168484e-01
7.424311952257008906e-01 6.911545575812079178e-01 7.152854119819871404e-01 7.607703919967049311e-01 6.546411612071751929e-01 4.634418047390884698e-01 5.216363022553720530e-01
7.210519976347307125e-01 8.988013046308512832e-01 9.046440634121033497e-01 9.371700125818503979e-01 7.994448839734239476e-01 6.268012181495553614e-01 5.209565442058523566e-01
7.799458705396985492e-01 8.552603247704542166e-01 7.860335915499181425e-01 7.567624550753726531e-01 6.068838528874941352e-01 7.659459120501651563e-01 9.027927969790442431e-01
0.000000000000000000e+00 0.000000000000000000e+00 0.000000000000000000e+00 0.000000000000000000e+00 0.000000000000000000e+00 0.000000000000000000e+00 0.000000000000000000e+00
6.248306819730901074e-01 7.157955075305313386e-01 7.538100839666789232e-01 8.442566508013664706e-01 8.689518969673165616e-01 9.600989589785716705e-01 9.812397490742604811e-01
1.862758479617555862e-01 4.647452109696392775e-01 6.066904724446878228e-02 9.997967090556951486e-02 8.731053299469086759e-02 1.023278762581167900e-01 1.265552567470938083e-01
3.902527904429199945e-01 1.248280394188596987e-01 1.628376281178373075e-01 3.195159145228689823e-01 3.310653166339038722e-01 4.750930935713210679e-01 1.981275187951563876e-01
4.578282009004533970e-01 7.570044170205211254e-01 8.298132121509179671e-01 8.853978125040861125e-01 8.596657929489511796e-01 8.266484837427948706e-01 9.633602318353908789e-01
0.000000000000000000e+00 0.000000000000000000e+00 0.000000000000000000e+00 0.000000000000000000e+00 0.000000000000000000e+00 0.000000000000000000e+00 0.000000000000000000e+00
6.788098684964345431e-01 8.116252948598476902e-01 8.937688808833841314e-01 9.427982024220900037e-01 9.705601813950603951e-01 9.769278373941114868e-01 9.583635977999614974e-01
0.000000000000000000e+00 0.000000000000000000e+00 0.000000000000000000e+00 0.000000000000000000e+00 0.000000000000000000e+00 0.000000000000000000e+00 0.000000000000000000e+00
0.000000000000000000e+00 0.000000000000000000e+00 0.000000000000000000e+00 0.000000000000000000e+00 0.000000000000000000e+00 0.000000000000000000e+00 0.000000000000000000e+00
0.000000000000000000e+00 0.000000000000000000e+00 0.000000000000000000e+00 0.000000000000000000e+00 0.000000000000000000e+00 0.000000000000000000e+00 0.000000000000000000e+00
0.000000000000000000e+00 0.000000000000000000e+00 0.000000000000000000e+00 0.000000000000000000e+00 0.000000000000000000e+00 0.000000000000000000e+00 0.000000000000000000e+00
0.000000000000000000e+00 0.000000000000000000e+00 0.000000000000000000e+00 0.000000000000000000e+00 0.000000000000000000e+00 0.000000000000000000e+00 0.000000000000000000e+00
7.200748982073204019e-01 6.940546830539432444e-01 6.791488779367876871e-01 4.453118399552055684e-01 5.719534180496149700e-01 5.999620703087650275e-01 4.689319160094870265e-01
7.754321795390208827e-01 8.391508990501508336e-01 8.525661692250146029e-01 9.492892034359308173e-01 9.547160783661546857e-01 8.594812550025150433e-01 7.505967803422273210e-01
7.998052809430312715e-01 7.540541619478782209e-01 7.942769903817904487e-01 7.755865822073748639e-01 7.027081338812680711e-01 5.181387317786779745e-01 1.894354714748298085e-01
8.169817628786412156e-01 8.602920810630048098e-01 8.878567691741684476e-01 8.877727803502749593e-01 9.245351884217992700e-01 5.855350637181623297e-01 3.006562297841408604e-01
7.376923785564082348e-01 8.209886086492436119e-01 8.985592318445781990e-01 9.405603099068737816e-01 8.757736548693826339e-01 8.601326227198492491e-01 8.946399753589038273e-01
6.035885886622676111e-01 7.166260112033246976e-01 8.808087008470947277e-01 8.392702670244605034e-01 7.591941793356684620e-01 6.337181293206805011e-01 5.693792905890942002e-01
4.786420776826486589e-01 6.067410219823332618e-01 8.142854887054631341e-01 9.617235673960087272e-01 9.923814901928814658e-01 9.924802980040459133e-01 9.843328856744996136e-01
0.000000000000000000e+00 0.000000000000000000e+00 0.000000000000000000e+00 0.000000000000000000e+00 0.000000000000000000e+00 0.000000000000000000e+00 0.000000000000000000e+00
8.448643796286994245e-01 8.806411486546502632e-01 8.832892183657532481e-01 9.418315953715921118e-01 8.633341436598265251e-01 7.826230543122599803e-01 5.782563836437869531e-01
2.633849771853636890e-01 2.007620100824955289e-01 2.435341444271455491e-01 1.311646475376508914e-01 3.220197304062031307e-01 1.809862327138231919e-01 3.651506181555113084e-01
7.484083159611684133e-01 7.871012914488189072e-01 8.586792242778831241e-01 6.612600374108711376e-01 5.794380235882081731e-01 6.989481203648806318e-01 3.054980403637453934e-01
8.924531210139217130e-01 9.244858617423872271e-01 8.662475671420769574e-01 8.077409745002660513e-01 7.223803450697102724e-01 6.802562074467535247e-01 1.709111405915610948e-01
0.000000000000000000e+00 0.000000000000000000e+00 0.000000000000000000e+00 0.000000000000000000e+00 0.000000000000000000e+00 0.000000000000000000e+00 0.000000000000000000e+00
4.386048697299111399e-01 7.229522177787038872e-01 8.355716602343759014e-01 9.357424406680386886e-01 9.873856223157206902e-01 9.889793974339546878e-01 9.851657670827197455e-01
8.175722987804860953e-01 8.896382727717656591e-01 8.659389092845088953e-01 7.525605747856772831e-01 6.806461433762378554e-01 5.297343548768667088e-01 7.274728448680988224e-01
9.211627038692666858e-01 8.801686632679391886e-01 8.896973805647901967e-01 8.000190952118316767e-01 8.603697786838936379e-01 6.593752198388140862e-01 2.482661324205440168e-01
6.730489283135141498e-01 7.883829046989563327e-01 7.616940341035089990e-01 7.237831645399647185e-01 7.744740536672370945e-01 7.690179991738433918e-01 9.556305303797472117e-01
5.179807325784409056e-01 7.848293034820404968e-01 8.077606074144647597e-01 6.775723987012215455e-01 4.595714351421505417e-01 3.388458836452269418e-01 3.678293254089476938e-01
2.714572090356023315e-01 3.766829686499088004e-01 2.415447956268558238e-01 4.299596211134814050e-01 8.745029341463621542e-01 8.896567481016114387e-01 8.950964517804677056e-01
5.084492643418873081e-01 6.961307925367985483e-01 7.447751409015300750e-01 5.426149136943378970e-01 2.778733411467718684e-01 5.598476027611718475e-01 7.854914325444605216e-01
8.013432199441563597e-01 8.233844141901818237e-01 8.811484815616853483e-01 8.698145335357440056e-01 8.502296649558082065e-01 6.430063922954807332e-01 7.329953514132986347e-01
0.000000000000000000e+00 0.000000000000000000e+00 0.000000000000000000e+00 0.000000000000000000e+00 0.000000000000000000e+00 0.000000000000000000e+00 0.000000000000000000e+00
8.238263166209167654e-01 8.859023766558675739e-01 9.097430773283700089e-01 7.575222531363875467e-01 3.668818794797343297e-01 3.088250237226610739e-01 4.885644018725310844e-01
7.635096466784900837e-01 8.047766238226891078e-01 7.706563612958206022e-01 5.709577327025663340e-01 5.025882699445226587e-01 2.426245259693536327e-01 4.155272656441525991e-01
5.591495967884758667e-01 7.553130607917246664e-01 6.026871433054123983e-01 6.676914451766373659e-01 5.032021546198166551e-01 6.564116163648149316e-01 2.932076285319754616e-01
5.686618277480407491e-01 6.996824477346291760e-01 7.056706497579279258e-01 3.474424360663351252e-01 4.466802331154245964e-01 4.149731815991963280e-01 2.593314375917867287e-01
7.200376272233116604e-01 7.895778303859195546e-01 8.685640015292340754e-01 8.642932539424257321e-01 7.324018030318334427e-01 8.087345704578124961e-01 7.837241764385589615e-01
0.000000000000000000e+00 0.000000000000000000e+00 0.000000000000000000e+00 0.000000000000000000e+00 0.000000000000000000e+00 0.000000000000000000e+00 0.000000000000000000e+00
0.000000000000000000e+00 0.000000000000000000e+00 0.000000000000000000e+00 0.000000000000000000e+00 0.000000000000000000e+00 0.000000000000000000e+00 0.000000000000000000e+00
6.466533258515231308e-01 6.252302014437495226e-01 7.258417021829111082e-01 6.478728559305835244e-01 4.672342495672562879e-01 4.855381471714961816e-01 7.447680238038115741e-01
6.127301162213520946e-01 7.974924472347135751e-01 8.348818317530418698e-01 8.014385944915550786e-01 7.373245293252922439e-01 5.164295815913382270e-01 4.771648294551380509e-01
5.117475050806848946e-01 5.235765297763168569e-01 4.265072017176897434e-01 3.694993208223831815e-01 6.298619587318815549e-01 6.259655994490918030e-01 7.115341444099383406e-01
0.000000000000000000e+00 0.000000000000000000e+00 0.000000000000000000e+00 0.000000000000000000e+00 0.000000000000000000e+00 0.000000000000000000e+00 0.000000000000000000e+00
4.007078241062261847e-01 6.768975704872852717e-01 7.979470542690884072e-01 7.443264224091722392e-01 8.519888455542493633e-01 9.171822484985169277e-01 9.431490757924898549e-01
7.050584490100668678e-01 7.415761401101037542e-01 6.855944528632723634e-01 6.112765122505051663e-01 4.512566683524196209e-01 3.418669065707803378e-01 3.593257664212985980e-01
0.000000000000000000e+00 0.000000000000000000e+00 0.000000000000000000e+00 0.000000000000000000e+00 0.000000000000000000e+00 0.000000000000000000e+00 0.000000000000000000e+00
0.000000000000000000e+00 0.000000000000000000e+00 0.000000000000000000e+00 0.000000000000000000e+00 0.000000000000000000e+00 0.000000000000000000e+00 0.000000000000000000e+00
0.000000000000000000e+00 0.000000000000000000e+00 0.000000000000000000e+00 0.000000000000000000e+00 0.000000000000000000e+00 0.000000000000000000e+00 0.000000000000000000e+00
0.000000000000000000e+00 0.000000000000000000e+00 0.000000000000000000e+00 0.000000000000000000e+00 0.000000000000000000e+00 0.000000000000000000e+00 0.000000000000000000e+00
5.084451053289410494e-01 7.172123385961406417e-01 7.768905415411488935e-01 8.341718492370777671e-01 9.104517802630347489e-01 6.571133966937671156e-01 6.826032580683202289e-01
5.378054179193642037e-01 6.804789681704903614e-01 8.473435754699069067e-01 8.903333007513016817e-01 9.467124108660809334e-01 9.518097366427943351e-01 9.523218933521442331e-01
6.087589529317140036e-01 8.121858654137819045e-01 8.951993396523049151e-01 9.268770719115508872e-01 8.944440058915706926e-01 6.460273273369708802e-01 2.813041370625060655e-01
0.000000000000000000e+00 0.000000000000000000e+00 0.000000000000000000e+00 0.000000000000000000e+00 0.000000000000000000e+00 0.000000000000000000e+00 0.000000000000000000e+00
0.000000000000000000e+00 0.000000000000000000e+00 0.000000000000000000e+00 0.000000000000000000e+00 0.000000000000000000e+00 0.000000000000000000e+00 0.000000000000000000e+00
0.000000000000000000e+00 0.000000000000000000e+00 0.000000000000000000e+00 0.000000000000000000e+00 0.000000000000000000e+00 0.000000000000000000e+00 0.000000000000000000e+00
0.000000000000000000e+00 0.000000000000000000e+00 0.000000000000000000e+00 0.000000000000000000e+00 0.000000000000000000e+00 0.000000000000000000e+00 0.000000000000000000e+00
0.000000000000000000e+00 0.000000000000000000e+00 0.000000000000000000e+00 0.000000000000000000e+00 0.000000000000000000e+00 0.000000000000000000e+00 0.000000000000000000e+00
0.000000000000000000e+00 0.000000000000000000e+00 0.000000000000000000e+00 0.000000000000000000e+00 0.000000000000000000e+00 0.000000000000000000e+00 0.000000000000000000e+00
