1.950485754573584529e+00 1.450485754573584529e+00 3.559504857545736058e+02 3.494504857545736058e+02 3.539504857545736058e+02 1.245048575457358453e+01 6.950485754573584529e+00
5.061030546647486972e-01 5.061030546647486972e-01 3.587561030546647771e+02 3.575061030546647771e+02 3.542561030546647771e+02 3.362561030546647771e+02 3.355061030546647771e+02
0.000000000000000000e+00 0.000000000000000000e+00 0.000000000000000000e+00 0.000000000000000000e+00 0.000000000000000000e+00 0.000000000000000000e+00 0.000000000000000000e+00
0.000000000000000000e+00 0.000000000000000000e+00 0.000000000000000000e+00 0.000000000000000000e+00 0.000000000000000000e+00 0.000000000000000000e+00 0.000000000000000000e+00
3.099489849288071355e+02 5.448984928807163897e+00 4.969898492880716390e+01 3.744898492880716390e+01 3.459489849288071355e+02 3.499489849288071355e+02 1.294898492880716390e+01
0.000000000000000000e+00 0.000000000000000000e+00 0.000000000000000000e+00 0.000000000000000000e+00 0.000000000000000000e+00 0.000000000000000000e+00 0.000000000000000000e+00
1.964680869377127692e+01 2.164680869377127692e+01 1.214680869377127692e+01 1.646808693771276921e+00 1.339680869377127692e+01 7.396808693771276921e+00 1.764680869377127692e+01
3.512048599347079403e+02 2.704859934707954494e+00 2.120485993470795449e+01 3.095485993470795449e+01 3.145485993470795449e+01 2.020485993470795449e+01 3.954859934707954494e+00
0.000000000000000000e+00 0.000000000000000000e+00 0.000000000000000000e+00 0.000000000000000000e+00 0.000000000000000000e+00 0.000000000000000000e+00 0.000000000000000000e+00
0.000000000000000000e+00 0.000000000000000000e+00 0.000000000000000000e+00 0.000000000000000000e+00 0.000000000000000000e+00 0.000000000000000000e+00 0.000000000000000000e+00
3.189400641671752510e+02 3.044400641671752510e+02 2.656900641671752510e+02 2.986900641671752510e+02 8.690064167175236776e+00 2.069006416717523678e+01 3.319006416717523678e+01
2.622788513741277825e+02 2.677788513741277825e+02 3.165288513741277825e+02 3.430288513741277825e+02 7.028851374127782492e+00 9.627885137412778249e+01 1.000288513741277825e+02
6.248872235023156918e+00 1.748872235023156918e+00 3.577488722350231569e+02 3.557488722350231569e+02 7.488722350231569180e-01 1.024887223502315692e+01 3.998872235023156918e+00
8.719686222391544561e+00 4.219686222391544561e+00 1.469686222391544561e+00 3.597196862223915446e+02 3.559696862223915446e+02 3.467196862223915446e+02 3.567196862223915446e+02
8.726178946880565945e+00 3.226178946880565945e+00 3.589761789468805659e+02 3.574761789468805659e+02 3.577261789468805659e+02 3.474761789468805659e+02 1.226178946880565945e+00
0.000000000000000000e+00 0.000000000000000000e+00 0.000000000000000000e+00 0.000000000000000000e+00 0.000000000000000000e+00 0.000000000000000000e+00 0.000000000000000000e+00
0.000000000000000000e+00 0.000000000000000000e+00 0.000000000000000000e+00 0.000000000000000000e+00 0.000000000000000000e+00 0.000000000000000000e+00 0.000000000000000000e+00
2.567526085942722602e+01 1.867526085942722602e+01 1.492526085942722602e+01 1.267526085942722602e+01 1.317526085942722602e+01 3.549252608594272260e+02 3.516752608594272260e+02
2.899834677971625752e+00 3.149834677971625752e+00 2.649834677971625752e+00 3.593998346779716258e+02 3.463998346779716258e+02 3.148998346779716258e+02 3.103998346779716258e+02
0.000000000000000000e+00 0.000000000000000000e+00 0.000000000000000000e+00 0.000000000000000000e+00 0.000000000000000000e+00 0.000000000000000000e+00 0.000000000000000000e+00
0.000000000000000000e+00 0.000000000000000000e+00 0.000000000000000000e+00 0.000000000000000000e+00 0.000000000000000000e+00 0.000000000000000000e+00 0.000000000000000000e+00
2.652982065340563622e+01 1.902982065340563622e+01 1.077982065340563622e+01 7.798206534056362216e-01 3.562798206534056362e+02 3.515298206534056362e+02 3.522798206534056362e+02
1.421643567518424334e+01 9.466435675184243337e+00 3.539664356751842433e+02 3.329664356751842433e+02 2.966435675184243337e+00 4.896643567518424334e+01 3.421643567518424334e+01
0.000000000000000000e+00 0.000000000000000000e+00 0.000000000000000000e+00 0.000000000000000000e+00 0.000000000000000000e+00 0.000000000000000000e+00 0.000000000000000000e+00
3.508048336727378000e+02 3.508048336727378000e+02 3.365548336727378000e+02 3.185548336727378000e+02 3.280548336727378000e+02 6.830483367273778583e+01 6.780483367273778583e+01
4.225634341812337880e+00 3.594756343418123379e+02 3.549756343418123379e+02 3.547256343418123379e+02 3.537256343418123379e+02 3.452256343418123379e+02 3.402256343418123379e+02
0.000000000000000000e+00 0.000000000000000000e+00 0.000000000000000000e+00 0.000000000000000000e+00 0.000000000000000000e+00 0.000000000000000000e+00 0.000000000000000000e+00
0.000000000000000000e+00 0.000000000000000000e+00 0.000000000000000000e+00 0.000000000000000000e+00 0.000000000000000000e+00 0.000000000000000000e+00 0.000000000000000000e+00
3.560567511600130501e+02 3.513067511600130501e+02 3.468067511600130501e+02 3.003067511600130501e+02 3.083067511600130501e+02 3.030567511600130501e+02 3.020567511600130501e+02
3.542992766174526196e+02 1.104927661745261958e+01 1.004927661745261958e+01 3.799276617452619575e+00 5.549276617452619575e+00 9.299276617452619575e+00 4.299276617452619575e+00
0.000000000000000000e+00 0.000000000000000000e+00 0.000000000000000000e+00 0.000000000000000000e+00 0.000000000000000000e+00 0.000000000000000000e+00 0.000000000000000000e+00
1.068815571149001187e+01 2.868815571149002608e+01 6.043815571149002608e+01 4.943815571149002608e+01 4.493815571149002608e+01 4.818815571149002608e+01 2.938155711490011868e+00
0.000000000000000000e+00 0.000000000000000000e+00 0.000000000000000000e+00 0.000000000000000000e+00 0.000000000000000000e+00 0.000000000000000000e+00 0.000000000000000000e+00
1.019436657364104803e+01 8.944366573641048035e+00 2.194366573641048035e+00 3.496943665736410480e+02 3.444366573641048035e+00 3.769436657364104803e+01 3.529443665736410480e+02
0.000000000000000000e+00 0.000000000000000000e+00 0.000000000000000000e+00 0.000000000000000000e+00 0.000000000000000000e+00 0.000000000000000000e+00 0.000000000000000000e+00
6.549796226558498802e+00 6.049796226558498802e+00 4.049796226558498802e+00 2.049796226558498802e+00 9.799796226558498802e+00 3.557997962265584988e+02 3.562997962265584988e+02
7.300085160367871140e+00 6.050085160367871140e+00 5.300085160367871140e+00 2.550085160367871140e+00 3.595500851603678711e+02 3.585500851603678711e+02 3.598000851603678711e+02
6.561067983671136972e+00 5.811067983671136972e+00 5.061067983671136972e+00 3.585610679836711370e+02 3.585610679836711370e+02 3.595610679836711370e+02 2.811067983671136972e+00
2.252001898077821807e+01 2.077001898077821807e+01 1.752001898077821807e+01 1.127001898077821807e+01 5.200189807782180651e-01 3.567700189807782181e+02 3.520018980778218065e+00
0.000000000000000000e+00 0.000000000000000000e+00 0.000000000000000000e+00 0.000000000000000000e+00 0.000000000000000000e+00 0.000000000000000000e+00 0.000000000000000000e+00
8.013452403531687196e+00 5.763452403531687196e+00 1.013452403531687196e+00 3.587634524035316872e+02 3.580134524035316872e+02 3.542634524035316872e+02 3.437634524035316872e+02
0.000000000000000000e+00 0.000000000000000000e+00 0.000000000000000000e+00 0.000000000000000000e+00 0.000000000000000000e+00 0.000000000000000000e+00 0.000000000000000000e+00
0.000000000000000000e+00 0.000000000000000000e+00 0.000000000000000000e+00 0.000000000000000000e+00 0.000000000000000000e+00 0.000000000000000000e+00 0.000000000000000000e+00
3.101706796287999168e+02 3.104206796287999168e+02 3.481706796287999168e+02 4.017067962879994525e+01 3.817067962879994525e+01 1.067067962879994525e+01 1.670679628799945249e+00
3.464118587879110009e+02 3.494118587879110009e+02 3.391618587879110009e+02 3.396618587879110009e+02 9.411858787911029367e+00 1.366185878791102937e+01 2.161858787911029367e+00
3.430626013068182374e+02 3.535626013068182374e+02 1.812601306818237390e+00 5.312601306818237390e+00 2.062601306818237390e+00 3.578126013068182374e+02 3.578126013068182374e+02
3.062096688880366173e+02 3.217096688880366173e+02 4.295966888803664574e+01 5.545966888803664574e+01 1.845966888803664574e+01 2.987096688880366173e+02 5.459668888036645740e+00
3.004323051262963418e+02 3.316823051262963418e+02 3.568230512629637019e+01 4.543230512629637019e+01 3.404323051262963418e+02 2.934323051262963418e+02 8.682305126296370190e+00
1.633774596711759841e+01 8.837745967117598411e+00 3.580877459671175984e+02 3.550877459671175984e+02 6.837745967117598411e+00 1.183774596711759841e+01 5.087745967117598411e+00
0.000000000000000000e+00 0.000000000000000000e+00 0.000000000000000000e+00 0.000000000000000000e+00 0.000000000000000000e+00 0.000000000000000000e+00 0.000000000000000000e+00
4.242080124170627187e+00 5.242080124170627187e+00 6.492080124170627187e+00 3.492080124170627187e+00 2.420801241706271867e-01 3.549920801241706272e+02 3.574920801241706272e+02
1.034794396810377748e+01 3.479439681037774790e-01 3.593479439681037775e+02 1.459794396810377748e+01 3.230979439681037775e+02 3.480979439681037775e+02 1.659794396810377748e+01
2.192298681511454106e+01 2.367298681511454106e+01 3.617298681511454106e+01 3.717298681511454106e+01 1.917298681511454106e+01 1.617298681511454106e+01 6.672986815114541059e+00
3.424698920659787973e+02 3.412198920659787973e+02 3.089698920659787973e+02 2.892198920659787973e+02 3.394698920659787973e+02 1.421989206597881150e+01 1.219892065978811502e+00
1.071705824249789885e+00 1.071705824249789885e+00 2.321705824249789885e+00 2.321705824249789885e+00 2.821705824249789885e+00 3.483217058242497615e+02 3.440717058242497615e+02
1.878801155072858364e+01 1.353801155072858364e+01 8.038011550728583643e+00 3.788011550728583643e+00 5.038011550728583643e+00 5.788011550728583643e+00 3.497880115507285836e+02
3.496519127641554405e+02 3.476519127641554405e+02 3.456519127641554405e+02 3.441519127641554405e+02 3.471519127641554405e+02 3.521519127641554405e+02 3.549019127641554405e+02
3.492414106549484245e+02 3.472414106549484245e+02 3.452414106549484245e+02 3.437414106549484245e+02 3.467414106549484245e+02 3.517414106549484245e+02 3.544914106549484245e+02
0.000000000000000000e+00 0.000000000000000000e+00 0.000000000000000000e+00 0.000000000000000000e+00 0.000000000000000000e+00 0.000000000000000000e+00 0.000000000000000000e+00
8.850093692336770346e+00 6.100093692336770346e+00 1.185009369233677035e+01 2.585009369233677035e+01 3.448500936923367703e+02 3.136000936923367703e+02 3.571000936923367703e+02
0.000000000000000000e+00 0.000000000000000000e+00 0.000000000000000000e+00 0.000000000000000000e+00 0.000000000000000000e+00 0.000000000000000000e+00 0.000000000000000000e+00
3.490203946237528498e+02 3.485203946237528498e+02 3.482703946237528498e+02 3.510203946237528498e+02 3.510203946237528498e+02 3.565203946237528498e+02 3.580203946237528498e+02
0.000000000000000000e+00 0.000000000000000000e+00 0.000000000000000000e+00 0.000000000000000000e+00 0.000000000000000000e+00 0.000000000000000000e+00 0.000000000000000000e+00
2.882636300007696946e+02 3.330136300007696946e+02 2.151363000076972298e+01 1.651363000076972298e+01 3.092636300007696946e+02 2.885136300007696946e+02 7.751363000076972298e+01
0.000000000000000000e+00 0.000000000000000000e+00 0.000000000000000000e+00 0.000000000000000000e+00 0.000000000000000000e+00 0.000000000000000000e+00 0.000000000000000000e+00
0.000000000000000000e+00 0.000000000000000000e+00 0.000000000000000000e+00 0.000000000000000000e+00 0.000000000000000000e+00 0.000000000000000000e+00 0.000000000000000000e+00
2.208738318880347151e+01 2.033738318880347151e+01 1.583738318880347151e+01 1.208738318880347151e+01 4.587383188803471512e+00 2.383738318880347151e+01 3.503373831888034715e+02
3.474911916568362358e+02 3.429911916568362358e+02 3.741191656836207358e+00 1.974119165683620736e+01 1.524119165683620736e+01 1.724119165683620736e+01 5.491191656836207358e+00
2.109745024132035951e+01 1.534745024132035951e+01 1.334745024132035951e+01 1.509745024132035951e+01 5.484745024132035951e+01 6.609745024132035951e+01 2.134745024132035951e+01
0.000000000000000000e+00 0.000000000000000000e+00 0.000000000000000000e+00 0.000000000000000000e+00 0.000000000000000000e+00 0.000000000000000000e+00 0.000000000000000000e+00
1.106034730796807253e+01 1.106034730796807253e+01 8.810347307968072528e+00 8.810347307968072528e+00 7.060347307968072528e+00 3.595603473079680725e+02 1.310347307968072528e+00
0.000000000000000000e+00 0.000000000000000000e+00 0.000000000000000000e+00 0.000000000000000000e+00 0.000000000000000000e+00 0.000000000000000000e+00 0.000000000000000000e+00
0.000000000000000000e+00 0.000000000000000000e+00 0.000000000000000000e+00 0.000000000000000000e+00 0.000000000000000000e+00 0.000000000000000000e+00 0.000000000000000000e+00
0.000000000000000000e+00 0.000000000000000000e+00 0.000000000000000000e+00 0.000000000000000000e+00 0.000000000000000000e+00 0.000000000000000000e+00 0.000000000000000000e+00
0.000000000000000000e+00 0.000000000000000000e+00 0.000000000000000000e+00 0.000000000000000000e+00 0.000000000000000000e+00 0.000000000000000000e+00 0.000000000000000000e+00
0.000000000000000000e+00 0.000000000000000000e+00 0.000000000000000000e+00 0.000000000000000000e+00 0.000000000000000000e+00 0.000000000000000000e+00 0.000000000000000000e+00
3.954887303908776630e+00 2.454887303908776630e+00 1.870488730390877663e+01 2.795488730390877663e+01 4.245488730390877663e+01 1.570488730390877663e+01 1.970488730390877663e+01
3.312775834192734692e+00 8.312775834192734692e+00 1.781277583419273469e+01 2.306277583419273469e+01 4.031277583419273469e+01 1.106277583419273469e+01 1.781277583419273469e+01
3.448095042342391139e+02 3.503095042342391139e+02 3.480595042342391139e+02 7.059504234239138754e+00 1.030950423423913875e+01 6.309504234239138754e+00 3.503095042342391139e+02
1.522455646973423882e+01 7.224556469734238817e+00 5.347455646973423882e+01 5.947455646973423882e+01 3.797455646973423882e+01 4.297455646973423882e+01 4.122455646973423882e+01
0.000000000000000000e+00 0.000000000000000000e+00 0.000000000000000000e+00 0.000000000000000000e+00 0.000000000000000000e+00 0.000000000000000000e+00 0.000000000000000000e+00
2.428708048830083044e+01 1.128708048830083044e+01 3.530370804883008304e+02 3.470370804883008304e+02 3.595370804883008304e+02 7.787080488300830439e+00 3.580370804883008304e+02
3.457152398770011814e+02 3.464652398770011814e+02 3.524652398770011814e+02 3.597152398770011814e+02 3.564652398770011814e+02 5.715239877001152990e+00 4.215239877001152990e+00
1.469622555102716888e+01 4.196225551027168876e+00 3.591962255510271689e+02 3.576962255510271689e+02 3.549462255510271689e+02 3.531962255510271689e+02 3.524462255510271689e+02
3.534535634055313835e+02 1.270356340553139773e+01 3.512035634055313835e+02 3.519535634055313835e+02 2.195356340553139773e+01 3.703563405531397734e+00 3.442035634055313835e+02
2.071311115427459981e+01 1.946311115427459981e+01 1.521311115427459981e+01 6.463111154274599812e+00 3.582131111542745998e+02 3.577131111542745998e+02 3.504631111542745998e+02
2.060598720640882675e+01 1.935598720640882675e+01 1.485598720640882675e+01 6.355987206408826751e+00 3.578559872064088268e+02 3.578559872064088268e+02 3.503559872064088268e+02
1.728923971353879097e+01 2.428923971353879097e+01 3.278923971353879097e+01 2.703923971353879097e+01 1.728923971353879097e+01 1.603923971353879097e+01 3.567892397135387910e+02
0.000000000000000000e+00 0.000000000000000000e+00 0.000000000000000000e+00 0.000000000000000000e+00 0.000000000000000000e+00 0.000000000000000000e+00 0.000000000000000000e+00
0.000000000000000000e+00 0.000000000000000000e+00 0.000000000000000000e+00 0.000000000000000000e+00 0.000000000000000000e+00 0.000000000000000000e+00 0.000000000000000000e+00
0.000000000000000000e+00 0.000000000000000000e+00 0.000000000000000000e+00 0.000000000000000000e+00 0.000000000000000000e+00 0.000000000000000000e+00 0.000000000000000000e+00
3.236681527035524368e+02 3.546681527035524368e+02 3.379181527035524368e+02 2.841681527035524368e+02 2.826681527035524368e+02 3.061681527035524368e+02 7.366815270355243683e+01
3.464913333410336236e+02 3.537413333410336236e+02 7.374133334103365200e+01 7.724133334103365200e+01 7.074133334103365200e+01 4.241333341033652005e+00 3.447413333410336236e+02
3.536628406182484241e+02 3.574128406182484241e+02 4.162840618248424107e+00 1.241284061824842411e+01 1.716284061824842411e+01 3.584128406182484241e+02 3.549128406182484241e+02
0.000000000000000000e+00 0.000000000000000000e+00 0.000000000000000000e+00 0.000000000000000000e+00 0.000000000000000000e+00 0.000000000000000000e+00 0.000000000000000000e+00
3.587341487682326715e+02 4.841487682326715003e-01 3.567341487682326715e+02 3.589841487682326715e+02 4.234148768232671500e+00 3.234148768232671500e+00 8.734148768232671500e+00
3.403857912541482733e+02 3.401357912541482733e+02 3.588857912541482733e+02 8.857912541482733104e-01 3.546357912541482733e+02 3.483857912541482733e+02 3.556357912541482733e+02
3.573933271102849858e+02 3.348933271102849858e+02 3.243933271102849858e+02 3.183933271102849858e+02 3.236433271102849858e+02 3.588933271102849858e+02 3.583933271102849858e+02
1.508609518814142803e+01 2.308609518814142803e+01 1.983609518814142803e+01 1.358609518814142803e+01 1.733609518814142803e+01 3.586095188141428025e+00 7.336095188141428025e+00
3.350882435776035209e+02 3.383382435776035209e+02 3.518382435776035209e+02 1.458824357760352086e+01 2.458824357760352086e+01 3.598382435776035209e+02 3.555882435776035209e+02
3.323644002202968295e+02 3.346144002202968295e+02 3.543644002202968295e+02 1.411440022029682950e+01 1.711440022029682950e+01 3.588644002202968295e+02 3.533644002202968295e+02
3.302898465616224257e+02 3.257898465616224257e+02 3.465398465616224257e+02 3.595398465616224257e+02 2.603984656162245415e+01 3.447898465616224257e+02 3.510398465616224257e+02
2.110702363793768654e+01 2.135702363793768654e+01 1.360702363793768654e+01 1.585702363793768654e+01 1.710702363793768654e+01 2.607023637937686544e+00 6.107023637937686544e+00
1.482350339513402560e+01 8.323503395134025595e+00 3.583235033951340256e+02 3.530735033951340256e+02 3.560735033951340256e+02 3.513235033951340256e+02 2.323503395134025595e+00
3.331554278603522903e+02 3.321554278603522903e+02 3.241554278603522903e+02 3.504054278603522903e+02 3.444054278603522903e+02 3.356554278603522903e+02 3.554054278603522903e+02
0.000000000000000000e+00 0.000000000000000000e+00 0.000000000000000000e+00 0.000000000000000000e+00 0.000000000000000000e+00 0.000000000000000000e+00 0.000000000000000000e+00
1.446167433293339855e+00 3.571961674332933399e+02 4.696167433293339855e+00 1.419616743329333985e+01 3.224461674332933399e+02 4.519616743329333985e+01 6.619616743329333985e+01
2.768999578369613346e+01 1.043999578369613346e+01 3.346899957836961335e+02 3.529399957836961335e+02 4.968999578369613346e+01 6.593999578369613346e+01 5.668999578369613346e+01
3.497700976752201996e+02 3.582700976752201996e+02 3.567700976752201996e+02 3.452700976752201996e+02 3.365200976752201996e+02 3.365200976752201996e+02 3.377700976752201996e+02
3.080608042534356628e+01 2.355608042534356628e+01 1.080608042534356628e+01 1.030608042534356628e+01 2.055608042534356628e+01 1.030608042534356628e+01 3.558060804253435663e+02
2.695698746414786342e+02 2.790698746414786342e+02 2.920698746414786342e+02 3.560698746414786342e+02 3.115698746414786342e+02 3.308198746414786342e+02 3.368198746414786342e+02
0.000000000000000000e+00 0.000000000000000000e+00 0.000000000000000000e+00 0.000000000000000000e+00 0.000000000000000000e+00 0.000000000000000000e+00 0.000000000000000000e+00
0.000000000000000000e+00 0.000000000000000000e+00 0.000000000000000000e+00 0.000000000000000000e+00 0.000000000000000000e+00 0.000000000000000000e+00 0.000000000000000000e+00
3.469021698852385498e+02 1.415216988523852137e+01 2.690216988523852137e+01 4.190216988523852137e+01 4.740216988523852137e+01 1.590216988523852137e+01 3.596521698852385498e+02
0.000000000000000000e+00 0.000000000000000000e+00 0.000000000000000000e+00 0.000000000000000000e+00 0.000000000000000000e+00 0.000000000000000000e+00 0.000000000000000000e+00
1.721330098546235376e+01 1.271330098546235376e+01 1.021330098546235376e+01 9.463300985462353765e+00 2.746330098546235376e+01 3.396330098546235376e+01 6.213300985462353765e+00
2.837939929730617905e+01 2.837939929730617905e+01 1.812939929730617905e+01 2.879399297306179051e+00 3.312939929730617905e+01 5.937939929730617905e+01 7.062939929730617905e+01
3.597323526550588895e+02 3.599823526550588895e+02 2.323526550588610462e-01 3.544823526550588895e+02 3.179823526550588895e+02 2.802323526550588895e+02 2.812323526550588895e+02
0.000000000000000000e+00 0.000000000000000000e+00 0.000000000000000000e+00 0.000000000000000000e+00 0.000000000000000000e+00 0.000000000000000000e+00 0.000000000000000000e+00
3.577819477117043334e+02 3.587819477117043334e+02 1.281947711704333415e+00 3.597819477117043334e+02 3.557819477117043334e+02 3.317819477117043334e+02 3.492819477117043334e+02
1.608755660039344377e+02 1.631255660039344377e+02 1.851255660039344377e+02 1.781255660039344377e+02 1.203755660039344377e+02 1.041255660039344377e+02 2.371255660039344377e+02
1.331327811330015720e+01 1.181327811330015720e+01 1.331327811330015720e+01 8.063278113300157202e+00 3.006327811330015720e+01 4.231327811330015720e+01 2.313278113300157202e+00
8.250538490636927236e+00 5.384906369272357551e-04 1.500538490636927236e+00 3.595005384906369272e+02 3.365005384906369272e+02 3.305005384906369272e+02 3.545005384906369272e+02
3.513999345141578488e+02 3.541499345141578488e+02 6.149934514157820331e+00 2.814993451415782033e+01 2.689993451415782033e+01 3.064993451415782033e+01 3.448999345141578488e+02
3.550413056906363636e+02 9.791305690636363579e+00 1.904130569063636358e+01 1.704130569063636358e+01 8.041305690636363579e+00 3.482913056906363636e+02 3.450413056906363636e+02
1.587412318393023725e+01 1.012412318393023725e+01 7.874123183930237246e+00 8.124123183930237246e+00 4.374123183930237246e+00 6.374123183930237246e+00 7.124123183930237246e+00
2.821522512850827979e+01 2.296522512850827979e+01 2.965225128508279795e+00 3.412152251285082798e+02 3.557152251285082798e+02 7.465225128508279795e+00 3.509652251285082798e+02
3.521726059928334962e+02 3.474226059928334962e+02 3.309226059928334962e+02 3.409226059928334962e+02 3.574226059928334962e+02 3.589226059928334962e+02 3.474226059928334962e+02
3.550664333522506695e+02 1.631643335225068725e+01 6.643335225068724981e-02 3.540664333522506695e+02 6.643335225068724981e-02 5.316433352250687250e+00 1.066433352250687250e+00
2.361623404395999160e+01 2.511623404395999160e+01 2.086623404395999160e+01 1.616234043959991595e+00 4.366234043959991595e+00 1.611623404395999160e+01 3.543662340439599916e+02
3.461972343265757104e+02 3.489472343265757104e+02 3.549472343265757104e+02 3.579472343265757104e+02 1.197234326575724594e+00 3.697234326575724594e+00 1.972343265757245945e-01
3.439649487167268944e+02 3.442149487167268944e+02 3.354649487167268944e+02 3.182149487167268944e+02 3.249649487167268944e+02 3.517149487167268944e+02 3.714948716726908629e+00
3.525041751384339932e+02 4.754175138433964776e+00 1.500417513843396478e+01 2.425417513843396478e+01 1.500417513843396478e+01 1.350417513843396478e+01 7.254175138433964776e+00
3.517403505291329111e+02 3.490350529132939528e+00 1.424035052913293953e+01 1.949035052913293953e+01 1.374035052913293953e+01 3.507403505291329111e+02 3.589903505291329111e+02
3.234185557801330901e+02 3.321685557801330901e+02 3.524185557801330901e+02 1.141855578013310435e+01 6.685557801331043493e-01 1.041855578013310435e+01 4.168555780133104349e+00
0.000000000000000000e+00 0.000000000000000000e+00 0.000000000000000000e+00 0.000000000000000000e+00 0.000000000000000000e+00 0.000000000000000000e+00 0.000000000000000000e+00
6.693947623685119197e+00 1.519394762368511920e+01 2.469394762368511920e+01 2.844394762368511920e+01 3.719394762368511920e+01 3.693947623685119197e+00 3.484439476236851192e+02
1.794256233250627020e+01 1.344256233250627020e+01 6.442562332506270195e+00 4.442562332506270195e+00 3.444256233250627020e+01 1.619256233250627020e+01 3.379425623325062702e+02
1.274133688443953361e+01 7.241336884439533605e+00 2.241336884439533605e+00 1.749133688443953361e+01 3.324133688443953361e+01 1.924133688443953361e+01 3.507413368844395336e+02
0.000000000000000000e+00 0.000000000000000000e+00 0.000000000000000000e+00 0.000000000000000000e+00 0.000000000000000000e+00 0.000000000000000000e+00 0.000000000000000000e+00
5.344924360340201019e+00 1.594924360340201019e+00 3.575949243603402010e+02 3.560949243603402010e+02 3.573449243603402010e+02 3.578449243603402010e+02 1.094924360340201019e+00
0.000000000000000000e+00 0.000000000000000000e+00 0.000000000000000000e+00 0.000000000000000000e+00 0.000000000000000000e+00 0.000000000000000000e+00 0.000000000000000000e+00
3.203401965976897827e+02 3.260901965976897827e+02 7.590196597689754299e+00 2.620901965976897827e+02 3.015901965976897827e+02 4.459019659768975430e+01 3.313401965976897827e+02
7.169478558094510845e-01 2.466947855809451084e+00 2.216947855809451084e+00 3.387169478558094511e+02 3.027169478558094511e+02 2.712169478558094511e+02 2.699669478558094511e+02
0.000000000000000000e+00 0.000000000000000000e+00 0.000000000000000000e+00 0.000000000000000000e+00 0.000000000000000000e+00 0.000000000000000000e+00 0.000000000000000000e+00
5.461860302097818476e+00 3.589618603020978185e+02 3.524618603020978185e+02 3.449618603020978185e+02 3.397118603020978185e+02 3.357118603020978185e+02 3.587118603020978185e+02
0.000000000000000000e+00 0.000000000000000000e+00 0.000000000000000000e+00 0.000000000000000000e+00 0.000000000000000000e+00 0.000000000000000000e+00 0.000000000000000000e+00
6.377401067250417555e+00 4.377401067250417555e+00 2.127401067250417555e+00 3.877401067250417555e+00 5.127401067250417555e+00 1.877401067250417555e+00 4.877401067250417555e+00
0.000000000000000000e+00 0.000000000000000000e+00 0.000000000000000000e+00 0.000000000000000000e+00 0.000000000000000000e+00 0.000000000000000000e+00 0.000000000000000000e+00
3.597552795867975988e+02 3.487552795867975988e+02 3.167552795867975988e+02 3.120052795867975988e+02 3.562552795867975988e+02 3.505279586797584557e+00 2.755279586797584557e+00
0.000000000000000000e+00 0.000000000000000000e+00 0.000000000000000000e+00 0.000000000000000000e+00 0.000000000000000000e+00 0.000000000000000000e+00 0.000000000000000000e+00
3.534604960344913138e+02 3.447104960344913138e+02 3.554604960344913138e+02 6.710496034491292505e+00 1.221049603449129251e+01 1.121049603449129251e+01 4.710496034491292505e+00
2.280677273116333481e+01 2.530677273116333481e+01 2.405677273116333481e+01 7.056772731163334811e+00 3.498067727311633348e+02 2.556772731163334811e+00 6.155677273116333481e+01
2.658886180725403392e+01 3.350888618072540339e+02 2.935888618072540339e+02 3.438388618072540339e+02 3.515888618072540339e+02 3.438388618072540339e+02 3.545888618072540339e+02
3.592738547390124495e+02 3.545238547390124495e+02 3.515238547390124495e+02 3.512738547390124495e+02 3.532738547390124495e+02 1.273854739012421078e+00 3.535238547390124495e+02
3.174982979067615361e+02 3.434982979067615361e+02 3.577482979067615361e+02 5.024829790676153607e+01 4.874829790676153607e+01 6.124829790676153607e+01 3.389982979067615361e+02
1.927475877329720788e+01 2.027475877329720788e+01 1.827475877329720788e+01 1.727475877329720788e+01 1.877475877329720788e+01 3.202475877329720788e+01 3.507747587732972079e+02
1.448647178326461926e+01 9.486471783264619262e+00 5.736471783264619262e+00 4.864717832646192619e-01 3.502364717832646193e+02 3.873647178326461926e+01 3.589864717832646193e+02
0.000000000000000000e+00 0.000000000000000000e+00 0.000000000000000000e+00 0.000000000000000000e+00 0.000000000000000000e+00 0.000000000000000000e+00 0.000000000000000000e+00
0.000000000000000000e+00 0.000000000000000000e+00 0.000000000000000000e+00 0.000000000000000000e+00 0.000000000000000000e+00 0.000000000000000000e+00 0.000000000000000000e+00
1.292897579835755550e+01 9.678975798357555504e+00 6.178975798357555504e+00 2.928975798357555504e+00 3.566789757983575555e+02 1.942897579835755550e+01 3.489289757983575555e+02
9.695267304897129179e+00 8.695267304897129179e+00 8.695267304897129179e+00 8.195267304897129179e+00 4.945267304897129179e+00 1.869526730489712918e+01 3.289452673048971292e+02
3.580125970503828512e+02 3.595125970503828512e+02 2.512597050382851194e+00 3.577625970503828512e+02 3.527625970503828512e+02 1.276259705038285119e+01 3.532625970503828512e+02
1.933866238109561664e+01 8.386623810956166380e-01 5.838662381095616638e+00 1.108866238109561664e+01 3.540886623810956166e+02 3.578386623810956166e+02 3.453386623810956166e+02
0.000000000000000000e+00 0.000000000000000000e+00 0.000000000000000000e+00 0.000000000000000000e+00 0.000000000000000000e+00 0.000000000000000000e+00 0.000000000000000000e+00
2.385688360470965108e+00 3.566356883604709651e+02 3.501356883604709651e+02 6.635688360470965108e+00 1.838568836047096511e+01 3.576356883604709651e+02 3.518856883604709651e+02
6.406021395350762759e+00 3.569060213953507628e+02 1.690602139535076276e+01 3.415602139535076276e+01 1.340602139535076276e+01 3.599060213953507628e+02 3.579060213953507628e+02
3.459612930417706025e+02 3.532112930417706025e+02 3.567112930417706025e+02 3.529612930417706025e+02 3.557112930417706025e+02 6.211293041770602485e+00 3.514612930417706025e+02
0.000000000000000000e+00 0.000000000000000000e+00 0.000000000000000000e+00 0.000000000000000000e+00 0.000000000000000000e+00 0.000000000000000000e+00 0.000000000000000000e+00
2.039077126408284357e+01 1.914077126408284357e+01 1.864077126408284357e+01 2.614077126408284357e+01 8.140771264082843572e+00 2.414077126408284357e+01 3.548907712640828436e+02
1.294692269400411533e+01 4.696922694004115328e+00 3.544469226940041153e+02 3.416969226940041153e+02 3.299469226940041153e+02 3.404469226940041153e+02 3.541969226940041153e+02
1.326346491304502706e+01 1.326346491304502706e+01 1.451346491304502706e+01 8.763464913045027060e+00 3.322634649130450271e+02 4.451346491304502706e+01 3.485134649130450271e+02
0.000000000000000000e+00 0.000000000000000000e+00 0.000000000000000000e+00 0.000000000000000000e+00 0.000000000000000000e+00 0.000000000000000000e+00 0.000000000000000000e+00
0.000000000000000000e+00 0.000000000000000000e+00 0.000000000000000000e+00 0.000000000000000000e+00 0.000000000000000000e+00 0.000000000000000000e+00 0.000000000000000000e+00
3.654415401454286894e+00 3.904415401454286894e+00 1.904415401454286894e+00 3.534044154014542869e+02 3.351544154014542869e+02 2.981544154014542869e+02 2.994044154014542869e+02
3.200759171336472946e+02 3.423259171336472946e+02 1.657591713364726616e+01 3.568259171336472946e+02 2.940759171336472946e+02 4.682591713364726616e+01 8.832591713364726616e+01
3.465960156768150000e+02 1.096015676815000006e+00 5.346015676815000006e+00 7.096015676815000006e+00 2.159601567681500001e+01 2.959601567681500001e+01 3.560960156768150000e+02
1.872732910530544359e+00 2.372732910530544359e+00 6.227329105305443591e-01 3.543727329105305444e+02 2.941227329105305444e+02 2.841227329105305444e+02 5.737273291053054436e+01
0.000000000000000000e+00 0.000000000000000000e+00 0.000000000000000000e+00 0.000000000000000000e+00 0.000000000000000000e+00 0.000000000000000000e+00 0.000000000000000000e+00
3.592757498772156737e+02 3.552757498772156737e+02 3.542757498772156737e+02 3.532757498772156737e+02 3.512757498772156737e+02 1.775749877215673678e+00 3.775749877215673678e+00
1.888879895162051525e+01 7.638798951620515254e+00 3.887989516205152540e-01 6.888798951620515254e+00 1.063879895162051525e+01 5.138879895162051525e+01 3.513887989516205153e+02
0.000000000000000000e+00 0.000000000000000000e+00 0.000000000000000000e+00 0.000000000000000000e+00 0.000000000000000000e+00 0.000000000000000000e+00 0.000000000000000000e+00
0.000000000000000000e+00 0.000000000000000000e+00 0.000000000000000000e+00 0.000000000000000000e+00 0.000000000000000000e+00 0.000000000000000000e+00 0.000000000000000000e+00
3.379361413626526769e+02 3.406861413626526769e+02 1.686141362652662679e+00 1.593614136265266268e+01 1.268614136265266268e+01 2.186141362652662679e+00 3.544361413626526769e+02
3.521124756877732125e+02 3.431124756877732125e+02 3.026124756877732125e+02 2.838624756877732125e+02 2.906124756877732125e+02 2.586247568777321248e+01 3.341124756877732125e+02
2.222745473795502846e+01 1.597745473795502846e+01 6.727454737955028463e+00 3.554774547379550427e+02 3.482274547379550427e+02 3.622745473795502846e+01 9.472745473795502846e+01
3.511038154784628205e+02 3.103815478462848887e+00 1.210381547846284889e+01 1.385381547846284889e+01 2.853815478462848887e+00 3.448538154784628205e+02 3.463538154784628205e+02
6.270907542079243058e+00 5.770907542079243058e+00 4.770907542079243058e+00 4.270907542079243058e+00 5.270907542079243058e+00 3.422709075420792715e+02 3.477709075420792715e+02
0.000000000000000000e+00 0.000000000000000000e+00 0.000000000000000000e+00 0.000000000000000000e+00 0.000000000000000000e+00 0.000000000000000000e+00 0.000000000000000000e+00
0.000000000000000000e+00 0.000000000000000000e+00 0.000000000000000000e+00 0.000000000000000000e+00 0.000000000000000000e+00 0.000000000000000000e+00 0.000000000000000000e+00
