6.604341785659593178e-01 5.304518185165641997e-01 5.497780277731199039e-01 4.755755107605029730e-01 4.917382807006795420e-01 7.493721462602770389e-01 6.717461510206909070e-01
8.096621021363774595e-01 7.411530349949010388e-01 8.716284744575212295e-01 9.041558590851866972e-01 9.065942460857276952e-01 8.054228962232155009e-01 7.909393371901574099e-01
7.184399499253386612e-01 5.614116335678842606e-01 6.297238492838395096e-01 6.926513480569045367e-01 8.744035754426795481e-01 9.234932038290214473e-01 9.750535354286584688e-01
8.304513102874118147e-01 8.598781558136087133e-01 7.221740112344467999e-01 7.056898183847715167e-01 7.390488337410142661e-01 7.310203785606670390e-01 8.188212486032943049e-01
8.177494215770373387e-01 8.501153130974858918e-01 7.438561259432595607e-01 7.990050409057330993e-01 7.982390772238153742e-01 6.531793585874140495e-01 7.691628621887763861e-01
9.158922180131530144e-01 8.634854087852150695e-01 8.161938680636360299e-01 7.033074169635026296e-01 3.228768727723078102e-01 4.543452181629800690e-01 5.382545400625757814e-01
6.211042556546495508e-01 7.714744290325652454e-01 8.917379455969074442e-01 9.164548423702346680e-01 9.025431376894766933e-01 8.885091067316025493e-01 8.594002677466698881e-01
6.838615714595561723e-01 6.722745025499862193e-01 5.437328377620868070e-01 3.746165380309178783e-01 3.340739393486714115e-01 6.575120856345965104e-01 9.007790836368468890e-01
0.000000000000000000e+00 0.000000000000000000e+00 0.000000000000000000e+00 0.000000000000000000e+00 0.000000000000000000e+00 0.000000000000000000e+00 0.000000000000000000e+00
8.930091564223866518e-01 8.829960113545163303e-01 7.759454494560136251e-01 8.369193013604416809e-01 9.082350677423133289e-01 9.447773027883036301e-01 9.771093247761420963e-01
6.839385567020230816e-01 5.849753535910564572e-01 4.330290512952302828e-01 4.038121090103316546e-01 4.322851477836163747e-01 3.877336803297448120e-01 7.698380936062291235e-01
2.566500859541411272e-01 1.779512549755772055e-01 6.311115242819720361e-01 3.993250126931091049e-01 3.207062229302107825e-01 2.943711512061180091e-01 5.114189393625039326e-01
7.698005780492186423e-01 6.854083216164787995e-01 6.856935670483257361e-01 8.464463370145758336e-01 8.202389633303537320e-01 8.461936497233689680e-01 9.447784820679725470e-01
0.000000000000000000e+00 0.000000000000000000e+00 0.000000000000000000e+00 0.000000000000000000e+00 0.000000000000000000e+00 0.000000000000000000e+00 0.000000000000000000e+00
8.962781738197863612e-01 9.542545757314906396e-01 9.465100351838958703e-01 9.271775709325997816e-01 9.190926889973951575e-01 9.600612870612702521e-01 9.567238535458670867e-01
0.000000000000000000e+00 0.000000000000000000e+00 0.000000000000000000e+00 0.000000000000000000e+00 0.000000000000000000e+00 0.000000000000000000e+00 0.000000000000000000e+00
0.000000000000000000e+00 0.000000000000000000e+00 0.000000000000000000e+00 0.000000000000000000e+00 0.000000000000000000e+00 0.000000000000000000e+00 0.000000000000000000e+00
0.000000000000000000e+00 0.000000000000000000e+00 0.000000000000000000e+00 0.000000000000000000e+00 0.000000000000000000e+00 0.000000000000000000e+00 0.000000000000000000e+00
0.000000000000000000e+00 0.000000000000000000e+00 0.000000000000000000e+00 0.000000000000000000e+00 0.000000000000000000e+00 0.000000000000000000e+00 0.000000000000000000e+00
0.000000000000000000e+00 0.000000000000000000e+00 0.000000000000000000e+00 0.000000000000000000e+00 0.000000000000000000e+00 0.000000000000000000e+00 0.000000000000000000e+00
6.916063669097524125e-01 7.575448074023376499e-01 7.185314766418431365e-01 5.673572959096434554e-01 3.399534344317018397e-01 5.321984908760141186e-01 4.836353118089238290e-01
7.844801602876462221e-01 8.673468093196161632e-01 9.123565705085902033e-01 9.672951517333139293e-01 9.648748602600083490e-01 9.124836701161836983e-01 8.738416320336381826e-01
8.633095165898591050e-01 8.459156047208419293e-01 8.752478947829217537e-01 8.098764332233764351e-01 9.298539311987356060e-01 9.603621277053474570e-01 9.747287783706156672e-01
8.348289796433353560e-01 7.710321521278089563e-01 8.786666290647986433e-01 8.859085139486837512e-01 9.396818342018107284e-01 8.861214615788057802e-01 9.050713203528972794e-01
7.942695197595727175e-01 8.575735481874963151e-01 8.605757808898242267e-01 7.526186246749529962e-01 8.077013503463521538e-01 9.100849889384332592e-01 8.910351675268838312e-01
9.008340670570427200e-01 7.943393005416260477e-01 8.656807339643656229e-01 8.886184114712558646e-01 8.432647174588706607e-01 8.598508473416941467e-01 8.421537141500761159e-01
9.085386084369921900e-01 9.352482956137868619e-01 7.732919972834032540e-01 8.874951305303712124e-01 9.669274698537076995e-01 9.837377883343287888e-01 9.850782059166505178e-01
0.000000000000000000e+00 0.000000000000000000e+00 0.000000000000000000e+00 0.000000000000000000e+00 0.000000000000000000e+00 0.000000000000000000e+00 0.000000000000000000e+00
7.720874373675395974e-01 8.873690018209888786e-01 9.290962154508350945e-01 8.622898498584539162e-01 8.363246170582351313e-01 5.036928477017682537e-01 4.247823844048033148e-01
3.348048126763811250e-01 3.080088467817372888e-01 7.622323868222394827e-01 7.774181477181063560e-01 6.000237180703426043e-01 4.017109765387803511e-01 6.646431745150324089e-01
7.945031054763225242e-01 8.158300159737672530e-01 8.307488602371683184e-01 7.761219156444476575e-01 8.354928325472807948e-01 7.379863005822202560e-01 8.207561225960963158e-01
8.771003285521292714e-01 8.955960972368204320e-01 9.158731589578097410e-01 9.199409794099807636e-01 8.736281883748786559e-01 6.724208971029993487e-01 6.919374486360276855e-01
0.000000000000000000e+00 0.000000000000000000e+00 0.000000000000000000e+00 0.000000000000000000e+00 0.000000000000000000e+00 0.000000000000000000e+00 0.000000000000000000e+00
7.749101714189492451e-01 8.428214644024848434e-01 8.457974936471867045e-01 8.976207576721147996e-01 9.811811798045918520e-01 9.881443202831200479e-01 9.777949838783613901e-01
9.448052447042558644e-01 8.932184055414764678e-01 8.407124182354770436e-01 7.997113037096660326e-01 8.524807509100555958e-01 9.215398162293325646e-01 9.736120993163476234e-01
8.976140357065643949e-01 9.386335468879651867e-01 9.269798618835304316e-01 6.636829302592283097e-01 7.758115802824664398e-01 9.006473817105847823e-01 7.432541489136066382e-01
7.327525696289072243e-01 7.360041923558435784e-01 5.068762010678031782e-01 5.621685763063045682e-01 8.729117233488342675e-01 8.171098574051289809e-01 9.084818216429211279e-01
8.038665579173364106e-01 8.024890071271296721e-01 7.454384562430886874e-01 5.756146852152027593e-01 4.855624236466585253e-01 5.734568484119807463e-01 5.998687773897061204e-01
3.537829126112678191e-01 3.279491482820918735e-01 4.532965133950050962e-01 5.548315499787225269e-01 7.907237512312188521e-01 8.649389251907894094e-01 9.205524893040172296e-01
4.380296441966433640e-01 4.038658249108767473e-01 5.958844634614819391e-01 6.788962226767059072e-01 7.209879540509894769e-01 7.369935207176727676e-01 8.528287876839389936e-01
7.535059374137021981e-01 7.851803515073363382e-01 7.433638686879182611e-01 8.000604885646778186e-01 7.956914932832490628e-01 3.839875706598661065e-01 4.911007686192481736e-01
0.000000000000000000e+00 0.000000000000000000e+00 0.000000000000000000e+00 0.000000000000000000e+00 0.000000000000000000e+00 0.000000000000000000e+00 0.000000000000000000e+00
8.722540426276348402e-01 8.701364081272794371e-01 9.226957337805155035e-01 5.930254609997429593e-01 4.276475597040862997e-01 4.547554863690434490e-01 6.689149753829950473e-01
7.378222957369942048e-01 4.902169053368666818e-01 4.962562415704844798e-01 5.303890004429087091e-01 7.436798410959537531e-01 8.600070412519666974e-01 8.176301235387599675e-01
7.799630625808532391e-01 7.998609781404746322e-01 5.482812861133173898e-01 5.786333531268813557e-01 1.226106170324348932e-01 5.437130449901486084e-01 8.363305451498124210e-01
5.026911029850575918e-01 7.699464599252101582e-01 7.723149240635311941e-01 5.640621502426790279e-01 5.954919070714349560e-01 8.516819201355855240e-01 7.005750916561225283e-01
9.068553126774178130e-01 9.536163536836985699e-01 9.478547090236055794e-01 9.151066975671457993e-01 9.354175853012389741e-01 9.047555725726137421e-01 9.482129384714284015e-01
0.000000000000000000e+00 0.000000000000000000e+00 0.000000000000000000e+00 0.000000000000000000e+00 0.000000000000000000e+00 0.000000000000000000e+00 0.000000000000000000e+00
0.000000000000000000e+00 0.000000000000000000e+00 0.000000000000000000e+00 0.000000000000000000e+00 0.000000000000000000e+00 0.000000000000000000e+00 0.000000000000000000e+00
7.701713395346383439e-01 7.964528230252587715e-01 8.068532197926947536e-01 6.177824355791913247e-01 4.326953999910460591e-01 4.543760934716213340e-01 6.750634283387025869e-01
6.416681653775447858e-01 8.154969495839446969e-01 7.486646962305182340e-01 7.030263219905502625e-01 6.886642681213891448e-01 7.871974671272748969e-01 8.394804184137056868e-01
6.268418790264091989e-01 6.160447151316780223e-01 5.397398538729750728e-01 3.858521099039200486e-01 6.080123427087342769e-01 6.873587575162796171e-01 8.240594540059414941e-01
0.000000000000000000e+00 0.000000000000000000e+00 0.000000000000000000e+00 0.000000000000000000e+00 0.000000000000000000e+00 0.000000000000000000e+00 0.000000000000000000e+00
6.402494307388996164e-01 8.512424425665362504e-01 8.003239812563652800e-01 7.908874300555136516e-01 7.066591839555598220e-01 8.944337746521363597e-01 9.846326689322186798e-01
5.396819991315857656e-01 6.415375665892156798e-01 6.287427514039348742e-01 5.999261454006686867e-01 5.902088514745291725e-01 6.738573848148909917e-01 7.709922431259397246e-01
0.000000000000000000e+00 0.000000000000000000e+00 0.000000000000000000e+00 0.000000000000000000e+00 0.000000000000000000e+00 0.000000000000000000e+00 0.000000000000000000e+00
0.000000000000000000e+00 0.000000000000000000e+00 0.000000000000000000e+00 0.000000000000000000e+00 0.000000000000000000e+00 0.000000000000000000e+00 0.000000000000000000e+00
0.000000000000000000e+00 0.000000000000000000e+00 0.000000000000000000e+00 0.000000000000000000e+00 0.000000000000000000e+00 0.000000000000000000e+00 0.000000000000000000e+00
0.000000000000000000e+00 0.000000000000000000e+00 0.000000000000000000e+00 0.000000000000000000e+00 0.000000000000000000e+00 0.000000000000000000e+00 0.000000000000000000e+00
7.440243473185349510e-01 6.272620648293439904e-01 6.300785849056714794e-01 8.357036329181878331e-01 8.495148913865921969e-01 5.503160746071649179e-01 7.547377223765390497e-02
7.841653763465051830e-01 7.749779669936880389e-01 8.129840734883774234e-01 9.080983109101949946e-01 9.353783384790668176e-01 9.584880695551463159e-01 9.725513538860139917e-01
8.298194223431087924e-01 9.163627724825714749e-01 9.221179574451301431e-01 9.188640690184189941e-01 8.769331723026840830e-01 7.149238826146182557e-01 6.276648926149692720e-01
8.309479865152286093e-01 7.991653122857232949e-01 9.399394765226347648e-01 9.171568016575147864e-01 7.787446563041104941e-01 8.752720177783783750e-01 9.206902070585344378e-01
0.000000000000000000e+00 0.000000000000000000e+00 0.000000000000000000e+00 0.000000000000000000e+00 0.000000000000000000e+00 0.000000000000000000e+00 0.000000000000000000e+00
7.469987658360642824e-01 8.183753862120488609e-01 7.153455277189302297e-01 6.755384709078385841e-01 7.620471126843822995e-01 8.156161836377839869e-01 9.309385519963830902e-01
0.000000000000000000e+00 0.000000000000000000e+00 0.000000000000000000e+00 0.000000000000000000e+00 0.000000000000000000e+00 0.000000000000000000e+00 0.000000000000000000e+00
8.770108319385063744e-01 9.210516183536766599e-01 9.480447420239392908e-01 9.495484302258780929e-01 9.316523014000298586e-01 8.778377820174281254e-01 8.766041274916618331e-01
8.134793556730611774e-01 6.193000271952646685e-01 4.706243814186221175e-01 5.463041474091483440e-01 3.787743437808213098e-01 3.262499323810266749e-01 7.035683700280802588e-01
