6.299948405214812475e-01 7.707102996850724308e-01 4.610496836454319181e-01 2.782261520966261004e-01 1.818371816200935187e-01 3.727787911725943815e-01 6.110364655928480770e-01
9.764035711913776616e-01 9.563819969958399225e-01 9.549217544996173590e-01 9.284535525662780397e-01 9.095706022089340426e-01 8.242431172607634915e-01 4.504038717105250389e-01
8.179195588749227364e-01 8.619119958324017450e-01 8.361903956112770597e-01 8.263955735358003984e-01 8.210525000757655789e-01 8.106729786161291917e-01 7.576468399398026410e-01
9.635371602553823855e-01 9.679099250024283396e-01 9.561758362049276316e-01 9.305955505432449426e-01 9.081222237868002978e-01 7.336989459829044158e-01 5.922690507152358341e-01
9.473188130545822094e-01 9.386933052103351161e-01 8.466143084757427051e-01 7.905873608337532499e-01 6.941657332625530419e-01 3.051172129276028544e-01 7.955109026903793845e-01
9.481801704677110809e-01 9.544142656527137003e-01 9.751004412860584392e-01 9.852744602404229779e-01 9.859271548815952135e-01 9.240460296735757417e-01 5.720850292839769757e-01
9.156639370452621662e-01 9.205462128756207729e-01 9.327552031614249062e-01 7.063618346785098812e-01 7.477687470753906496e-01 4.809413065472916138e-01 7.703396472886144819e-01
9.664996400883207883e-01 9.448166613946514802e-01 9.250303684375642543e-01 8.561275168997442009e-01 8.158240074970395384e-01 6.036206281223388537e-01 4.724627596586460365e-01
0.000000000000000000e+00 0.000000000000000000e+00 0.000000000000000000e+00 0.000000000000000000e+00 0.000000000000000000e+00 0.000000000000000000e+00 0.000000000000000000e+00
7.596221926147301851e-01 8.056816060349120123e-01 8.125355769473810996e-01 7.889050626355629259e-01 8.433101354865806254e-01 8.103443649250819947e-01 7.218312514840210525e-01
9.669327972170791430e-01 9.722819741423363027e-01 9.612600883280059128e-01 8.904372987010328311e-01 5.793413424346698370e-01 3.097062434977052581e-01 3.965818847802965452e-01
7.448064466066854905e-01 7.844816992616836515e-01 7.975138096725185033e-01 7.210151911082279819e-01 6.350363803269735152e-01 5.544131107996487229e-01 2.522154154657295089e-01
8.957227611795905986e-01 9.210708112464126573e-01 9.223873233536692418e-01 8.955742683430898410e-01 9.459469648988663160e-01 8.778353160930472132e-01 8.468660284370428393e-01
0.000000000000000000e+00 0.000000000000000000e+00 0.000000000000000000e+00 0.000000000000000000e+00 0.000000000000000000e+00 0.000000000000000000e+00 0.000000000000000000e+00
9.876312409484071519e-01 9.902537441472339941e-01 9.912898462791092102e-01 9.916709423532890089e-01 9.956228798281425707e-01 9.955114921170891140e-01 9.969327263475509238e-01
0.000000000000000000e+00 0.000000000000000000e+00 0.000000000000000000e+00 0.000000000000000000e+00 0.000000000000000000e+00 0.000000000000000000e+00 0.000000000000000000e+00
0.000000000000000000e+00 0.000000000000000000e+00 0.000000000000000000e+00 0.000000000000000000e+00 0.000000000000000000e+00 0.000000000000000000e+00 0.000000000000000000e+00
0.000000000000000000e+00 0.000000000000000000e+00 0.000000000000000000e+00 0.000000000000000000e+00 0.000000000000000000e+00 0.000000000000000000e+00 0.000000000000000000e+00
0.000000000000000000e+00 0.000000000000000000e+00 0.000000000000000000e+00 0.000000000000000000e+00 0.000000000000000000e+00 0.000000000000000000e+00 0.000000000000000000e+00
0.000000000000000000e+00 0.000000000000000000e+00 0.000000000000000000e+00 0.000000000000000000e+00 0.000000000000000000e+00 0.000000000000000000e+00 0.000000000000000000e+00
9.631626014684054882e-01 9.533424439819417895e-01 8.534044528220713355e-01 7.975335287463090062e-01 7.170169191862001412e-01 6.091408687242551023e-01 6.515884041695080287e-01
9.431994276982539338e-01 9.396149185349967903e-01 9.615748429984523060e-01 9.758840165912436859e-01 9.787504275866106829e-01 5.601186127335828768e-01 9.613532192943553545e-01
9.115922270790616233e-01 8.882190336850357415e-01 9.345054235634906448e-01 9.787211383899604433e-01 9.884612279403645063e-01 9.886566779519719850e-01 9.784660132854087200e-01
9.687006001220269669e-01 9.617782369220237992e-01 9.557508685429116913e-01 9.668923800046522743e-01 9.793648890168046295e-01 9.816555552995899214e-01 9.851220323500990972e-01
8.169381066721522755e-01 6.812597085579428224e-01 6.892581472487937511e-01 7.277890041636485563e-01 7.436301555107525108e-01 6.729829113537654228e-01 7.503434852553922951e-01
9.900706146981541611e-01 9.802886374315469276e-01 9.712895769673812740e-01 9.621350041494314276e-01 9.421323269109512788e-01 8.141028441740244537e-01 8.445966926532157970e-01
8.757123657587759791e-01 8.942404960129572977e-01 9.047336579964889713e-01 9.349756331119911668e-01 8.927499135489253002e-01 7.773610908008086184e-01 8.909478174185486710e-01
0.000000000000000000e+00 0.000000000000000000e+00 0.000000000000000000e+00 0.000000000000000000e+00 0.000000000000000000e+00 0.000000000000000000e+00 0.000000000000000000e+00
9.247124119175686996e-01 9.291191037303972999e-01 9.446546611050686826e-01 9.528520376259212998e-01 9.461577821389329790e-01 9.258861690033636238e-01 8.154807261280764275e-01
9.020164109161770138e-01 8.986916993958304900e-01 7.930984952702533342e-01 7.113995217129702731e-01 4.496936764314507506e-01 4.152293582879497680e-01 4.525305426221122307e-01
9.875389960249798538e-01 9.859520316814300855e-01 9.787286272805573173e-01 9.723767183791434121e-01 9.474773525732660406e-01 6.654737333576350444e-01 9.470379366636141327e-01
6.967452665401908662e-01 8.398367632320170584e-01 8.571635309585549090e-01 8.800058167017593691e-01 9.560141404449231661e-01 9.747891745367395222e-01 9.608547641271485418e-01
0.000000000000000000e+00 0.000000000000000000e+00 0.000000000000000000e+00 0.000000000000000000e+00 0.000000000000000000e+00 0.000000000000000000e+00 0.000000000000000000e+00
7.619265272423904056e-01 5.350624377843405943e-01 1.958320009512795890e-01 3.372495890829945164e-01 6.757009887972876827e-01 6.648233595967009135e-01 7.933345726349450011e-01
9.920882884556776471e-01 9.877442811806829148e-01 9.842916407177672022e-01 9.873691289113971647e-01 9.794832134811047863e-01 8.795496765100437875e-01 9.101606819473148091e-01
7.438528630223409932e-01 7.540953506305190235e-01 8.760283283306086188e-01 8.795619773858461832e-01 9.225163017724369308e-01 9.444304856668932491e-01 9.152432384287891853e-01
8.154352670546862747e-01 7.974623946612172665e-01 8.297000278291744024e-01 9.113062861501410872e-01 9.590981958968900489e-01 9.408061411331166690e-01 9.386872242368453634e-01
7.772088231545681847e-01 8.503652932714133028e-01 7.883230419918307863e-01 8.018615721727805346e-01 5.931874803930753393e-01 3.183872287771360443e-01 3.840909170106556747e-01
9.115295547072461702e-01 8.096255802782158506e-01 5.759268475034317047e-01 2.606251204664669641e-01 3.517590113048612022e-01 5.864661043436804055e-01 8.826874184619054597e-01
7.202374359330571130e-01 5.231545986167113194e-01 5.858653468877539350e-01 6.366425610023601633e-01 6.729870343777513142e-01 7.157557907922977858e-01 7.126182326057968197e-01
9.149442480396590138e-01 9.274363857354860352e-01 9.381221615614594445e-01 9.585035002981181496e-01 9.777622223679871549e-01 9.850663342352206087e-01 9.694559618608170615e-01
0.000000000000000000e+00 0.000000000000000000e+00 0.000000000000000000e+00 0.000000000000000000e+00 0.000000000000000000e+00 0.000000000000000000e+00 0.000000000000000000e+00
9.263989757993489338e-01 9.294100464325538713e-01 9.503822424991132944e-01 9.616712505320704762e-01 9.658390087236702337e-01 5.488589355498397770e-01 3.042965842745877780e-01
9.187261830590374156e-01 9.532803081704647186e-01 9.720709175366594179e-01 9.751406206151547185e-01 9.863074014732383654e-01 9.823974655007493562e-01 9.775637077779459894e-01
9.795609148577093528e-01 9.313364777941788297e-01 9.052999649250765835e-01 9.626972297417909497e-01 9.517073002593011699e-01 8.621777557066677700e-01 7.039367444189807976e-01
9.661013990568856347e-01 9.651787117158532325e-01 9.725590328747046875e-01 9.031644619487556591e-01 8.214081472564624953e-01 8.817548886825926635e-01 8.407901035340573648e-01
9.875732663617240448e-01 9.895304474160763197e-01 9.915756088134819457e-01 9.925988068410080967e-01 9.956099225840875366e-01 9.944818871053975329e-01 8.802727882595809961e-01
0.000000000000000000e+00 0.000000000000000000e+00 0.000000000000000000e+00 0.000000000000000000e+00 0.000000000000000000e+00 0.000000000000000000e+00 0.000000000000000000e+00
0.000000000000000000e+00 0.000000000000000000e+00 0.000000000000000000e+00 0.000000000000000000e+00 0.000000000000000000e+00 0.000000000000000000e+00 0.000000000000000000e+00
8.137256702050957857e-01 8.341705253532538666e-01 7.789831246364663508e-01 7.600789147684705593e-01 5.772309809310878226e-01 3.640476463081917524e-01 4.629660828493779579e-01
9.530617905596211470e-01 9.466183054120099749e-01 9.216695958806065958e-01 8.158209798436556470e-01 4.759590704038443865e-01 5.339842057470949310e-01 7.484631757883295489e-01
8.518014900842918458e-01 8.982236665019206479e-01 8.779743005135012268e-01 8.909578070788412019e-01 9.540672796097681152e-01 9.319021123580336630e-01 8.500311667093983781e-01
0.000000000000000000e+00 0.000000000000000000e+00 0.000000000000000000e+00 0.000000000000000000e+00 0.000000000000000000e+00 0.000000000000000000e+00 0.000000000000000000e+00
8.337628240942855928e-01 8.694129688555067847e-01 8.467597486295065368e-01 8.767171123959314194e-01 8.946099391363908637e-01 8.854436024425645924e-01 8.387210841117350713e-01
9.723312812898301516e-01 9.753511867358651832e-01 9.796569508440581275e-01 9.667338017548418039e-01 9.470647278582903228e-01 8.910824921329199011e-01 6.340973348548264443e-01
0.000000000000000000e+00 0.000000000000000000e+00 0.000000000000000000e+00 0.000000000000000000e+00 0.000000000000000000e+00 0.000000000000000000e+00 0.000000000000000000e+00
0.000000000000000000e+00 0.000000000000000000e+00 0.000000000000000000e+00 0.000000000000000000e+00 0.000000000000000000e+00 0.000000000000000000e+00 0.000000000000000000e+00
0.000000000000000000e+00 0.000000000000000000e+00 0.000000000000000000e+00 0.000000000000000000e+00 0.000000000000000000e+00 0.000000000000000000e+00 0.000000000000000000e+00
0.000000000000000000e+00 0.000000000000000000e+00 0.000000000000000000e+00 0.000000000000000000e+00 0.000000000000000000e+00 0.000000000000000000e+00 0.000000000000000000e+00
9.368827128503024460e-01 9.241727783995163925e-01 9.047820662378025514e-01 8.834834825614249487e-01 9.016106168842069613e-01 4.663441142252163218e-01 4.490366586484045297e-01
9.461569623270768004e-01 9.718202546233285499e-01 9.758610928080075908e-01 9.648973036654555635e-01 9.458747138466772064e-01 3.777084999269707533e-01 6.040169122896168474e-01
9.634127646653023458e-01 9.547583569216179233e-01 9.546920693509715061e-01 9.585209253527355866e-01 9.384883794735828788e-01 7.719769631653681241e-01 4.611940492812485748e-01
9.589365501600315422e-01 9.538223280441229246e-01 9.616103428113186302e-01 8.766415119652131160e-01 7.585786636335994926e-01 5.991378687183209761e-01 3.181474582949564978e-01
0.000000000000000000e+00 0.000000000000000000e+00 0.000000000000000000e+00 0.000000000000000000e+00 0.000000000000000000e+00 0.000000000000000000e+00 0.000000000000000000e+00
8.822682855415548975e-01 8.673569185917686664e-01 8.230926792646178214e-01 5.102119586238065274e-01 5.439867685372824502e-01 8.315760947076464848e-01 9.098874560004834855e-01
0.000000000000000000e+00 0.000000000000000000e+00 0.000000000000000000e+00 0.000000000000000000e+00 0.000000000000000000e+00 0.000000000000000000e+00 0.000000000000000000e+00
9.527874040811461498e-01 9.672716135137592319e-01 9.745314635352416710e-01 9.781201692474433829e-01 9.755468171466800120e-01 9.259657260351250585e-01 7.606556940800759392e-01
9.244798020691308293e-01 8.785338186293241147e-01 8.881392055269387020e-01 8.612507831050354445e-01 5.505632821289969669e-01 6.936501923713843665e-01 9.116840227869427160e-01
