2.148127549010439452e+00 3.583981275490104395e+02 3.398127549010439452e+00 1.164812754901043945e+01 3.593981275490104395e+02 1.114812754901043945e+01 3.376481275490104395e+02
3.114354692892729304e+02 6.935469289272930382e+00 2.393546928927293038e+01 2.643546928927293038e+01 2.218546928927293038e+01 3.554354692892729304e+02 6.435469289272930382e+00
3.465959815606826169e+02 3.385959815606826169e+02 3.475959815606826169e+02 3.845981560682616873e+00 3.555959815606826169e+02 3.488459815606826169e+02 3.503459815606826169e+02
1.040179872342008593e+01 2.590179872342008593e+01 1.690179872342008593e+01 3.359017987234200859e+02 3.274017987234200859e+02 3.534017987234200859e+02 7.151798723420085935e+00
1.322042010107190890e+01 2.172042010107190890e+01 2.297042010107190890e+01 5.470420101071908903e+00 3.589704201010719089e+02 3.462204201010719089e+02 3.449704201010719089e+02
3.230623552635634042e+02 3.418123552635634042e+02 6.312355263563404151e+00 5.562355263563404151e+00 1.256235526356340415e+01 4.406235526356340415e+01 2.388123552635634042e+02
3.548348956159967429e+02 1.633489561599674289e+01 2.783489561599674289e+01 1.333489561599674289e+01 6.334895615996742890e+00 6.834895615996742890e+00 3.313348956159967429e+02
1.030790221848803867e+00 3.302807902218488039e+02 3.402807902218488039e+02 3.507807902218488039e+02 1.228079022184880387e+01 1.253079022184880387e+01 7.780790221848803867e+00
0.000000000000000000e+00 0.000000000000000000e+00 0.000000000000000000e+00 0.000000000000000000e+00 0.000000000000000000e+00 0.000000000000000000e+00 0.000000000000000000e+00
2.248923192408153682e+01 8.239231924081536818e+00 3.412392319240815368e+02 9.892319240815368175e-01 3.534892319240815368e+02 3.489892319240815368e+02 3.497392319240815368e+02
1.119837823008634814e+01 5.948378230086348140e+00 5.198378230086348140e+00 1.419837823008634814e+01 3.546983782300863481e+02 3.406983782300863481e+02 3.386983782300863481e+02
2.370624113361042191e+02 2.428124113361042191e+02 9.456241133610421912e+01 5.681241133610421912e+01 7.812411336104219117e+00 3.350624113361042191e+02 1.880624113361042191e+02
3.595602702351472431e+02 3.563102702351472431e+02 2.106027023514724306e+01 3.256027023514724306e+01 2.906027023514724306e+01 1.481027023514724306e+01 7.060270235147243056e+00
0.000000000000000000e+00 0.000000000000000000e+00 0.000000000000000000e+00 0.000000000000000000e+00 0.000000000000000000e+00 0.000000000000000000e+00 0.000000000000000000e+00
3.470966822473327511e+02 3.533466822473327511e+02 5.096682247332751103e+00 9.846682247332751103e+00 3.578466822473327511e+02 3.598466822473327511e+02 3.583466822473327511e+02
0.000000000000000000e+00 0.000000000000000000e+00 0.000000000000000000e+00 0.000000000000000000e+00 0.000000000000000000e+00 0.000000000000000000e+00 0.000000000000000000e+00
0.000000000000000000e+00 0.000000000000000000e+00 0.000000000000000000e+00 0.000000000000000000e+00 0.000000000000000000e+00 0.000000000000000000e+00 0.000000000000000000e+00
0.000000000000000000e+00 0.000000000000000000e+00 0.000000000000000000e+00 0.000000000000000000e+00 0.000000000000000000e+00 0.000000000000000000e+00 0.000000000000000000e+00
0.000000000000000000e+00 0.000000000000000000e+00 0.000000000000000000e+00 0.000000000000000000e+00 0.000000000000000000e+00 0.000000000000000000e+00 0.000000000000000000e+00
0.000000000000000000e+00 0.000000000000000000e+00 0.000000000000000000e+00 0.000000000000000000e+00 0.000000000000000000e+00 0.000000000000000000e+00 0.000000000000000000e+00
4.748964862140445575e+01 6.048964862140445575e+01 3.499896486214044558e+02 3.457396486214044558e+02 3.387396486214044558e+02 3.489648621404455753e+00 3.032396486214044558e+02
3.362149471500993059e+02 3.274649471500993059e+02 3.507149471500993059e+02 3.502149471500993059e+02 3.542149471500993059e+02 6.464947150099305873e+00 1.721494715009930587e+01
2.007558461340681788e+01 1.582558461340681788e+01 3.555755846134068179e+02 3.435755846134068179e+02 3.423255846134068179e+02 3.533255846134068179e+02 3.510755846134068179e+02
3.438762153160077446e+02 3.516262153160077446e+02 3.483762153160077446e+02 3.488762153160077446e+02 3.376215316007744605e+00 1.012621531600774460e+01 3.563762153160077446e+02
3.579118748554803346e+02 3.501618748554803346e+02 3.451618748554803346e+02 3.399118748554803346e+02 3.274118748554803346e+02 3.339118748554803346e+02 3.519118748554803346e+02
1.301591453439488077e+01 1.651591453439488077e+01 3.502659145343948808e+02 3.420159145343948808e+02 3.565159145343948808e+02 3.587659145343948808e+02 5.626591453439488077e+01
5.634977216153816926e+01 3.109977216153816926e+01 1.084977216153816926e+01 3.099772161538169257e+00 3.568497721615381693e+02 3.468497721615381693e+02 3.395997721615381693e+02
0.000000000000000000e+00 0.000000000000000000e+00 0.000000000000000000e+00 0.000000000000000000e+00 0.000000000000000000e+00 0.000000000000000000e+00 0.000000000000000000e+00
3.567271173166593599e+02 1.727117316659359858e+00 3.394771173166593599e+02 1.797711731665935986e+01 1.847711731665935986e+01 2.797711731665935986e+01 2.432271173166593599e+02
3.293958770853430451e+02 1.776458770853430451e+02 1.881458770853430451e+02 1.858958770853430451e+02 1.921458770853430451e+02 1.641458770853430451e+02 3.591458770853430451e+02
9.060349180470097963e+00 1.881034918047009796e+01 1.231034918047009796e+01 2.881034918047009796e+01 6.131034918047009796e+01 1.005603491804700980e+02 1.200603491804700980e+02
3.595320076440505090e+02 2.532007644050509043e+00 3.555320076440505090e+02 3.570320076440505090e+02 1.553200764405050904e+01 6.103200764405050904e+01 2.677820076440505090e+02
0.000000000000000000e+00 0.000000000000000000e+00 0.000000000000000000e+00 0.000000000000000000e+00 0.000000000000000000e+00 0.000000000000000000e+00 0.000000000000000000e+00
1.390989063716619967e+01 4.159890637166199667e+00 6.159890637166199667e+00 2.240989063716619967e+01 1.690989063716619967e+01 1.265989063716619967e+01 1.515989063716619967e+01
3.559535751124554963e+02 3.389535751124554963e+02 1.495357511245549631e+01 9.535751124554963098e-01 4.953575112455496310e+00 3.795357511245549631e+01 2.942035751124554963e+02
3.433275143986036824e+02 5.775143986036823662e-01 2.907751439860368237e+01 3.060775143986036824e+02 2.875775143986036824e+02 1.783275143986036824e+02 1.765775143986036824e+02
1.377884146294434231e+01 1.778841462944342311e+00 3.435288414629443423e+02 3.400288414629443423e+02 3.435288414629443423e+02 3.567788414629443423e+02 2.077884146294434231e+01
2.024842469384049082e+01 2.099842469384049082e+01 1.099842469384049082e+01 3.419984246938404908e+02 6.124842469384049082e+01 2.824842469384049082e+01 1.662484246938404908e+02
1.164485799962460533e+01 2.764485799962460533e+01 1.039485799962460533e+01 7.144857999624605327e+00 3.458948579996246053e+02 2.916448579996246053e+02 1.114485799962460533e+01
