3.578735194503792059e+02 3.261235194503792059e+02 3.578735194503792059e+02 6.235194503792058640e-01 3.787351945037920586e+01 7.637351945037920586e+01 6.037351945037920586e+01
9.128633678530604811e+00 2.128633678530604811e+00 1.512863367853060481e+01 5.628633678530604811e+00 6.628633678530604811e+00 2.687863367853060481e+01 1.983786336785306048e+02
3.279748200941844516e+01 8.797482009418445159e+00 3.392974820094184452e+02 3.507974820094184452e+02 1.354748200941844516e+01 3.572974820094184452e+02 3.510474820094184452e+02
3.482298805090231326e+02 3.527298805090231326e+02 9.229880509023132618e+00 1.097988050902313262e+01 3.512298805090231326e+02 3.439798805090231326e+02 2.144798805090231326e+02
3.503020886614899609e+02 3.802088661489960941e+00 1.030208866148996094e+01 1.680208866148996094e+01 1.930208866148996094e+01 2.480208866148996094e+01 2.630208866148996094e+01
3.544257025777089893e+02 3.466757025777089893e+02 1.757025777089893381e-01 3.589257025777089893e+02 3.491757025777089893e+02 2.391757025777089893e+02 1.461757025777089893e+02
4.230527346332507932e+00 7.305273463325079319e-01 2.348052734633250793e+01 3.539805273463325079e+02 3.407305273463325079e+02 3.592305273463325079e+02 3.529805273463325079e+02
9.395463769340153704e+00 3.506454637693401537e+02 5.895463769340153704e+00 1.264546376934015370e+01 1.395463769340153704e+00 3.318954637693401537e+02 3.318954637693401537e+02
0.000000000000000000e+00 0.000000000000000000e+00 0.000000000000000000e+00 0.000000000000000000e+00 0.000000000000000000e+00 0.000000000000000000e+00 0.000000000000000000e+00
2.443828072066821733e+01 2.143828072066821733e+01 2.543828072066821733e+01 3.506882807206682173e+02 1.343828072066821733e+01 1.938280720668217327e+00 3.541882807206682173e+02
9.001241346203107696e+01 2.810124134620310770e+02 1.880124134620310770e+02 3.102624134620310770e+02 2.210124134620310770e+02 1.547624134620310770e+02 1.460124134620310770e+02
1.864190996353655123e+02 2.476690996353655123e+02 2.261690996353655123e+02 9.916909963536551231e+01 3.544190996353655123e+02 1.316909963536551231e+01 2.219190996353655123e+02
2.242753936817052818e+01 1.417753936817052818e+01 3.581775393681705282e+02 2.367753936817052818e+01 1.892753936817052818e+01 9.275393681705281779e-01 8.177539368170528178e+00
0.000000000000000000e+00 0.000000000000000000e+00 0.000000000000000000e+00 0.000000000000000000e+00 0.000000000000000000e+00 0.000000000000000000e+00 0.000000000000000000e+00
4.144472988902236921e+00 3.644472988902236921e+00 3.508944729889022369e+02 3.516444729889022369e+02 3.144472988902236921e+00 3.593944729889022369e+02 1.639447298890223692e+01
0.000000000000000000e+00 0.000000000000000000e+00 0.000000000000000000e+00 0.000000000000000000e+00 0.000000000000000000e+00 0.000000000000000000e+00 0.000000000000000000e+00
0.000000000000000000e+00 0.000000000000000000e+00 0.000000000000000000e+00 0.000000000000000000e+00 0.000000000000000000e+00 0.000000000000000000e+00 0.000000000000000000e+00
0.000000000000000000e+00 0.000000000000000000e+00 0.000000000000000000e+00 0.000000000000000000e+00 0.000000000000000000e+00 0.000000000000000000e+00 0.000000000000000000e+00
0.000000000000000000e+00 0.000000000000000000e+00 0.000000000000000000e+00 0.000000000000000000e+00 0.000000000000000000e+00 0.000000000000000000e+00 0.000000000000000000e+00
0.000000000000000000e+00 0.000000000000000000e+00 0.000000000000000000e+00 0.000000000000000000e+00 0.000000000000000000e+00 0.000000000000000000e+00 0.000000000000000000e+00
4.762312658166132451e+01 4.373126581661324508e+00 1.887312658166132451e+01 3.401231265816613245e+02 3.293731265816613245e+02 3.238731265816613245e+02 1.137312658166132451e+01
9.169289880689348138e+00 1.041928988068934814e+01 1.241928988068934814e+01 1.866928988068934814e+01 1.291928988068934814e+01 1.219192898806893481e+02 1.709192898806893481e+02
3.556754124722590973e+02 3.925412472259097285e+00 2.267541247225909729e+01 1.925412472259097285e+00 3.444254124722590973e+02 3.049254124722590973e+02 2.686754124722590973e+02
2.501474919677519893e+01 1.576474919677519893e+01 6.026474919677519893e+01 5.551474919677519893e+01 2.862647491967751989e+02 3.015147491967751989e+02 3.032647491967751989e+02
1.928048307038540088e+01 3.585304830703854009e+02 3.560304830703854009e+02 3.587804830703854009e+02 3.567804830703854009e+02 3.357804830703854009e+02 3.365304830703854009e+02
3.500565195976329278e+02 3.580565195976329278e+02 1.730651959763292780e+01 3.105651959763292780e+01 2.880651959763292780e+01 8.280651959763292780e+01 1.078065195976329278e+02
3.555966210149392737e+01 3.130966210149392737e+01 3.455966210149392737e+01 1.855966210149392737e+01 7.059662101493927366e+00 3.483096621014939274e+02 3.475596621014939274e+02
0.000000000000000000e+00 0.000000000000000000e+00 0.000000000000000000e+00 0.000000000000000000e+00 0.000000000000000000e+00 0.000000000000000000e+00 0.000000000000000000e+00
1.607681345669539041e+01 1.507681345669539041e+01 1.826813456695390414e+00 2.576813456695390414e+00 3.483268134566953904e+02 2.076813456695390414e+00 1.607681345669539041e+01
1.204266834712731793e+02 1.309266834712731793e+02 1.351766834712731793e+02 2.301766834712731793e+02 3.209266834712731793e+02 1.742668347127317929e+01 1.392668347127317929e+01
3.378936341293357941e+02 3.548936341293357941e+02 3.583936341293357941e+02 1.339363412933579411e+01 2.764363412933579411e+01 2.689363412933579411e+01 1.489363412933579411e+01
3.540262888156086092e+02 3.517762888156086092e+02 3.475262888156086092e+02 3.015262888156086092e+02 2.255262888156086092e+02 3.057762888156086092e+02 2.220262888156086092e+02
0.000000000000000000e+00 0.000000000000000000e+00 0.000000000000000000e+00 0.000000000000000000e+00 0.000000000000000000e+00 0.000000000000000000e+00 0.000000000000000000e+00
7.287526337554083966e+00 9.537526337554083966e+00 8.287526337554083966e+00 3.590375263375540840e+02 3.545375263375540840e+02 1.253752633755408397e+01 1.753752633755408397e+01
3.447413224967647807e+02 3.542413224967647807e+02 7.741322496764780681e+00 3.347413224967647807e+02 7.741322496764780681e+00 3.449913224967647807e+02 3.259913224967647807e+02
3.476716349746396304e+02 3.434216349746396304e+02 3.416716349746396304e+02 3.211716349746396304e+02 3.549216349746396304e+02 1.541716349746396304e+02 2.916716349746396304e+02
3.464458206071686277e+02 3.456958206071686277e+02 3.431958206071686277e+02 3.591958206071686277e+02 1.969582060716862770e+01 9.695820607168627703e+00 3.536958206071686277e+02
3.073066725192120430e+01 4.073066725192120430e+01 5.398066725192120430e+01 3.423066725192120430e+01 2.227306672519212043e+02 2.182306672519212043e+02 3.482306672519212043e+02
4.149693309492511162e+01 1.424693309492511162e+01 3.597469330949251116e+02 1.249693309492511162e+01 3.462469330949251116e+02 3.259969330949251116e+02 3.324693309492511162e+01
2.698707862134447169e+02 5.762078621344471685e+01 2.246207862134447169e+02 2.701207862134447169e+02 2.743707862134447169e+02 2.376207862134447169e+02 2.458707862134447169e+02
3.545760892528071508e+02 2.076089252807150842e+00 3.598260892528071508e+02 5.760892528071508423e-01 3.335760892528071508e+02 1.082608925280715084e+01 1.307608925280715084e+01
0.000000000000000000e+00 0.000000000000000000e+00 0.000000000000000000e+00 0.000000000000000000e+00 0.000000000000000000e+00 0.000000000000000000e+00 0.000000000000000000e+00
3.597947493236823675e+02 8.544749323682367503e+00 3.440447493236823675e+02 3.400447493236823675e+02 2.940447493236823675e+02 2.235447493236823675e+02 2.762947493236823675e+02
3.586814068099685073e+02 6.681406809968507332e+00 1.168140680996850733e+01 2.318140680996850733e+01 6.768140680996850733e+01 2.029314068099685073e+02 2.239314068099685073e+02
3.522494572786924323e+02 3.224945727869243228e+01 4.299945727869243228e+01 1.662494572786924323e+02 1.732494572786924323e+02 5.874945727869243228e+01 1.999457278692432283e+00
2.909576002797527963e+02 3.047076002797527963e+02 3.517076002797527963e+02 2.119576002797527963e+02 1.657076002797527963e+02 6.070760027975279627e+01 4.545760027975279627e+01
3.542281244798639364e+02 3.539781244798639364e+02 3.457281244798639364e+02 3.427281244798639364e+02 3.479781244798639364e+02 9.478124479863936358e+00 4.978124479863936358e+00
0.000000000000000000e+00 0.000000000000000000e+00 0.000000000000000000e+00 0.000000000000000000e+00 0.000000000000000000e+00 0.000000000000000000e+00 0.000000000000000000e+00
0.000000000000000000e+00 0.000000000000000000e+00 0.000000000000000000e+00 0.000000000000000000e+00 0.000000000000000000e+00 0.000000000000000000e+00 0.000000000000000000e+00
4.016347544021084559e+01 3.391347544021084559e+01 2.791347544021084559e+01 2.791347544021084559e+01 3.516347544021084559e+01 3.616347544021084559e+01 9.163475440210845591e+00
1.884640532344690200e+01 3.435964053234469020e+02 1.809640532344690200e+01 1.459640532344690200e+01 3.505964053234469020e+02 2.234640532344690200e+01 2.865964053234469020e+02
1.371561154769869972e+01 3.282156115476986997e+02 1.821561154769869972e+01 3.169656115476986997e+02 3.102156115476986997e+02 3.279656115476986997e+02 3.304656115476986997e+02
0.000000000000000000e+00 0.000000000000000000e+00 0.000000000000000000e+00 0.000000000000000000e+00 0.000000000000000000e+00 0.000000000000000000e+00 0.000000000000000000e+00
3.532293677127264573e+02 3.177293677127264573e+02 3.167293677127264573e+02 3.189793677127264573e+02 3.497293677127264573e+02 3.577293677127264573e+02 2.072936771272645728e+01
3.598436776079312267e+02 3.495936776079312267e+02 3.455936776079312267e+02 2.593677607931226703e+00 3.583436776079312267e+02 3.159367760793122670e+01 1.309367760793122670e+01
0.000000000000000000e+00 0.000000000000000000e+00 0.000000000000000000e+00 0.000000000000000000e+00 0.000000000000000000e+00 0.000000000000000000e+00 0.000000000000000000e+00
0.000000000000000000e+00 0.000000000000000000e+00 0.000000000000000000e+00 0.000000000000000000e+00 0.000000000000000000e+00 0.000000000000000000e+00 0.000000000000000000e+00
0.000000000000000000e+00 0.000000000000000000e+00 0.000000000000000000e+00 0.000000000000000000e+00 0.000000000000000000e+00 0.000000000000000000e+00 0.000000000000000000e+00
0.000000000000000000e+00 0.000000000000000000e+00 0.000000000000000000e+00 0.000000000000000000e+00 0.000000000000000000e+00 0.000000000000000000e+00 0.000000000000000000e+00
4.568110608636152392e+01 3.693110608636152392e+01 2.418110608636152392e+01 9.681106086361523921e+00 2.118110608636152392e+01 3.579311060863615239e+02 1.669311060863615239e+02
1.400837261991972582e+01 3.625837261991972582e+01 3.560083726199197258e+02 3.307583726199197258e+02 3.330083726199197258e+02 1.255083726199197258e+02 3.037583726199197258e+02
2.548235022161173902e+01 1.648235022161173902e+01 1.573235022161173902e+01 3.567323502216117390e+02 3.519823502216117390e+02 1.607323502216117390e+02 1.819823502216117390e+02
3.530349728107967167e+02 3.472849728107967167e+02 3.580349728107967167e+02 2.534972810796716658e+00 2.478497281079671666e+01 1.120349728107967167e+02 1.155349728107967167e+02
0.000000000000000000e+00 0.000000000000000000e+00 0.000000000000000000e+00 0.000000000000000000e+00 0.000000000000000000e+00 0.000000000000000000e+00 0.000000000000000000e+00
3.352288900426315195e+02 3.284788900426315195e+02 3.392288900426315195e+02 3.277288900426315195e+02 3.117288900426315195e+02 9.728890042631519464e+00 3.429788900426315195e+02
0.000000000000000000e+00 0.000000000000000000e+00 0.000000000000000000e+00 0.000000000000000000e+00 0.000000000000000000e+00 0.000000000000000000e+00 0.000000000000000000e+00
1.438197881506016529e+01 3.631978815060165289e+00 1.688197881506016529e+01 2.188197881506016529e+01 2.613197881506016529e+01 1.513197881506016529e+01 2.851319788150601653e+02
1.630053793959098130e+01 3.590505379395909813e+02 3.548005379395909813e+02 3.355505379395909813e+02 8.300537939590981296e+00 3.455505379395909813e+02 2.180053793959098130e+01
