3.495959046795741187e+02 3.515959046795741187e+02 3.070959046795741187e+02 2.120959046795741187e+02 9.384590467957411875e+01 1.465959046795741187e+02 2.920959046795741187e+02
3.222415067667398603e+02 3.437415067667398603e+02 9.491506766739860268e+00 3.597415067667398603e+02 3.124150676673986027e+01 4.599150676673986027e+01 6.749150676673986027e+01
3.566802023417980081e+02 3.476802023417980081e+02 1.930202341798008092e+00 1.430202341798008092e+00 3.589302023417980081e+02 3.561802023417980081e+02 3.509302023417980081e+02
3.502072734503090032e+02 3.534572734503090032e+02 3.364572734503090032e+02 3.257072734503090032e+02 3.224572734503090032e+02 3.522072734503090032e+02 2.220727345030900324e+01
4.027327992073480800e+00 3.565273279920734808e+02 3.530273279920734808e+02 3.525273279920734808e+02 3.237773279920734808e+02 3.500273279920734808e+02 1.402732799207348080e+01
3.591756163005519511e+02 3.425616300551951099e+00 9.256163005519510989e-01 3.521756163005519511e+02 3.351756163005519511e+02 3.071756163005519511e+02 3.366756163005519511e+02
3.576774453153905142e+02 3.381774453153905142e+02 1.342744531539051422e+01 9.677445315390514224e+00 3.496774453153905142e+02 1.042744531539051422e+01 4.177445315390514224e+00
7.484711473166385076e+00 1.248471147316638508e+01 1.323471147316638508e+01 1.984711473166385076e+00 3.529847114731663851e+02 1.234711473166385076e+00 6.484711473166385076e+00
0.000000000000000000e+00 0.000000000000000000e+00 0.000000000000000000e+00 0.000000000000000000e+00 0.000000000000000000e+00 0.000000000000000000e+00 0.000000000000000000e+00
1.332134596810891480e+01 7.134596810891480345e-02 4.821345968108914803e+00 3.488213459681089148e+02 3.528213459681089148e+02 3.573213459681089148e+02 3.540713459681089148e+02
2.168593085644761231e+01 1.668593085644761231e+01 3.196859308564476123e+02 3.339359308564476123e+02 3.519359308564476123e+02 3.193593085644761231e+01 1.343593085644761231e+01
7.128330625842846757e+01 9.103330625842846757e+01 1.407833062584284676e+02 1.375333062584284676e+02 6.033306258428467572e+00 3.378330625842846757e+01 1.970333062584284676e+02
5.852826521793434722e+01 3.402826521793434722e+01 1.827826521793434722e+01 3.537782652179343472e+02 2.826521793434721985e-02 1.602826521793434722e+01 7.278265217934347220e+00
0.000000000000000000e+00 0.000000000000000000e+00 0.000000000000000000e+00 0.000000000000000000e+00 0.000000000000000000e+00 0.000000000000000000e+00 0.000000000000000000e+00
3.426266988118421182e+02 3.598766988118421182e+02 3.546266988118421182e+02 3.571266988118421182e+02 7.626698811842118175e+00 5.376698811842118175e+00 2.876698811842118175e+00
0.000000000000000000e+00 0.000000000000000000e+00 0.000000000000000000e+00 0.000000000000000000e+00 0.000000000000000000e+00 0.000000000000000000e+00 0.000000000000000000e+00
0.000000000000000000e+00 0.000000000000000000e+00 0.000000000000000000e+00 0.000000000000000000e+00 0.000000000000000000e+00 0.000000000000000000e+00 0.000000000000000000e+00
0.000000000000000000e+00 0.000000000000000000e+00 0.000000000000000000e+00 0.000000000000000000e+00 0.000000000000000000e+00 0.000000000000000000e+00 0.000000000000000000e+00
0.000000000000000000e+00 0.000000000000000000e+00 0.000000000000000000e+00 0.000000000000000000e+00 0.000000000000000000e+00 0.000000000000000000e+00 0.000000000000000000e+00
0.000000000000000000e+00 0.000000000000000000e+00 0.000000000000000000e+00 0.000000000000000000e+00 0.000000000000000000e+00 0.000000000000000000e+00 0.000000000000000000e+00
3.319190837758795283e+02 1.241908377587952828e+01 8.116908377587952828e+01 3.494190837758795283e+02 3.336690837758795283e+02 3.279190837758795283e+02 2.894190837758795283e+02
3.553271498037893252e+02 3.325771498037893252e+02 3.515771498037893252e+02 4.577149803789325233e+00 9.827149803789325233e+00 4.577149803789325233e+00 3.577149803789325233e+00
3.572105484611582824e+02 3.582105484611582824e+02 3.379605484611582824e+02 3.489605484611582824e+02 3.444605484611582824e+02 3.564605484611582824e+02 1.196054846115828241e+01
3.595061330866822118e+02 3.490061330866822118e+02 3.462561330866822118e+02 3.535061330866822118e+02 3.572561330866822118e+02 6.133086682211796870e-03 6.133086682211796870e-03
1.427900387741419763e+01 3.550290038774141976e+02 3.262790038774141976e+02 3.340290038774141976e+02 3.432790038774141976e+02 3.447790038774141976e+02 3.490290038774141976e+02
3.385766418202894101e+02 3.443266418202894101e+02 3.430766418202894101e+02 3.578266418202894101e+02 3.545766418202894101e+02 3.518266418202894101e+02 3.513266418202894101e+02
3.412102545449926083e+01 3.487102545449926083e+01 2.287102545449926083e+01 9.871025454499260832e+00 2.121025454499260832e+00 1.210254544992608317e-01 3.598710254544992608e+02
0.000000000000000000e+00 0.000000000000000000e+00 0.000000000000000000e+00 0.000000000000000000e+00 0.000000000000000000e+00 0.000000000000000000e+00 0.000000000000000000e+00
3.424463718224679951e+02 3.406963718224679951e+02 3.454463718224679951e+02 6.946371822467995116e+00 1.769637182246799512e+01 1.344637182246799512e+01 6.196371822467995116e+00
2.082349529055474591e+01 3.408234952905547743e+02 1.995734952905547459e+02 1.480734952905547459e+02 8.232349529055474591e+01 2.073495290554745907e+00 1.057349529055474591e+01
3.504692984504869173e+02 3.499692984504869173e+02 3.459692984504869173e+02 3.487192984504869173e+02 3.562192984504869173e+02 1.246929845048691732e+01 8.219298450486917318e+00
3.480678494603669719e+02 3.513178494603669719e+02 3.498178494603669719e+02 3.583178494603669719e+02 1.106784946036697193e+01 2.181784946036697193e+01 3.806784946036697193e+01
0.000000000000000000e+00 0.000000000000000000e+00 0.000000000000000000e+00 0.000000000000000000e+00 0.000000000000000000e+00 0.000000000000000000e+00 0.000000000000000000e+00
3.591576416539163006e+02 3.469076416539163006e+02 3.549076416539163006e+02 1.315764165391630058e+01 1.365764165391630058e+01 1.065764165391630058e+01 9.657641653916300584e+00
3.493678216116616113e+02 3.523678216116616113e+02 3.463678216116616113e+02 3.453678216116616113e+02 4.117821611661611314e+00 2.286782161166161131e+01 7.867821611661611314e+00
1.163693963091341743e+01 2.886939630913417432e+00 3.478869396309133890e+02 9.136939630913417432e+00 3.406369396309133890e+02 3.388869396309133890e+02 3.061369396309133890e+02
3.379864503645857212e+02 3.549864503645857212e+02 7.236450364585721218e+00 3.534864503645857212e+02 3.552364503645857212e+02 3.487364503645857212e+02 1.073645036458572122e+01
3.181809237959356551e+01 1.681809237959356551e+01 3.545680923795935655e+02 4.906809237959356551e+01 6.531809237959356551e+01 8.931809237959356551e+01 2.580680923795935655e+02
8.729698826264439049e+00 3.452296988262644390e+02 3.562296988262644390e+02 3.562296988262644390e+02 3.502296988262644390e+02 3.419796988262644390e+02 5.722969882626443905e+01
