6.850477259000293806e-01 7.585798973646301624e-01 7.664677213099720943e-01 5.452291194082085068e-01 6.091347505089929060e-01 6.873697615241587400e-01 3.337095869097541634e-01
6.623230126714931831e-01 6.215894992074476599e-01 9.558867727112770885e-01 9.673501360059687526e-01 8.899231636000375367e-01 7.716542030372550709e-01 4.497570637078013855e-01
8.172830091027475374e-01 6.893726483977646868e-01 8.090074342079858205e-01 8.579509885082450271e-01 9.500970215146659070e-01 9.475239030594488909e-01 9.632352439997400317e-01
8.822874234858620879e-01 9.331890326502034760e-01 9.202863881517303613e-01 8.301969395845314459e-01 8.913395660998603143e-01 8.012007388900787008e-01 5.784555441416606714e-01
9.544578444712337184e-01 9.596711176674668220e-01 9.021419580255813919e-01 8.447109818588238728e-01 8.506227471669572937e-01 8.468309953587019878e-01 7.475142414531946722e-01
9.587887956365436226e-01 8.747429824768475637e-01 7.519228902878675180e-01 7.730903714839498786e-01 5.644060621372298803e-01 7.436705703439796533e-01 4.153258618058532359e-01
7.672569836828694312e-01 8.170565460458745211e-01 8.158747872461097339e-01 8.236757867843879088e-01 9.244048905056371224e-01 9.245621122832341499e-01 7.037809693957339796e-01
6.132321034382125502e-01 6.700200748378271065e-01 7.910342325899979432e-01 9.016200111203875878e-01 7.658072825809708606e-01 3.925070756006570072e-01 8.172589405580089617e-01
0.000000000000000000e+00 0.000000000000000000e+00 0.000000000000000000e+00 0.000000000000000000e+00 0.000000000000000000e+00 0.000000000000000000e+00 0.000000000000000000e+00
9.039519206298701759e-01 8.566389970890091465e-01 9.021152304405516409e-01 8.833316882482854515e-01 9.684754783436496650e-01 9.524716489417424103e-01 9.580158296535812301e-01
7.035073566914855636e-01 6.515990660707701165e-01 6.757756429343928506e-01 6.555632256922974133e-01 6.727282557988567557e-01 5.768734211074163509e-01 2.495401706956038024e-01
4.447052236378631895e-01 3.504526816449077820e-01 4.017147182477679435e-01 5.491366180628282079e-01 5.431491699591631805e-01 4.409054817232631041e-01 5.915846087298118894e-01
7.737134929966925645e-01 8.283040282709929203e-01 8.669585929270373637e-01 8.739060312091967431e-01 9.088329933824458307e-01 8.807608012347087900e-01 9.324846483535205177e-01
0.000000000000000000e+00 0.000000000000000000e+00 0.000000000000000000e+00 0.000000000000000000e+00 0.000000000000000000e+00 0.000000000000000000e+00 0.000000000000000000e+00
9.493840893018097304e-01 9.464244383706063024e-01 9.187083087167865481e-01 9.233105261192068314e-01 9.457062895443228978e-01 9.668938222683424177e-01 9.483402745221808372e-01
0.000000000000000000e+00 0.000000000000000000e+00 0.000000000000000000e+00 0.000000000000000000e+00 0.000000000000000000e+00 0.000000000000000000e+00 0.000000000000000000e+00
0.000000000000000000e+00 0.000000000000000000e+00 0.000000000000000000e+00 0.000000000000000000e+00 0.000000000000000000e+00 0.000000000000000000e+00 0.000000000000000000e+00
0.000000000000000000e+00 0.000000000000000000e+00 0.000000000000000000e+00 0.000000000000000000e+00 0.000000000000000000e+00 0.000000000000000000e+00 0.000000000000000000e+00
0.000000000000000000e+00 0.000000000000000000e+00 0.000000000000000000e+00 0.000000000000000000e+00 0.000000000000000000e+00 0.000000000000000000e+00 0.000000000000000000e+00
0.000000000000000000e+00 0.000000000000000000e+00 0.000000000000000000e+00 0.000000000000000000e+00 0.000000000000000000e+00 0.000000000000000000e+00 0.000000000000000000e+00
6.341329845705599988e-01 7.906406721868174392e-01 6.422952389703280307e-01 1.283707573183949791e-01 3.655719203533004391e-01 4.986004325205635190e-01 3.068492399359272205e-01
9.474324810166477873e-01 9.164515601891589647e-01 8.413953336524929716e-01 8.796913252358014024e-01 9.135074517702704844e-01 8.287123135158565024e-01 6.219056088549749228e-01
8.919046800673386954e-01 8.017871939527325686e-01 9.267143373518381688e-01 9.024277709722359209e-01 8.506083264095484209e-01 8.770655810085625781e-01 9.687307061179720735e-01
9.063451261864969855e-01 9.666934182724249425e-01 9.688452675214914711e-01 9.401040156557562977e-01 9.364666431190626916e-01 8.847939207336211753e-01 7.841061885726592351e-01
8.542216357113607828e-01 8.700098481868457911e-01 8.801142653616700340e-01 8.638712243835725557e-01 7.800922261073155450e-01 6.473690032272727546e-01 8.552547669742139869e-01
9.541279889282394677e-01 9.386726475499392874e-01 9.664726764286112326e-01 9.652812700097640475e-01 8.538349752202258891e-01 7.638826191339948002e-01 6.756057122116340130e-01
8.920299973220978673e-01 8.924114617420405571e-01 9.249886747452767954e-01 9.226232407531392843e-01 9.880569193930739402e-01 9.906175501883593970e-01 9.819680019827690121e-01
0.000000000000000000e+00 0.000000000000000000e+00 0.000000000000000000e+00 0.000000000000000000e+00 0.000000000000000000e+00 0.000000000000000000e+00 0.000000000000000000e+00
9.490102977178644927e-01 9.492516172922698114e-01 9.251693315826375885e-01 9.322641319522856351e-01 9.086844514128398220e-01 7.071488700615203848e-01 6.139612871908538549e-01
1.322797102339287045e-01 1.318689526942017631e-01 3.504610164993590127e-01 3.661955328614421301e-01 3.093080313210174181e-01 3.646901137846618735e-01 5.794449358118313187e-01
9.259184051165137985e-01 9.376367524714198654e-01 8.925351169101407578e-01 7.700842830960094032e-01 5.812320550435561284e-01 8.207058534981827025e-01 9.242939572624495614e-01
8.128658881519631452e-01 8.530332140461723833e-01 9.130060106443240731e-01 8.995061637189406545e-01 8.314340548581669044e-01 7.469110951215378602e-01 8.267342821186958179e-01
0.000000000000000000e+00 0.000000000000000000e+00 0.000000000000000000e+00 0.000000000000000000e+00 0.000000000000000000e+00 0.000000000000000000e+00 0.000000000000000000e+00
8.118356117281323447e-01 9.208185450442912812e-01 9.517562380981179349e-01 9.578782893155960432e-01 9.750330220767243761e-01 9.810525421490473574e-01 9.765329930760643373e-01
9.637666268735655128e-01 9.546542212687548767e-01 9.492271228807261929e-01 9.211592472767294870e-01 9.070785315763891798e-01 8.838457086476368962e-01 8.009320232443819521e-01
8.522558878809218808e-01 8.786328274077552791e-01 8.496973996507176663e-01 7.895158152456933642e-01 7.824225353841726127e-01 6.041473520609753622e-01 2.869227606804186093e-01
8.099994221886976931e-01 6.104172930447537837e-01 5.155313005083402844e-01 7.537496928657860806e-01 9.444448315787878911e-01 9.101991576008721108e-01 8.828469890213510585e-01
7.757145457566637647e-01 7.582215084189524168e-01 4.909905124607431559e-01 5.252293064369984998e-01 3.573336320769048835e-01 4.616283657943359153e-01 4.139535410639255120e-01
5.718315811852215935e-01 5.861852932430201557e-01 6.358229209929440184e-01 7.164886610959041446e-01 7.501960420189270895e-01 8.944476692174251342e-01 8.280784665277871603e-01
3.996389636841279902e-01 4.394638148292570046e-01 7.119215824313267493e-01 7.552424184261277151e-01 5.733167087102339909e-01 3.595879604860921508e-01 7.000770508588934904e-01
9.341270549495739317e-01 8.444788458540727349e-01 8.494706127520545991e-01 9.376832082908842514e-01 8.977122802088048914e-01 8.362429675224180015e-01 8.093943767477744800e-01
0.000000000000000000e+00 0.000000000000000000e+00 0.000000000000000000e+00 0.000000000000000000e+00 0.000000000000000000e+00 0.000000000000000000e+00 0.000000000000000000e+00
9.287413576849588015e-01 9.319788755198775698e-01 8.816065047839920510e-01 9.136916503736253192e-01 7.732411077926497622e-01 4.001690266181694433e-01 6.891133330091432363e-01
6.605988734305683341e-01 5.814901635393955326e-01 7.797912907977633257e-01 6.454203979343053899e-01 6.671068023414566950e-01 8.338681910032337274e-01 7.316556608820878882e-01
6.716178711929265965e-01 7.019127981108042036e-01 5.516794861443634623e-01 4.092375582519071631e-01 5.669399131532484315e-01 7.992069340466194660e-01 7.181155081315336863e-01
3.703740260730827849e-01 6.439315826966331979e-01 7.991830474772281256e-01 8.147370990820281822e-01 2.544315239531985684e-01 1.941206333207118606e-01 5.432624894520290404e-01
8.656701043139872764e-01 9.647777851375534119e-01 9.809500255432556104e-01 9.208256453052261481e-01 8.751971098088430212e-01 9.212503372744923480e-01 9.539548631850379712e-01
0.000000000000000000e+00 0.000000000000000000e+00 0.000000000000000000e+00 0.000000000000000000e+00 0.000000000000000000e+00 0.000000000000000000e+00 0.000000000000000000e+00
0.000000000000000000e+00 0.000000000000000000e+00 0.000000000000000000e+00 0.000000000000000000e+00 0.000000000000000000e+00 0.000000000000000000e+00 0.000000000000000000e+00
6.746518221824886474e-01 8.234118008572819392e-01 6.861048534977856050e-01 6.731493909698490485e-01 4.526916293923508028e-01 4.437763795698180247e-01 6.714786796842306948e-01
8.182772775086801786e-01 7.761016108271978631e-01 7.992233788148258578e-01 7.506720430478833750e-01 5.184083626446587267e-01 2.210196245812952320e-01 3.425687381527736664e-01
7.014538279026804046e-01 7.140849712421841744e-01 4.341707928743727685e-01 5.734849926407706855e-01 6.358078184639750496e-01 6.265707996022704673e-01 7.498105145312399245e-01
0.000000000000000000e+00 0.000000000000000000e+00 0.000000000000000000e+00 0.000000000000000000e+00 0.000000000000000000e+00 0.000000000000000000e+00 0.000000000000000000e+00
3.819519644242637679e-01 6.322406263371781465e-01 7.130496331256485076e-01 6.483646854659900205e-01 8.078690951233963302e-01 8.503331511543074095e-01 9.611187557790262792e-01
7.519818175680579309e-01 6.313499362511680868e-01 5.979378346782924236e-01 6.756876116324335158e-01 6.031653692443916803e-01 5.471621263918274858e-01 6.178904340789196370e-01
0.000000000000000000e+00 0.000000000000000000e+00 0.000000000000000000e+00 0.000000000000000000e+00 0.000000000000000000e+00 0.000000000000000000e+00 0.000000000000000000e+00
0.000000000000000000e+00 0.000000000000000000e+00 0.000000000000000000e+00 0.000000000000000000e+00 0.000000000000000000e+00 0.000000000000000000e+00 0.000000000000000000e+00
0.000000000000000000e+00 0.000000000000000000e+00 0.000000000000000000e+00 0.000000000000000000e+00 0.000000000000000000e+00 0.000000000000000000e+00 0.000000000000000000e+00
0.000000000000000000e+00 0.000000000000000000e+00 0.000000000000000000e+00 0.000000000000000000e+00 0.000000000000000000e+00 0.000000000000000000e+00 0.000000000000000000e+00
7.107541533501067210e-01 7.488419481938031197e-01 8.362710425997359476e-01 8.548455910027235038e-01 6.850659978200789313e-01 4.746363573943013225e-01 2.878660363833018265e-01
5.962684677667420274e-01 6.199076343944669443e-01 9.190053661538589713e-01 8.891759067995572696e-01 8.561342867583362493e-01 8.397016273699531297e-01 8.256499320782558771e-01
9.479980077276621842e-01 9.212426871512815474e-01 9.341532384990514082e-01 9.524021706627200379e-01 9.326399255386040865e-01 8.303981785358680590e-01 5.241036398352707515e-01
8.601328724148010751e-01 9.199302615543100137e-01 9.083956741994062556e-01 9.172797137341816009e-01 8.647008428764034749e-01 8.217523000005345635e-01 6.521962355310312320e-01
0.000000000000000000e+00 0.000000000000000000e+00 0.000000000000000000e+00 0.000000000000000000e+00 0.000000000000000000e+00 0.000000000000000000e+00 0.000000000000000000e+00
6.444794168465721729e-01 5.986083071267956912e-01 6.825788384685993471e-01 7.867088916795195175e-01 8.518591591459313550e-01 8.759270823882761015e-01 8.807051352197212690e-01
0.000000000000000000e+00 0.000000000000000000e+00 0.000000000000000000e+00 0.000000000000000000e+00 0.000000000000000000e+00 0.000000000000000000e+00 0.000000000000000000e+00
9.004276060130138593e-01 9.274471176422758312e-01 9.318197563407899509e-01 9.243300898257073017e-01 9.185943954466312400e-01 8.724284382993053866e-01 8.646088412955249547e-01
9.024520472557376882e-01 8.576726405120865815e-01 7.638837276558158029e-01 6.017223246352346733e-01 2.727822311500956443e-01 1.640800611421831257e-01 6.302780414018560595e-01
