1.420233307499606212e+01 1.820233307499606212e+01 3.179523330749960905e+02 2.767023330749960905e+02 2.804523330749960905e+02 4.270233307499606212e+01 2.920233307499606212e+01
0.000000000000000000e+00 0.000000000000000000e+00 0.000000000000000000e+00 0.000000000000000000e+00 0.000000000000000000e+00 0.000000000000000000e+00 0.000000000000000000e+00
0.000000000000000000e+00 0.000000000000000000e+00 0.000000000000000000e+00 0.000000000000000000e+00 0.000000000000000000e+00 0.000000000000000000e+00 0.000000000000000000e+00
0.000000000000000000e+00 0.000000000000000000e+00 0.000000000000000000e+00 0.000000000000000000e+00 0.000000000000000000e+00 0.000000000000000000e+00 0.000000000000000000e+00
0.000000000000000000e+00 0.000000000000000000e+00 0.000000000000000000e+00 0.000000000000000000e+00 0.000000000000000000e+00 0.000000000000000000e+00 0.000000000000000000e+00
0.000000000000000000e+00 0.000000000000000000e+00 0.000000000000000000e+00 0.000000000000000000e+00 0.000000000000000000e+00 0.000000000000000000e+00 0.000000000000000000e+00
0.000000000000000000e+00 0.000000000000000000e+00 0.000000000000000000e+00 0.000000000000000000e+00 0.000000000000000000e+00 0.000000000000000000e+00 0.000000000000000000e+00
4.571388549263701861e+00 5.071388549263701861e+00 5.071388549263701861e+00 6.571388549263701861e+00 1.732138854926370186e+01 3.757138854926370186e+01 2.557138854926370186e+01
0.000000000000000000e+00 0.000000000000000000e+00 0.000000000000000000e+00 0.000000000000000000e+00 0.000000000000000000e+00 0.000000000000000000e+00 0.000000000000000000e+00
3.417544938456719592e+02 3.390044938456719592e+02 3.452544938456719592e+02 3.552544938456719592e+02 3.520044938456719592e+02 2.850449384567193079e+01 1.750449384567193079e+01
4.723166951696612159e+00 6.473166951696612159e+00 7.973166951696612159e+00 7.223166951696612159e+00 2.097316695169661216e+01 5.697316695169661216e+01 5.347316695169661216e+01
4.910215144131393572e+01 3.335215144131393572e+01 3.331021514413139357e+02 3.471021514413139357e+02 3.461021514413139357e+02 3.456021514413139357e+02 3.598521514413139357e+02
1.260389905193426330e+01 1.585389905193426330e+01 1.785389905193426330e+01 1.560389905193426330e+01 5.103899051934263298e+00 3.458538990519342633e+02 3.418538990519342633e+02
0.000000000000000000e+00 0.000000000000000000e+00 0.000000000000000000e+00 0.000000000000000000e+00 0.000000000000000000e+00 0.000000000000000000e+00 0.000000000000000000e+00
3.590737226196411029e+02 3.585737226196411029e+02 3.553237226196411029e+02 3.483237226196411029e+02 3.513237226196411029e+02 3.558237226196411029e+02 3.580737226196411029e+02
0.000000000000000000e+00 0.000000000000000000e+00 0.000000000000000000e+00 0.000000000000000000e+00 0.000000000000000000e+00 0.000000000000000000e+00 0.000000000000000000e+00
0.000000000000000000e+00 0.000000000000000000e+00 0.000000000000000000e+00 0.000000000000000000e+00 0.000000000000000000e+00 0.000000000000000000e+00 0.000000000000000000e+00
0.000000000000000000e+00 0.000000000000000000e+00 0.000000000000000000e+00 0.000000000000000000e+00 0.000000000000000000e+00 0.000000000000000000e+00 0.000000000000000000e+00
0.000000000000000000e+00 0.000000000000000000e+00 0.000000000000000000e+00 0.000000000000000000e+00 0.000000000000000000e+00 0.000000000000000000e+00 0.000000000000000000e+00
0.000000000000000000e+00 0.000000000000000000e+00 0.000000000000000000e+00 0.000000000000000000e+00 0.000000000000000000e+00 0.000000000000000000e+00 0.000000000000000000e+00
2.004907021825601987e+01 1.604907021825601987e+01 7.799070218256019871e+00 3.550490702182560199e+02 1.229907021825601987e+01 2.329907021825601987e+01 3.520490702182560199e+02
3.582125943109042510e+02 7.125943109042509604e-01 3.462594310904250960e+00 6.212594310904250960e+00 3.549625943109042510e+02 3.477125943109042510e+02 3.504625943109042510e+02
3.370100173537369415e+02 3.382600173537369415e+02 3.327600173537369415e+02 3.312600173537369415e+02 3.382600173537369415e+02 3.427600173537369415e+02 3.525100173537369415e+02
3.536786496325107692e+02 3.559286496325107692e+02 3.556786496325107692e+02 3.531786496325107692e+02 3.571786496325107692e+02 3.928649632510769152e+00 3.178649632510769152e+00
2.150736286743210712e+00 6.400736286743210712e+00 3.551507362867432107e+02 3.584007362867432107e+02 5.365073628674321071e+01 1.090073628674321071e+01 3.561507362867432107e+02
3.574958353085573890e+02 3.569958353085573890e+02 3.587458353085573890e+02 3.522458353085573890e+02 3.469958353085573890e+02 3.539958353085573890e+02 1.124583530855741742e+01
3.465030823288665260e+02 3.457530823288665260e+02 3.412530823288665260e+02 3.412530823288665260e+02 3.467530823288665260e+02 3.512530823288665260e+02 3.490030823288665260e+02
0.000000000000000000e+00 0.000000000000000000e+00 0.000000000000000000e+00 0.000000000000000000e+00 0.000000000000000000e+00 0.000000000000000000e+00 0.000000000000000000e+00
3.516234723854021809e+02 3.523734723854021809e+02 3.526234723854021809e+02 3.531234723854021809e+02 3.536234723854021809e+02 3.533734723854021809e+02 4.373472385402180862e+00
3.440034364404210123e+02 3.522534364404210123e+02 3.550343644042100522e+01 5.800343644042101232e+01 6.875343644042101232e+01 6.675343644042101232e+01 6.253436440421005216e+00
3.555494699268104455e+02 3.557994699268104455e+02 3.572994699268104455e+02 1.799469926810445486e+00 1.049469926810445486e+00 3.387994699268104455e+02 3.370494699268104455e+02
3.447462617645719547e+02 6.246261764571983122e+00 1.499626176457198312e+01 1.649626176457198312e+01 9.246261764571983122e+00 3.246261764571983122e+00 3.592462617645719547e+02
0.000000000000000000e+00 0.000000000000000000e+00 0.000000000000000000e+00 0.000000000000000000e+00 0.000000000000000000e+00 0.000000000000000000e+00 0.000000000000000000e+00
1.113456335718638002e+01 1.963456335718638002e+01 3.421345633571863800e+02 3.456345633571863800e+02 3.536345633571863800e+02 3.556345633571863800e+02 3.573845633571863800e+02
3.594351597344749507e+02 4.185159734474979132e+00 2.935159734474979132e+00 1.935159734474979132e+00 3.569351597344749507e+02 3.419351597344749507e+02 4.685159734474979132e+00
5.042452694334463104e+01 4.967452694334463104e+01 3.592452694334463104e+01 1.745269433446274832e-01 3.404245269433446310e+02 3.544245269433446310e+02 4.342452694334463104e+01
0.000000000000000000e+00 0.000000000000000000e+00 0.000000000000000000e+00 0.000000000000000000e+00 0.000000000000000000e+00 0.000000000000000000e+00 0.000000000000000000e+00
4.567623994722055158e+00 1.781762399472205516e+01 4.006762399472205516e+01 4.456762399472205516e+01 8.567623994722055158e+00 3.578176239947220552e+02 4.456762399472205516e+01
1.621680402520598818e+01 7.966804025205988182e+00 7.716804025205988182e+00 4.596680402520598818e+01 7.321680402520598818e+01 7.521680402520598818e+01 6.921680402520598818e+01
3.342118514617495748e+02 3.254618514617495748e+02 3.414618514617495748e+02 3.427118514617495748e+02 3.222118514617495748e+02 3.244618514617495748e+02 3.377118514617495748e+02
3.499787388982218204e+02 3.524787388982218204e+02 3.514787388982218204e+02 3.482287388982218204e+02 3.499787388982218204e+02 3.564787388982218204e+02 2.478738898221820364e+00
0.000000000000000000e+00 0.000000000000000000e+00 0.000000000000000000e+00 0.000000000000000000e+00 0.000000000000000000e+00 0.000000000000000000e+00 0.000000000000000000e+00
3.540213848697795811e+02 3.545213848697795811e+02 3.547713848697795811e+02 3.515213848697795811e+02 3.390213848697795811e+02 3.040213848697795811e+02 2.927713848697795811e+02
1.021697457320868807e+01 9.966974573208688071e+00 3.547169745732086881e+02 3.294669745732086881e+02 3.312169745732086881e+02 1.966974573208688071e+00 3.466974573208688071e+00
3.521157203337969008e+02 3.561157203337969008e+02 3.596157203337969008e+02 3.571157203337969008e+02 3.531157203337969008e+02 3.511157203337969008e+02 3.533657203337969008e+02
3.568670847316003005e+02 1.661708473160030053e+01 4.461708473160030053e+01 6.011708473160030053e+01 6.386708473160030053e+01 3.441170847316003005e+02 2.978670847316003005e+02
8.847463659535037550e-01 3.634746365953503755e+00 2.884746365953503755e+00 3.596347463659535038e+02 3.598847463659535038e+02 3.384746365953503755e+00 5.634746365953503755e+00
0.000000000000000000e+00 0.000000000000000000e+00 0.000000000000000000e+00 0.000000000000000000e+00 0.000000000000000000e+00 0.000000000000000000e+00 0.000000000000000000e+00
0.000000000000000000e+00 0.000000000000000000e+00 0.000000000000000000e+00 0.000000000000000000e+00 0.000000000000000000e+00 0.000000000000000000e+00 0.000000000000000000e+00
1.001818527703903783e+00 1.600181852770390378e+01 4.900181852770390378e+01 5.375181852770390378e+01 6.501818527703903783e+00 3.535018185277039038e+02 2.050181852770390378e+01
4.925319360654100365e+00 3.175319360654100365e+00 3.675319360654100365e+00 4.675319360654100365e+00 3.544253193606541004e+02 4.175319360654100365e+00 1.167531936065410036e+01
1.470619244935772940e+01 2.195619244935772940e+01 3.720619244935772940e+01 3.820619244935772940e+01 2.320619244935772940e+01 6.956192449357729402e+00 9.956192449357729402e+00
0.000000000000000000e+00 0.000000000000000000e+00 0.000000000000000000e+00 0.000000000000000000e+00 0.000000000000000000e+00 0.000000000000000000e+00 0.000000000000000000e+00
3.043210834586584497e+02 3.215710834586584497e+02 3.453210834586584497e+02 4.071083458658449672e+00 4.282108345865844967e+01 3.232108345865844967e+01 1.032108345865844967e+01
6.795551826154564878e+00 3.587955518261545649e+02 3.560455518261545649e+02 9.045551826154564878e+00 3.854555182615456488e+01 2.554555182615456488e+01 3.585455518261545649e+02
0.000000000000000000e+00 0.000000000000000000e+00 0.000000000000000000e+00 0.000000000000000000e+00 0.000000000000000000e+00 0.000000000000000000e+00 0.000000000000000000e+00
0.000000000000000000e+00 0.000000000000000000e+00 0.000000000000000000e+00 0.000000000000000000e+00 0.000000000000000000e+00 0.000000000000000000e+00 0.000000000000000000e+00
0.000000000000000000e+00 0.000000000000000000e+00 0.000000000000000000e+00 0.000000000000000000e+00 0.000000000000000000e+00 0.000000000000000000e+00 0.000000000000000000e+00
0.000000000000000000e+00 0.000000000000000000e+00 0.000000000000000000e+00 0.000000000000000000e+00 0.000000000000000000e+00 0.000000000000000000e+00 0.000000000000000000e+00
3.597920360481375042e+02 2.292036048137504167e+00 6.792036048137504167e+00 2.179203604813750417e+01 2.729203604813750417e+01 4.379203604813750417e+01 3.492920360481375042e+02
3.553691514390880570e+02 3.556191514390880570e+02 3.558691514390880570e+02 3.551191514390880570e+02 3.531191514390880570e+02 3.566191514390880570e+02 3.361191514390880570e+02
3.504429838869422156e+02 3.541929838869422156e+02 3.574429838869422156e+02 5.192983886942215577e+00 1.169298388694221558e+01 3.551929838869422156e+02 3.571929838869422156e+02
3.566848183375320218e+02 3.584348183375320218e+02 2.684818337532021815e+00 3.579348183375320218e+02 3.591848183375320218e+02 3.516848183375320218e+02 3.599348183375320218e+02
0.000000000000000000e+00 0.000000000000000000e+00 0.000000000000000000e+00 0.000000000000000000e+00 0.000000000000000000e+00 0.000000000000000000e+00 0.000000000000000000e+00
3.780196168064964013e+01 4.555196168064964013e+01 3.565519616806496401e+02 3.368019616806496401e+02 3.430519616806496401e+02 3.553019616806496401e+02 3.575519616806496401e+02
0.000000000000000000e+00 0.000000000000000000e+00 0.000000000000000000e+00 0.000000000000000000e+00 0.000000000000000000e+00 0.000000000000000000e+00 0.000000000000000000e+00
2.540236717878997297e+00 1.040236717878997297e+00 3.540236717878997297e+00 6.790236717878997297e+00 4.540236717878997297e+00 3.572902367178789973e+02 3.510402367178789973e+02
6.973171530548313513e+00 2.847317153054831351e+01 4.022317153054831351e+01 1.347317153054831351e+01 4.473171530548313513e+00 1.972317153054831351e+01 1.147317153054831351e+01
