7.647140709990496443e-01 5.792638224204064157e-01 4.652016801845258454e-01 3.198921946644862069e-01 3.635920900534658218e-01 1.942870942385432620e-01 3.213664880807011182e-01
6.734502289301625977e-01 7.250975201798398606e-01 8.830642645655699674e-01 8.881872880806011006e-01 9.131452469048186860e-01 8.580377102747190898e-01 9.443222883441400040e-01
7.976003861784142224e-01 8.161195108348503480e-01 7.611794674170347941e-01 7.318571670032092413e-01 9.181237000385683578e-01 9.350418405379600228e-01 9.541481583242920061e-01
6.338032623993713477e-01 7.463033072726924511e-01 6.288150185286141003e-01 2.674724378059910035e-01 1.857266888056900433e-01 3.111867508994593454e-02 4.079522109375190442e-01
6.171140164648432069e-01 8.777219075228738232e-01 8.489860864156765219e-01 8.200711905460313922e-01 8.051822377858586233e-01 5.824171017916872639e-01 2.607324053741905678e-01
8.969118583312504223e-01 8.968484031812261614e-01 7.901793350545981420e-01 7.828987795082724688e-01 6.642301947186383115e-01 4.438995556182305235e-01 5.456986691545498980e-01
6.419931942609709008e-01 7.620486031460766974e-01 7.640114956914841882e-01 6.977008663234756103e-01 6.338903359843489627e-01 2.886680403776048509e-01 8.871569107637880536e-02
6.954365091701890655e-01 7.395488418290455668e-01 7.823627968924901088e-01 8.513683339474097389e-01 5.246823841387431298e-01 6.408203239402356921e-01 8.480635558089945070e-01
0.000000000000000000e+00 0.000000000000000000e+00 0.000000000000000000e+00 0.000000000000000000e+00 0.000000000000000000e+00 0.000000000000000000e+00 0.000000000000000000e+00
8.527532834943536422e-01 8.394114166676033273e-01 8.348349456618739950e-01 8.529378641221072588e-01 9.151770017605758145e-01 9.505608925348371097e-01 9.645545043323799916e-01
1.630720086221445764e-01 3.346004260536835639e-01 2.929256870085520381e-01 2.109644671405583038e-01 5.760526269975216884e-01 6.408333817172048308e-01 4.905279529898514124e-01
2.258725125979791637e-01 1.006721131120997675e-01 4.379894027850337324e-01 3.613853612223714706e-01 1.027817191200074420e-01 4.171168099811099483e-01 3.141130771335702843e-01
5.202233455601842360e-01 2.752697023614522620e-01 7.532232856346383620e-01 7.894887025310876050e-01 6.864515008226605985e-01 8.560542847128661537e-01 9.492926092757700829e-01
0.000000000000000000e+00 0.000000000000000000e+00 0.000000000000000000e+00 0.000000000000000000e+00 0.000000000000000000e+00 0.000000000000000000e+00 0.000000000000000000e+00
8.857363632606770620e-01 8.720133399179003098e-01 9.111340142160407884e-01 9.328430152110860352e-01 9.369377948520557498e-01 8.405636574621349055e-01 7.925130869404994893e-01
0.000000000000000000e+00 0.000000000000000000e+00 0.000000000000000000e+00 0.000000000000000000e+00 0.000000000000000000e+00 0.000000000000000000e+00 0.000000000000000000e+00
0.000000000000000000e+00 0.000000000000000000e+00 0.000000000000000000e+00 0.000000000000000000e+00 0.000000000000000000e+00 0.000000000000000000e+00 0.000000000000000000e+00
0.000000000000000000e+00 0.000000000000000000e+00 0.000000000000000000e+00 0.000000000000000000e+00 0.000000000000000000e+00 0.000000000000000000e+00 0.000000000000000000e+00
0.000000000000000000e+00 0.000000000000000000e+00 0.000000000000000000e+00 0.000000000000000000e+00 0.000000000000000000e+00 0.000000000000000000e+00 0.000000000000000000e+00
0.000000000000000000e+00 0.000000000000000000e+00 0.000000000000000000e+00 0.000000000000000000e+00 0.000000000000000000e+00 0.000000000000000000e+00 0.000000000000000000e+00
6.855473642072585916e-01 5.129276411106424849e-01 3.650785677119216532e-01 5.731629174508285907e-01 4.961109404356709995e-01 2.458382719279701700e-01 3.392036830612319420e-01
7.412582057741912145e-01 7.741717508500433054e-01 7.230701620511846839e-01 9.127794192366983639e-01 9.463795332757732881e-01 9.012011861946646052e-01 6.999173177963771142e-01
8.738325686165134831e-01 8.949941716794712621e-01 9.177546651533163846e-01 9.350038593161091871e-01 8.892085685031118070e-01 8.543864729017127679e-01 8.448064326574543648e-01
8.200586941257820284e-01 7.940550437491621372e-01 6.770996459284708280e-01 5.903158113437739773e-01 3.370963406517269445e-01 4.761112055278908239e-01 4.692460256305889810e-01
8.110300508999409574e-01 8.559615038456990233e-01 8.811167791853509179e-01 8.975954088846519463e-01 7.795336508787267249e-01 8.867773737649023991e-01 8.900253242103325357e-01
8.971832980491057929e-01 8.805271235623934878e-01 7.393884343359620193e-01 7.498128006570697890e-01 8.965876559269105872e-01 8.755889263720648685e-01 6.667928081748926150e-01
6.629250010051601638e-01 6.478966216749615370e-01 7.207228959649855105e-01 9.096131268669618297e-01 9.696774647911656775e-01 9.826357494325848041e-01 9.842085340235007251e-01
0.000000000000000000e+00 0.000000000000000000e+00 0.000000000000000000e+00 0.000000000000000000e+00 0.000000000000000000e+00 0.000000000000000000e+00 0.000000000000000000e+00
6.371968194228602167e-01 7.664908287744648385e-01 7.655708306586852530e-01 8.160551263256882182e-01 6.616214404411218108e-01 5.299425041648095913e-01 2.840735610364327757e-01
5.404642650947392157e-01 6.096778826183021360e-01 3.113971677452841424e-01 8.289775893445662514e-02 3.677771686339521007e-01 1.675815706857385068e-01 2.420086806377591826e-01
4.345769717556968170e-01 2.554268670170466438e-01 1.668409244085243825e-01 4.019470170550688004e-01 6.604444339450404877e-01 2.649685376013170002e-01 4.265914501112972879e-01
8.941283492092734209e-01 9.191206162707199478e-01 9.240964579283217351e-01 9.102826327079636126e-01 8.791510608841314189e-01 7.595728620201982473e-01 6.504980711404596549e-01
0.000000000000000000e+00 0.000000000000000000e+00 0.000000000000000000e+00 0.000000000000000000e+00 0.000000000000000000e+00 0.000000000000000000e+00 0.000000000000000000e+00
8.525636529108061579e-01 8.581761699282184352e-01 8.972924777240827154e-01 9.210270220526888263e-01 9.632049153595211299e-01 9.835043719637565074e-01 9.913410567444010946e-01
8.649905122798960955e-01 9.343303728006893127e-01 8.963072519076094036e-01 8.241285264638049668e-01 7.712344210782658971e-01 8.389514536131691402e-01 8.746425638691173177e-01
9.045610444696249308e-01 8.821056027701891233e-01 7.176568295013732168e-01 3.992579228513240541e-01 1.498387543349238016e-01 3.018666799652795496e-01 2.187665518839302103e-01
7.743921083001156225e-01 6.557975793648619378e-01 6.621420198129328583e-01 6.429024022588797349e-01 7.932935535911260772e-01 8.506944440020290932e-01 8.934571117988859834e-01
7.504599312602207029e-01 7.345454943628835220e-01 5.641980645929195459e-01 6.122637885941879521e-01 6.454348560313560856e-01 3.596787285703261783e-01 5.578817110626499431e-01
4.281340579024104920e-01 4.506750746903970817e-01 7.452734360338144626e-01 7.193983726731636441e-01 8.369421612105020225e-01 8.565240593204227482e-01 8.773545359071577288e-01
