6.008079497963219051e-01 6.846269712750628900e-01 5.835241907408383888e-01 3.745014577646565979e-01 2.206804598066161860e-01 4.490369263049861503e-01 6.310500894515705950e-01
4.236750303581081623e-01 6.610916555040607934e-01 8.862189924838078658e-01 9.104949330121605566e-01 8.524491412687896785e-01 7.621817126465447734e-01 8.603917280270416690e-01
7.714870325135887441e-01 7.547754110059636812e-01 6.346129808845865083e-01 7.449967342141904370e-01 7.864488331847904190e-01 9.414100940439054099e-01 9.791099072697933003e-01
7.392651583275061666e-01 6.738911705725975088e-01 5.050786575414317747e-01 5.962604839455455386e-01 6.431976634912434099e-01 6.199731258908871556e-01 4.260238804085276221e-01
7.091518500626656785e-01 8.162175073650310697e-01 7.739291248994768502e-01 7.755972034839394569e-01 9.002782606205622651e-01 8.340134546986300856e-01 5.003746606170067501e-01
8.258118935083453849e-01 6.586326964359325853e-01 7.715072581684037090e-01 7.908755037420446277e-01 6.329899086987648138e-01 4.707041718762232096e-01 4.206569696263859348e-01
4.612096520111977349e-01 7.159717368926529213e-01 7.858919086038114177e-01 8.514246419718417558e-01 8.813690526095495636e-01 8.314238586526399022e-01 7.162007417006043264e-01
4.133499685003751423e-01 6.598316102272111516e-01 7.002798743136998683e-01 6.275020530935943031e-01 4.475104154304034854e-01 7.373474089504189477e-01 9.067950454234120494e-01
0.000000000000000000e+00 0.000000000000000000e+00 0.000000000000000000e+00 0.000000000000000000e+00 0.000000000000000000e+00 0.000000000000000000e+00 0.000000000000000000e+00
6.557192609005249029e-01 6.969712087055398575e-01 6.689684867968800353e-01 8.698290333254976581e-01 8.874618341566642421e-01 9.646109355088329229e-01 9.793413891811116878e-01
4.758877918106986793e-01 3.572049676801791751e-01 2.949262867762839080e-01 2.667953522024533730e-01 2.126963647656800183e-01 3.439600531918524662e-01 1.698159531023653857e-01
8.592521703490320351e-02 1.900551198534740638e-01 4.123703889204008988e-01 4.892999351968728150e-01 3.833072785098098345e-01 4.727446078998940870e-01 2.622339661806802891e-01
5.848876691935593897e-01 5.813539572376950071e-01 7.677105334178795371e-01 8.496110605313509367e-01 8.273796718382818716e-01 7.284296426218517251e-01 9.078847456199289345e-01
0.000000000000000000e+00 0.000000000000000000e+00 0.000000000000000000e+00 0.000000000000000000e+00 0.000000000000000000e+00 0.000000000000000000e+00 0.000000000000000000e+00
7.509649242211188236e-01 7.894194396934243185e-01 8.475316477132089910e-01 8.637947710293680803e-01 9.565892589144926461e-01 9.583783083227015442e-01 9.304819909578249115e-01
0.000000000000000000e+00 0.000000000000000000e+00 0.000000000000000000e+00 0.000000000000000000e+00 0.000000000000000000e+00 0.000000000000000000e+00 0.000000000000000000e+00
0.000000000000000000e+00 0.000000000000000000e+00 0.000000000000000000e+00 0.000000000000000000e+00 0.000000000000000000e+00 0.000000000000000000e+00 0.000000000000000000e+00
0.000000000000000000e+00 0.000000000000000000e+00 0.000000000000000000e+00 0.000000000000000000e+00 0.000000000000000000e+00 0.000000000000000000e+00 0.000000000000000000e+00
0.000000000000000000e+00 0.000000000000000000e+00 0.000000000000000000e+00 0.000000000000000000e+00 0.000000000000000000e+00 0.000000000000000000e+00 0.000000000000000000e+00
0.000000000000000000e+00 0.000000000000000000e+00 0.000000000000000000e+00 0.000000000000000000e+00 0.000000000000000000e+00 0.000000000000000000e+00 0.000000000000000000e+00
5.059766232086095883e-01 7.205321725400833932e-01 6.593038936918185211e-01 3.090255880855187209e-01 5.638128686418436564e-01 5.816955063947500948e-01 3.361103682919140412e-01
6.156030353085983897e-01 7.346015871928057717e-01 7.528554371757089081e-01 9.297331410338297575e-01 9.491824215350506133e-01 8.248526095451126361e-01 6.947436702015852283e-01
7.519017672814584108e-01 8.185823038970698740e-01 8.425104033716518392e-01 9.542892243848868361e-01 9.651201141586249754e-01 9.731467649534890629e-01 9.835301161681225812e-01
6.857869496250761365e-01 7.683669855158461459e-01 8.853741213993548964e-01 8.850201086785833837e-01 9.645769817812941405e-01 8.961501252542020124e-01 6.522215107520248356e-01
7.799707121837436974e-01 8.663100860520887014e-01 9.237480406258604670e-01 9.479962925358347281e-01 9.215361774183329358e-01 8.901409287363568623e-01 9.001086790230420354e-01
7.396250984324974631e-01 7.480914157936872089e-01 8.671876633914857857e-01 7.961241560256304695e-01 8.939593947859064693e-01 9.523724562107136471e-01 8.777411821247335100e-01
5.231161156672630153e-01 5.445610308844363034e-01 7.559215766943386816e-01 9.430643361547754733e-01 9.886908410828114668e-01 9.870314813478163751e-01 9.525606592454413102e-01
0.000000000000000000e+00 0.000000000000000000e+00 0.000000000000000000e+00 0.000000000000000000e+00 0.000000000000000000e+00 0.000000000000000000e+00 0.000000000000000000e+00
8.141246573629224992e-01 8.186689850643289468e-01 8.882386054199598036e-01 9.229752389437920757e-01 8.388873090193453841e-01 7.089072726070181352e-01 5.742105552139462610e-01
1.477959248162021011e-01 2.225476311481728309e-01 2.842573618302534633e-01 1.530225887169145982e-01 1.384971548095326188e-01 2.814503351828263056e-01 4.322844318072964764e-01
7.912376971241330548e-01 7.909497147521815652e-01 8.694196571782006888e-01 7.064528502937201804e-01 6.307770509681145388e-01 6.588666347150911040e-01 6.269673532862271026e-01
8.537107061691496801e-01 8.650111847372736751e-01 8.964332861153236909e-01 8.511869100068846228e-01 8.336578279233421984e-01 7.948783651198894074e-01 5.306404869299637950e-01
0.000000000000000000e+00 0.000000000000000000e+00 0.000000000000000000e+00 0.000000000000000000e+00 0.000000000000000000e+00 0.000000000000000000e+00 0.000000000000000000e+00
5.845720970584254994e-01 7.866378630609521805e-01 8.564660025297633483e-01 9.349895697518105786e-01 9.891804859473685152e-01 9.928844025137081308e-01 9.885859350168940685e-01
8.065313389495220031e-01 7.526714398259788386e-01 5.826302777753201712e-01 6.881064315961835653e-01 7.284985970173785130e-01 7.968008202737824064e-01 9.426428392769019560e-01
9.117861821624803076e-01 8.502769747379126386e-01 8.580713943501862007e-01 7.432432563449319352e-01 9.499364480693148760e-01 9.091828393299036248e-01 6.588083007480213249e-01
6.156298473446962793e-01 7.078360725446892765e-01 6.460208245706077212e-01 7.241473096581645397e-01 7.804167077522161655e-01 7.261420408795417059e-01 9.500811596415313920e-01
6.044382972873717508e-01 8.344043801493162826e-01 8.484900870515715843e-01 7.940325785712036843e-01 5.157785908084352444e-01 4.251140226226494678e-01 6.686138825654591722e-01
2.970240610992497809e-01 2.365814232115316385e-01 1.799890814443512732e-01 4.972096073825550966e-01 9.052946625958973037e-01 9.313128184915353547e-01 9.324075199804400249e-01
5.630113673053194212e-01 6.801558446764778276e-01 6.050139354899254363e-01 6.319741300959591523e-01 7.478199466480607294e-01 4.416665875783128414e-01 2.927266949477204117e-01
7.677032990335967977e-01 7.914592417370743815e-01 7.945330461620671025e-01 8.157606252005353831e-01 8.290362757842154595e-01 6.809752863503500953e-01 8.065737968026204241e-01
0.000000000000000000e+00 0.000000000000000000e+00 0.000000000000000000e+00 0.000000000000000000e+00 0.000000000000000000e+00 0.000000000000000000e+00 0.000000000000000000e+00
7.187843432493414841e-01 8.732142718845078422e-01 8.911359217801450017e-01 9.225949183053253622e-01 8.120818149045408996e-01 4.141664844369881693e-01 3.365430674382563492e-01
7.006332512638784316e-01 8.242632718848112994e-01 4.233451184519822497e-01 4.138064034017233106e-01 6.788103697917157175e-01 4.706496309146471213e-01 2.223555231759046791e-01
5.329106884241018305e-01 6.085701951109673269e-01 2.891790422579714748e-01 5.744377750614125810e-01 6.461476762317317490e-01 4.397292958741501612e-01 2.684773446917969042e-01
5.497144150202393220e-01 5.931598076877208081e-01 2.832710124911589911e-01 2.309704776236639334e-01 4.612339360629969520e-01 4.066821075430804289e-01 3.024259215417399171e-01
5.918935357147122600e-01 6.904758308398475375e-01 8.017799955671435219e-01 8.334116299369561665e-01 7.854448123034597495e-01 8.321996242122179366e-01 9.459123134474360928e-01
0.000000000000000000e+00 0.000000000000000000e+00 0.000000000000000000e+00 0.000000000000000000e+00 0.000000000000000000e+00 0.000000000000000000e+00 0.000000000000000000e+00
0.000000000000000000e+00 0.000000000000000000e+00 0.000000000000000000e+00 0.000000000000000000e+00 0.000000000000000000e+00 0.000000000000000000e+00 0.000000000000000000e+00
7.006800691846231111e-01 7.232386516266328114e-01 7.413676872287019437e-01 7.247575067787896952e-01 5.264248509483764327e-01 4.690835326427565954e-01 7.246745999071907418e-01
3.783593559243704774e-01 6.921468633481430155e-01 8.018598775723335681e-01 6.928540232991603487e-01 6.694836423170654749e-01 4.989284815343320578e-01 3.879431839415729000e-01
3.383148178267441630e-01 4.076095501080659322e-01 4.208922268861512439e-01 2.844065011484280259e-01 5.361993738348701521e-01 6.067937689477763685e-01 7.436697471724141861e-01
0.000000000000000000e+00 0.000000000000000000e+00 0.000000000000000000e+00 0.000000000000000000e+00 0.000000000000000000e+00 0.000000000000000000e+00 0.000000000000000000e+00
5.168939228406917996e-01 5.287037062406625409e-01 5.342022169592268721e-01 6.180287397288669604e-01 8.245978338884837333e-01 9.246163443696052697e-01 9.857445061083930371e-01
7.669067069457935482e-01 8.260659054500865128e-01 7.697097980156607511e-01 7.438893033626434725e-01 7.197145285235059253e-01 6.227879020070126170e-01 6.252274600973081187e-01
0.000000000000000000e+00 0.000000000000000000e+00 0.000000000000000000e+00 0.000000000000000000e+00 0.000000000000000000e+00 0.000000000000000000e+00 0.000000000000000000e+00
0.000000000000000000e+00 0.000000000000000000e+00 0.000000000000000000e+00 0.000000000000000000e+00 0.000000000000000000e+00 0.000000000000000000e+00 0.000000000000000000e+00
0.000000000000000000e+00 0.000000000000000000e+00 0.000000000000000000e+00 0.000000000000000000e+00 0.000000000000000000e+00 0.000000000000000000e+00 0.000000000000000000e+00
0.000000000000000000e+00 0.000000000000000000e+00 0.000000000000000000e+00 0.000000000000000000e+00 0.000000000000000000e+00 0.000000000000000000e+00 0.000000000000000000e+00
4.954747166707757500e-01 6.447087679152153639e-01 7.019065856411977888e-01 7.372733695369104723e-01 8.126650509767117114e-01 6.511470451175135343e-01 7.211070623815636349e-01
5.376114185973823734e-01 6.421517277862278661e-01 7.647893964646066411e-01 8.808717894656158398e-01 9.463646450624667583e-01 9.027020321667265090e-01 7.888857976937023730e-01
5.514342352645343892e-01 6.657812089669762345e-01 8.283449380334246825e-01 9.096895562991129669e-01 8.099211628630071935e-01 4.040140654338835735e-01 3.041488610360625899e-01
6.793242341325441691e-01 5.387085700562567192e-01 7.747130591663271559e-01 8.013903327267978272e-01 8.422109933794375003e-01 9.015308336996925576e-01 8.636411104357799573e-01
0.000000000000000000e+00 0.000000000000000000e+00 0.000000000000000000e+00 0.000000000000000000e+00 0.000000000000000000e+00 0.000000000000000000e+00 0.000000000000000000e+00
6.855101534657112028e-01 6.455498503704834024e-01 4.728602516258074151e-01 8.947970244179644095e-02 1.049939081230576166e-01 6.216635907985841314e-01 8.584800438660221689e-01
0.000000000000000000e+00 0.000000000000000000e+00 0.000000000000000000e+00 0.000000000000000000e+00 0.000000000000000000e+00 0.000000000000000000e+00 0.000000000000000000e+00
7.330733758022853763e-01 8.822691343507130801e-01 9.278357805077089848e-01 9.078740981578781177e-01 8.986817447391935998e-01 9.002456077050059458e-01 8.836777272252174242e-01
4.637864861879518741e-01 5.031730195660482075e-01 7.647808941743050593e-01 8.315658561164294138e-01 6.148828418626902659e-01 5.626839030382237983e-01 8.550213239532608034e-01
