3.598421807178971790e+02 2.342180717897178965e+00 3.588421807178971790e+02 5.921807178971789654e-01 3.495921807178971790e+02 3.578421807178971790e+02 1.220921807178971790e+02
3.421870859127825497e+02 3.414370859127825497e+02 3.486870859127825497e+02 3.591870859127825497e+02 3.576870859127825497e+02 3.594370859127825497e+02 3.521870859127825497e+02
1.225442717844998697e+01 3.570044271784499870e+02 3.415044271784499870e+02 3.517544271784499870e+02 3.570044271784499870e+02 3.570044271784499870e+02 3.485044271784499870e+02
9.096657274481344757e+00 2.096657274481344757e+00 3.575966572744813448e+02 3.570966572744813448e+02 1.084665727448134476e+01 8.346657274481344757e+00 3.520966572744813448e+02
4.417842459917153519e+00 3.549178424599171535e+02 3.584178424599171535e+02 2.917842459917153519e+00 3.917842459917153519e+00 5.917842459917153519e+00 1.241784245991715352e+01
9.178747225819506639e+00 5.928747225819506639e+00 3.519287472258195066e+02 3.486787472258195066e+02 3.594287472258195066e+02 1.567874722581950664e+01 1.142874722581950664e+01
1.633364762338828768e+01 3.558336476233882877e+02 3.480836476233882877e+02 1.333364762338828768e+01 2.508364762338828768e+01 3.558336476233882877e+02 3.455836476233882877e+02
3.469706905679473152e+02 3.469706905679473152e+02 1.720690567947315230e+00 1.222069056794731523e+01 1.422069056794731523e+01 3.197069056794731523e+01 9.720690567947315230e+00
0.000000000000000000e+00 0.000000000000000000e+00 0.000000000000000000e+00 0.000000000000000000e+00 0.000000000000000000e+00 0.000000000000000000e+00 0.000000000000000000e+00
3.814536297665603115e+01 3.314536297665603115e+01 3.589536297665603115e+01 3.438953629766560312e+02 3.503953629766560312e+02 3.576453629766560312e+02 3.513953629766560312e+02
1.378634925789413046e+00 2.512863492578941305e+01 8.128634925789413046e+00 3.536286349257894130e+02 2.121286349257894130e+02 2.721286349257894130e+02 3.318786349257894130e+02
3.432565114530548840e+02 2.720065114530548840e+02 2.160065114530548840e+02 2.102565114530548840e+02 2.895065114530548840e+02 1.575651145305488399e+01 2.080065114530548840e+02
4.758410950698419128e+00 5.758410950698419128e+00 3.508410950698419128e+00 9.258410950698419128e+00 1.425841095069841913e+01 1.125841095069841913e+01 5.258410950698419128e+00
0.000000000000000000e+00 0.000000000000000000e+00 0.000000000000000000e+00 0.000000000000000000e+00 0.000000000000000000e+00 0.000000000000000000e+00 0.000000000000000000e+00
7.246049088958216089e+00 5.496049088958216089e+00 3.564960490889582161e+02 3.567460490889582161e+02 5.996049088958216089e+00 2.246049088958216089e+00 3.584960490889582161e+02
0.000000000000000000e+00 0.000000000000000000e+00 0.000000000000000000e+00 0.000000000000000000e+00 0.000000000000000000e+00 0.000000000000000000e+00 0.000000000000000000e+00
0.000000000000000000e+00 0.000000000000000000e+00 0.000000000000000000e+00 0.000000000000000000e+00 0.000000000000000000e+00 0.000000000000000000e+00 0.000000000000000000e+00
0.000000000000000000e+00 0.000000000000000000e+00 0.000000000000000000e+00 0.000000000000000000e+00 0.000000000000000000e+00 0.000000000000000000e+00 0.000000000000000000e+00
0.000000000000000000e+00 0.000000000000000000e+00 0.000000000000000000e+00 0.000000000000000000e+00 0.000000000000000000e+00 0.000000000000000000e+00 0.000000000000000000e+00
0.000000000000000000e+00 0.000000000000000000e+00 0.000000000000000000e+00 0.000000000000000000e+00 0.000000000000000000e+00 0.000000000000000000e+00 0.000000000000000000e+00
2.120971731985747510e+01 3.542097173198574751e+02 3.562097173198574751e+02 3.469597173198574751e+02 3.257097173198574751e+02 2.847097173198574751e+02 3.054597173198574751e+02
5.369289727677596602e+00 1.336928972767759660e+01 3.558692897276775966e+02 4.119289727677596602e+00 6.619289727677596602e+00 1.119289727677596602e+00 3.571192897276775966e+02
3.357139046750079956e+02 1.346390467500799559e+01 1.971390467500799559e+01 1.213904675007995593e+00 3.559639046750079956e+02 1.963904675007995593e+00 4.071390467500799559e+01
3.480142776461242420e+02 3.492642776461242420e+02 3.387642776461242420e+02 3.595142776461242420e+02 1.276427764612424198e+01 1.176427764612424198e+01 2.764277646124241983e+00
2.804441200775772813e+01 3.517944120077577281e+02 3.362944120077577281e+02 3.435444120077577281e+02 4.294412007757728134e+00 3.500444120077577281e+02 3.452944120077577281e+02
3.396768136215630420e+02 3.466768136215630420e+02 3.499268136215630420e+02 8.176813621563042034e+00 3.466768136215630420e+02 3.176813621563042034e+00 3.354268136215630420e+02
2.400420621505224972e+01 1.350420621505224972e+01 1.450420621505224972e+01 6.254206215052249718e+00 5.004206215052249718e+00 3.582542062150522497e+02 3.590042062150522497e+02
0.000000000000000000e+00 0.000000000000000000e+00 0.000000000000000000e+00 0.000000000000000000e+00 0.000000000000000000e+00 0.000000000000000000e+00 0.000000000000000000e+00
1.767453867754568364e+00 1.526745386775456836e+01 3.017453867754568364e+00 8.517453867754568364e+00 9.017453867754568364e+00 1.376745386775456836e+01 1.251745386775456836e+01
9.635589466941516434e+01 1.673558946694151643e+02 1.716058946694151643e+02 1.581058946694151643e+02 1.726058946694151643e+02 5.635589466941516434e+01 3.960589466941516434e+01
3.259465205574651918e+02 3.324465205574651918e+02 3.511965205574651918e+02 3.446520557465191814e+00 1.869652055746519181e+01 1.219652055746519181e+01 3.416965205574651918e+02
3.594301502362620795e+02 4.301502362620794884e-01 1.180150236262079488e+00 3.576801502362620795e+02 3.544301502362620795e+02 4.180150236262079488e+00 1.043015023626207949e+01
0.000000000000000000e+00 0.000000000000000000e+00 0.000000000000000000e+00 0.000000000000000000e+00 0.000000000000000000e+00 0.000000000000000000e+00 0.000000000000000000e+00
3.459819750959586031e+02 3.469819750959586031e+02 3.492319750959586031e+02 1.481975095958603106e+00 6.981975095958603106e+00 3.231975095958603106e+00 5.981975095958603106e+00
3.397978123687150855e+02 3.342978123687150855e+02 3.495478123687150855e+02 3.455478123687150855e+02 4.297812368715085540e+00 5.297812368715085540e+00 8.547812368715085540e+00
3.516457436824166507e+02 3.521457436824166507e+02 3.576457436824166507e+02 5.145743682416679121e+00 3.593957436824166507e+02 3.551457436824166507e+02 3.533957436824166507e+02
9.939282519510811653e+00 8.439282519510811653e+00 1.693928251951081165e+01 5.189282519510811653e+00 3.529392825195108117e+02 3.534392825195108117e+02 3.446892825195108117e+02
1.128966259273067863e+01 3.527896625927306786e+02 2.039662592730678625e+00 3.428966259273067863e+01 6.028966259273067863e+01 5.128966259273067863e+01 1.945396625927306786e+02
1.037545096684129931e+01 2.137545096684129931e+01 1.037545096684129931e+01 2.625450966841299305e+00 9.875450966841299305e+00 3.388754509668412993e+02 1.875450966841299305e+00
