2.073275738839157611e+01 1.648275738839157611e+01 1.498275738839157611e+01 2.123275738839157611e+01 3.304827573883915761e+02 3.324827573883915761e+02 3.207327573883915761e+02
3.518430075510535744e+02 3.395930075510535744e+02 3.563430075510535744e+02 1.209300755105357439e+01 3.543430075510535744e+02 3.538430075510535744e+02 3.543430075510535744e+02
3.494077724887024488e+02 3.439077724887024488e+02 2.657772488702448754e+00 9.657772488702448754e+00 3.439077724887024488e+02 3.491577724887024488e+02 3.519077724887024488e+02
3.550294194309612976e+02 6.779419430961297621e+00 9.779419430961297621e+00 3.029419430961297621e+00 6.279419430961297621e+00 1.227941943096129762e+01 5.527941943096129762e+01
6.852982673501742283e+00 5.352982673501742283e+00 6.102982673501742283e+00 2.852982673501742283e+00 8.352982673501742283e+00 1.610298267350174228e+01 2.360298267350174228e+01
3.326734169474989358e+02 3.424234169474989358e+02 3.511734169474989358e+02 3.499234169474989358e+02 3.481734169474989358e+02 3.589234169474989358e+02 1.042341694749893577e+01
1.658755929717733579e+01 1.833755929717733579e+01 1.833755929717733579e+01 7.837559297177335793e+00 3.510875592971773358e+02 1.283755929717733579e+01 1.508755929717733579e+01
5.523583042182394820e+00 8.523583042182394820e+00 2.358304218239481997e-02 8.773583042182394820e+00 1.502358304218239482e+01 3.555235830421823948e+02 5.773583042182394820e+00
0.000000000000000000e+00 0.000000000000000000e+00 0.000000000000000000e+00 0.000000000000000000e+00 0.000000000000000000e+00 0.000000000000000000e+00 0.000000000000000000e+00
1.529533953454262019e+01 5.545339534542620186e+00 1.504533953454262019e+01 5.045339534542620186e+00 3.432953395345426202e+02 3.472953395345426202e+02 3.527953395345426202e+02
1.926161145623331095e+01 2.676161145623331095e+01 1.526161145623331095e+01 9.511611456233310946e+00 1.952616114562333109e+02 2.250116114562333109e+02 2.427616114562333109e+02
2.750950123074454723e+02 2.740950123074454723e+02 1.115950123074454723e+02 1.040950123074454723e+02 1.708450123074454723e+02 6.109501230744547229e+01 1.908450123074454723e+02
3.563382781254393308e+02 1.583827812543933078e+01 4.838278125439330779e+00 5.338278125439330779e+00 1.458827812543933078e+01 1.233827812543933078e+01 3.585882781254393308e+02
0.000000000000000000e+00 0.000000000000000000e+00 0.000000000000000000e+00 0.000000000000000000e+00 0.000000000000000000e+00 0.000000000000000000e+00 0.000000000000000000e+00
1.237202578539336173e+01 2.137202578539336173e+01 1.962202578539336173e+01 1.372025785393361730e+00 3.533720257853933617e+02 3.573720257853933617e+02 1.012202578539336173e+01
0.000000000000000000e+00 0.000000000000000000e+00 0.000000000000000000e+00 0.000000000000000000e+00 0.000000000000000000e+00 0.000000000000000000e+00 0.000000000000000000e+00
0.000000000000000000e+00 0.000000000000000000e+00 0.000000000000000000e+00 0.000000000000000000e+00 0.000000000000000000e+00 0.000000000000000000e+00 0.000000000000000000e+00
0.000000000000000000e+00 0.000000000000000000e+00 0.000000000000000000e+00 0.000000000000000000e+00 0.000000000000000000e+00 0.000000000000000000e+00 0.000000000000000000e+00
0.000000000000000000e+00 0.000000000000000000e+00 0.000000000000000000e+00 0.000000000000000000e+00 0.000000000000000000e+00 0.000000000000000000e+00 0.000000000000000000e+00
0.000000000000000000e+00 0.000000000000000000e+00 0.000000000000000000e+00 0.000000000000000000e+00 0.000000000000000000e+00 0.000000000000000000e+00 0.000000000000000000e+00
2.790592864679263130e+01 4.059286467926312980e-01 3.594059286467926313e+02 3.316559286467926313e+02 3.421559286467926313e+02 4.315592864679263130e+01 1.790592864679263130e+01
3.597122498949048008e+02 3.537122498949048008e+02 3.497122498949048008e+02 1.396224989490480084e+01 3.587122498949048008e+02 3.499622498949048008e+02 3.542122498949048008e+02
3.353435765738765895e+00 1.335343576573876589e+01 5.603435765738765895e+00 1.135343576573876589e+01 1.560343576573876589e+01 3.503534357657387659e+02 3.578534357657387659e+02
3.595391923423449612e+02 3.530391923423449612e+02 3.375391923423449612e+02 6.039192342344961162e+00 2.328919234234496116e+01 3.262891923423449612e+02 3.197891923423449612e+02
3.590371431570194432e+02 3.475371431570194432e+02 3.520371431570194432e+02 6.787143157019443152e+00 1.328714315701944315e+01 3.467871431570194432e+02 3.477871431570194432e+02
3.278535918852553550e+02 2.603591885255355010e+00 3.596035918852553550e+02 3.571035918852553550e+02 3.503535918852553550e+02 3.336035918852553550e+02 2.916035918852553550e+02
6.730253543954631823e+01 5.780253543954631823e+01 3.405253543954631823e+01 3.555525354395463182e+02 3.523025354395463182e+02 1.052535439546318230e+00 3.385525354395463182e+02
0.000000000000000000e+00 0.000000000000000000e+00 0.000000000000000000e+00 0.000000000000000000e+00 0.000000000000000000e+00 0.000000000000000000e+00 0.000000000000000000e+00
7.694252039809384769e+00 2.594425203980938477e+01 3.044425203980938477e+01 3.504442520398093848e+02 3.466942520398093848e+02 3.469425203980938477e+01 8.394425203980938477e+01
3.322965220679875529e+02 3.262965220679875529e+02 1.152965220679875813e+02 1.837965220679875813e+02 8.329652206798758129e+01 2.955465220679875529e+02 2.975465220679875529e+02
3.469899339981371895e+02 3.494899339981371895e+02 3.594899339981371895e+02 3.417399339981371895e+02 3.587399339981371895e+02 9.739933998137189519e+00 1.948993399813718952e+01
3.577097019871639532e+02 3.554597019871639532e+02 3.497097019871639532e+02 3.262097019871639532e+02 3.284597019871639532e+02 1.195970198716395316e+01 3.567097019871639532e+02
0.000000000000000000e+00 0.000000000000000000e+00 0.000000000000000000e+00 0.000000000000000000e+00 0.000000000000000000e+00 0.000000000000000000e+00 0.000000000000000000e+00
3.905075885652252055e+00 2.905075885652252055e+00 3.579050758856522521e+02 3.539050758856522521e+02 1.905075885652252055e+00 5.655075885652252055e+00 8.405075885652252055e+00
3.525938785047021611e+02 3.159387850470216108e+01 9.334387850470216108e+01 3.458438785047021611e+02 3.140938785047021611e+02 3.238438785047021611e+02 3.365938785047021611e+02
3.430692591827288425e+02 3.373192591827288425e+02 3.470692591827288425e+02 2.819259182728842461e+00 2.818192591827288425e+02 2.678192591827288425e+02 2.035692591827288425e+02
2.171422968556152000e+01 5.464229685561520000e+00 3.574642296855615200e+02 3.462142296855615200e+02 3.427142296855615200e+02 3.529642296855615200e+02 3.419642296855615200e+02
2.852867406070799916e+00 3.852867406070799916e+00 4.602867406070799916e+00 3.501028674060707999e+02 3.251028674060707999e+02 2.960286740607079992e+01 3.156028674060707999e+02
3.552211190737984907e+02 3.142211190737984907e+02 3.239711190737984907e+02 5.971119073798490717e+00 9.721119073798490717e+00 2.721119073798490717e+00 3.554711190737984907e+02
