3.536130979475030927e+02 3.518630979475030927e+02 3.508630979475030927e+02 3.548630979475030927e+02 3.578630979475030927e+02 3.581130979475030927e+02 5.113097947503121077e+00
3.397196496391249525e+02 3.367196496391249525e+02 3.399696496391249525e+02 3.512196496391249525e+02 1.271964963912495250e+01 8.469649639124952500e+00 3.417196496391249525e+02
0.000000000000000000e+00 0.000000000000000000e+00 0.000000000000000000e+00 0.000000000000000000e+00 0.000000000000000000e+00 0.000000000000000000e+00 0.000000000000000000e+00
0.000000000000000000e+00 0.000000000000000000e+00 0.000000000000000000e+00 0.000000000000000000e+00 0.000000000000000000e+00 0.000000000000000000e+00 0.000000000000000000e+00
0.000000000000000000e+00 0.000000000000000000e+00 0.000000000000000000e+00 0.000000000000000000e+00 0.000000000000000000e+00 0.000000000000000000e+00 0.000000000000000000e+00
0.000000000000000000e+00 0.000000000000000000e+00 0.000000000000000000e+00 0.000000000000000000e+00 0.000000000000000000e+00 0.000000000000000000e+00 0.000000000000000000e+00
0.000000000000000000e+00 0.000000000000000000e+00 0.000000000000000000e+00 0.000000000000000000e+00 0.000000000000000000e+00 0.000000000000000000e+00 0.000000000000000000e+00
0.000000000000000000e+00 0.000000000000000000e+00 0.000000000000000000e+00 0.000000000000000000e+00 0.000000000000000000e+00 0.000000000000000000e+00 0.000000000000000000e+00
0.000000000000000000e+00 0.000000000000000000e+00 0.000000000000000000e+00 0.000000000000000000e+00 0.000000000000000000e+00 0.000000000000000000e+00 0.000000000000000000e+00
0.000000000000000000e+00 0.000000000000000000e+00 0.000000000000000000e+00 0.000000000000000000e+00 0.000000000000000000e+00 0.000000000000000000e+00 0.000000000000000000e+00
0.000000000000000000e+00 0.000000000000000000e+00 0.000000000000000000e+00 0.000000000000000000e+00 0.000000000000000000e+00 0.000000000000000000e+00 0.000000000000000000e+00
0.000000000000000000e+00 0.000000000000000000e+00 0.000000000000000000e+00 0.000000000000000000e+00 0.000000000000000000e+00 0.000000000000000000e+00 0.000000000000000000e+00
0.000000000000000000e+00 0.000000000000000000e+00 0.000000000000000000e+00 0.000000000000000000e+00 0.000000000000000000e+00 0.000000000000000000e+00 0.000000000000000000e+00
0.000000000000000000e+00 0.000000000000000000e+00 0.000000000000000000e+00 0.000000000000000000e+00 0.000000000000000000e+00 0.000000000000000000e+00 0.000000000000000000e+00
0.000000000000000000e+00 0.000000000000000000e+00 0.000000000000000000e+00 0.000000000000000000e+00 0.000000000000000000e+00 0.000000000000000000e+00 0.000000000000000000e+00
0.000000000000000000e+00 0.000000000000000000e+00 0.000000000000000000e+00 0.000000000000000000e+00 0.000000000000000000e+00 0.000000000000000000e+00 0.000000000000000000e+00
0.000000000000000000e+00 0.000000000000000000e+00 0.000000000000000000e+00 0.000000000000000000e+00 0.000000000000000000e+00 0.000000000000000000e+00 0.000000000000000000e+00
0.000000000000000000e+00 0.000000000000000000e+00 0.000000000000000000e+00 0.000000000000000000e+00 0.000000000000000000e+00 0.000000000000000000e+00 0.000000000000000000e+00
0.000000000000000000e+00 0.000000000000000000e+00 0.000000000000000000e+00 0.000000000000000000e+00 0.000000000000000000e+00 0.000000000000000000e+00 0.000000000000000000e+00
0.000000000000000000e+00 0.000000000000000000e+00 0.000000000000000000e+00 0.000000000000000000e+00 0.000000000000000000e+00 0.000000000000000000e+00 0.000000000000000000e+00
0.000000000000000000e+00 0.000000000000000000e+00 0.000000000000000000e+00 0.000000000000000000e+00 0.000000000000000000e+00 0.000000000000000000e+00 0.000000000000000000e+00
3.245449203009408734e+02 6.794920300940873403e+00 5.129492030094087340e+01 1.240449203009408734e+02 4.104492030094087340e+01 3.154492030094087340e+01 1.020449203009408734e+02
8.708737772475672045e+00 1.020873777247567205e+01 4.958737772475672045e+00 8.458737772475672045e+00 1.595873777247567205e+01 3.564587377724756720e+02 2.970873777247567205e+01
0.000000000000000000e+00 0.000000000000000000e+00 0.000000000000000000e+00 0.000000000000000000e+00 0.000000000000000000e+00 0.000000000000000000e+00 0.000000000000000000e+00
8.914389599840205847e+00 1.616438959984020585e+01 2.016438959984020585e+01 1.166438959984020585e+01 3.586643895998402058e+02 3.324143895998402058e+02 2.484143895998402058e+02
3.557526839416532312e+02 3.482526839416532312e+02 1.502683941653231159e+00 5.002683941653231159e+00 3.572526839416532312e+02 2.175268394165323116e+01 2.300268394165323116e+01
0.000000000000000000e+00 0.000000000000000000e+00 0.000000000000000000e+00 0.000000000000000000e+00 0.000000000000000000e+00 0.000000000000000000e+00 0.000000000000000000e+00
0.000000000000000000e+00 0.000000000000000000e+00 0.000000000000000000e+00 0.000000000000000000e+00 0.000000000000000000e+00 0.000000000000000000e+00 0.000000000000000000e+00
1.300771733703004429e+01 5.757717337030044291e+00 3.585077173370300443e+02 3.587577173370300443e+02 7.577173370300442912e-01 7.007717337030044291e+00 1.275771733703004429e+01
1.234440935578845711e+01 8.344409355788457106e+00 1.009440935578845711e+01 3.520944093557884571e+02 3.590944093557884571e+02 2.094409355788457106e+00 5.944093557884571055e-01
0.000000000000000000e+00 0.000000000000000000e+00 0.000000000000000000e+00 0.000000000000000000e+00 0.000000000000000000e+00 0.000000000000000000e+00 0.000000000000000000e+00
1.395013521560531444e+01 4.450135215605314443e+00 3.537001352156053144e+02 3.489501352156053144e+02 3.502001352156053144e+02 2.001352156053144427e-01 1.045013521560531444e+01
0.000000000000000000e+00 0.000000000000000000e+00 0.000000000000000000e+00 0.000000000000000000e+00 0.000000000000000000e+00 0.000000000000000000e+00 0.000000000000000000e+00
1.883155207528614028e+01 1.683155207528614028e+01 4.081552075286140280e+00 3.473315520752861403e+02 3.303315520752861403e+02 1.408155207528614028e+01 2.833155207528614028e+01
0.000000000000000000e+00 0.000000000000000000e+00 0.000000000000000000e+00 0.000000000000000000e+00 0.000000000000000000e+00 0.000000000000000000e+00 0.000000000000000000e+00
0.000000000000000000e+00 0.000000000000000000e+00 0.000000000000000000e+00 0.000000000000000000e+00 0.000000000000000000e+00 0.000000000000000000e+00 0.000000000000000000e+00
3.446397081543917693e+02 3.356397081543917693e+02 3.361397081543917693e+02 3.498897081543917693e+02 5.639708154391769312e+00 3.551397081543917693e+02 3.889708154391769312e+00
3.489437487794483559e+02 3.499437487794483559e+02 3.541937487794483559e+02 1.169374877944835589e+01 4.437487794483558901e-01 3.526937487794483559e+02 2.443748779448355890e+00
3.195656460706408097e+01 2.870656460706408097e+01 7.065646070640809739e-01 3.482065646070640810e+02 3.522065646070640810e+02 1.795656460706408097e+01 1.670656460706408097e+01
0.000000000000000000e+00 0.000000000000000000e+00 0.000000000000000000e+00 0.000000000000000000e+00 0.000000000000000000e+00 0.000000000000000000e+00 0.000000000000000000e+00
1.223851557541536295e+01 5.238515575415362946e+00 3.402385155754153629e+02 3.274885155754153629e+02 3.594885155754153629e+02 9.488515575415362946e+00 7.238515575415362946e+00
0.000000000000000000e+00 0.000000000000000000e+00 0.000000000000000000e+00 0.000000000000000000e+00 0.000000000000000000e+00 0.000000000000000000e+00 0.000000000000000000e+00
0.000000000000000000e+00 0.000000000000000000e+00 0.000000000000000000e+00 0.000000000000000000e+00 0.000000000000000000e+00 0.000000000000000000e+00 0.000000000000000000e+00
4.606609813544650933e-01 3.494606609813544651e+02 1.271066098135446509e+01 3.542106609813544651e+02 2.106609813544650933e-01 3.224606609813544651e+02 3.422106609813544651e+02
2.034220774072468885e+01 1.784220774072468885e+01 2.092207740724688847e+00 4.342207740724688847e+00 3.483422077407246888e+02 1.984220774072468885e+01 2.209220774072468885e+01
1.567751502186672496e+01 3.504275150218667250e+02 4.275150218667249646e-01 3.586775150218667250e+02 3.531775150218667250e+02 3.521775150218667250e+02 3.559275150218667250e+02
3.114920616212646109e+01 4.899206162126461095e+00 1.489920616212646109e+01 3.864920616212646109e+01 2.248992061621264611e+02 3.001492061621264611e+02 3.221492061621264611e+02
3.486504228245273680e+02 3.291504228245273680e+02 3.521504228245273680e+02 8.900422824527367993e+00 1.316504228245273680e+02 3.234004228245273680e+02 7.150422824527367993e+00
1.912561246915890933e+01 2.187561246915890933e+01 1.412561246915890933e+01 3.887561246915890933e+01 8.787561246915890933e+01 6.262561246915890933e+01 7.125612469158909335e+00
0.000000000000000000e+00 0.000000000000000000e+00 0.000000000000000000e+00 0.000000000000000000e+00 0.000000000000000000e+00 0.000000000000000000e+00 0.000000000000000000e+00
3.466105835890460867e+02 3.386105835890460867e+02 3.361105835890460867e+02 3.463605835890460867e+02 3.548605835890460867e+02 8.605835890460866722e-01 8.110583589046086672e+00
3.550499094079859788e+02 1.799909407985978760e+00 1.429990940798597876e+01 1.829990940798597876e+01 2.254990940798597876e+01 3.580499094079859788e+02 3.582999094079859788e+02
3.508766210907772347e+02 3.538766210907772347e+02 3.328766210907772347e+02 3.326266210907772347e+02 7.376621090777234713e+00 1.337662109077723471e+01 3.591266210907772347e+02
3.551172664190776231e+02 3.576172664190776231e+02 3.578672664190776231e+02 3.583672664190776231e+02 3.571172664190776231e+02 1.367266419077623141e+00 5.117266419077623141e+00
0.000000000000000000e+00 0.000000000000000000e+00 0.000000000000000000e+00 0.000000000000000000e+00 0.000000000000000000e+00 0.000000000000000000e+00 0.000000000000000000e+00
0.000000000000000000e+00 0.000000000000000000e+00 0.000000000000000000e+00 0.000000000000000000e+00 0.000000000000000000e+00 0.000000000000000000e+00 0.000000000000000000e+00
3.575447389072875239e+02 3.510447389072875239e+02 3.532947389072875239e+02 3.044738907287523944e+00 3.520447389072875239e+02 3.560447389072875239e+02 3.497947389072875239e+02
3.551380265281704851e+02 3.508880265281704851e+02 3.526380265281704851e+02 3.388026528170485108e+00 3.513880265281704851e+02 3.556380265281704851e+02 3.493880265281704851e+02
0.000000000000000000e+00 0.000000000000000000e+00 0.000000000000000000e+00 0.000000000000000000e+00 0.000000000000000000e+00 0.000000000000000000e+00 0.000000000000000000e+00
3.529629366816066067e+02 3.474629366816066067e+02 3.539629366816066067e+02 3.544629366816066067e+02 3.557129366816066067e+02 3.527129366816066067e+02 1.196293668160660673e+01
0.000000000000000000e+00 0.000000000000000000e+00 0.000000000000000000e+00 0.000000000000000000e+00 0.000000000000000000e+00 0.000000000000000000e+00 0.000000000000000000e+00
1.829322931349906867e+00 6.079322931349906867e+00 5.079322931349906867e+00 1.307932293134990687e+01 4.329322931349906867e+00 3.535793229313499069e+02 3.020793229313499069e+02
0.000000000000000000e+00 0.000000000000000000e+00 0.000000000000000000e+00 0.000000000000000000e+00 0.000000000000000000e+00 0.000000000000000000e+00 0.000000000000000000e+00
6.764589111058967319e-01 3.586764589111058967e+02 3.326764589111058967e+02 2.746764589111058967e+02 2.054264589111058967e+02 2.166764589111058967e+02 2.349264589111058967e+02
0.000000000000000000e+00 0.000000000000000000e+00 0.000000000000000000e+00 0.000000000000000000e+00 0.000000000000000000e+00 0.000000000000000000e+00 0.000000000000000000e+00
0.000000000000000000e+00 0.000000000000000000e+00 0.000000000000000000e+00 0.000000000000000000e+00 0.000000000000000000e+00 0.000000000000000000e+00 0.000000000000000000e+00
3.537136370013587339e+01 3.462136370013587339e+01 1.237136370013587339e+01 8.871363700135873387e+00 1.762136370013587339e+01 1.562136370013587339e+01 2.841213637001358734e+02
2.690924894225478283e+02 2.730924894225478283e+02 2.808424894225478283e+02 3.225924894225478283e+02 3.365924894225478283e+02 3.428424894225478283e+02 1.534248942254782833e+01
3.553470776537812981e+02 5.347077653781298068e+00 3.533470776537812981e+02 3.358470776537812981e+02 4.097077653781298068e+00 1.709707765378129807e+01 2.409707765378129807e+01
0.000000000000000000e+00 0.000000000000000000e+00 0.000000000000000000e+00 0.000000000000000000e+00 0.000000000000000000e+00 0.000000000000000000e+00 0.000000000000000000e+00
7.745005194554209993e+00 2.074500519455420999e+01 3.374500519455420999e+01 3.624500519455420999e+01 2.245005194554209993e+00 1.995005194554209993e+00 3.569950051945542100e+02
0.000000000000000000e+00 0.000000000000000000e+00 0.000000000000000000e+00 0.000000000000000000e+00 0.000000000000000000e+00 0.000000000000000000e+00 0.000000000000000000e+00
0.000000000000000000e+00 0.000000000000000000e+00 0.000000000000000000e+00 0.000000000000000000e+00 0.000000000000000000e+00 0.000000000000000000e+00 0.000000000000000000e+00
3.596754955409663808e+02 9.254955409663807586e-01 3.461754955409663808e+02 3.531754955409663808e+02 2.925495540966380759e+00 1.442549554096638076e+01 6.175495540966380759e+00
0.000000000000000000e+00 0.000000000000000000e+00 0.000000000000000000e+00 0.000000000000000000e+00 0.000000000000000000e+00 0.000000000000000000e+00 0.000000000000000000e+00
0.000000000000000000e+00 0.000000000000000000e+00 0.000000000000000000e+00 0.000000000000000000e+00 0.000000000000000000e+00 0.000000000000000000e+00 0.000000000000000000e+00
0.000000000000000000e+00 0.000000000000000000e+00 0.000000000000000000e+00 0.000000000000000000e+00 0.000000000000000000e+00 0.000000000000000000e+00 0.000000000000000000e+00
0.000000000000000000e+00 0.000000000000000000e+00 0.000000000000000000e+00 0.000000000000000000e+00 0.000000000000000000e+00 0.000000000000000000e+00 0.000000000000000000e+00
0.000000000000000000e+00 0.000000000000000000e+00 0.000000000000000000e+00 0.000000000000000000e+00 0.000000000000000000e+00 0.000000000000000000e+00 0.000000000000000000e+00
2.268265034769552813e+01 1.443265034769552813e+01 4.682650347695528126e+00 3.476826503476955281e+02 1.443265034769552813e+01 2.368265034769552813e+01 2.368265034769552813e+01
0.000000000000000000e+00 0.000000000000000000e+00 0.000000000000000000e+00 0.000000000000000000e+00 0.000000000000000000e+00 0.000000000000000000e+00 0.000000000000000000e+00
8.834679942444154221e+00 2.584679942444154221e+00 1.308467994244415422e+01 2.008467994244415422e+01 1.533467994244415422e+01 6.584679942444154221e+00 8.346799424441542214e-01
3.934330746341726126e+01 3.059330746341726126e+01 2.984330746341726126e+01 4.334330746341726126e+01 2.659330746341726126e+01 3.593433074634172613e+02 3.348433074634172613e+02
1.891041931992583613e+01 1.091041931992583613e+01 6.410419319925836135e+00 3.539104193199258361e+02 3.511604193199258361e+02 4.160419319925836135e+00 1.841041931992583613e+01
4.814512429072806299e+00 7.314512429072806299e+00 3.314512429072806299e+00 3.543145124290728063e+02 3.503145124290728063e+02 3.425645124290728063e+02 3.505645124290728063e+02
1.645923505118190633e+01 3.472092350511819063e+02 1.459235051181906329e+00 3.470923505118190633e+01 3.420923505118190633e+01 3.534592350511819063e+02 2.945923505118190633e+01
1.660279878574544909e+01 3.478527987857454491e+02 9.852798785745449095e+00 3.510279878574544909e+01 3.610279878574544909e+01 3.481027987857454491e+02 2.985279878574544909e+01
4.719683343159886135e+00 3.996968334315988614e+01 2.621968334315988614e+01 1.521968334315988614e+01 3.474696833431598861e+02 3.459696833431598861e+02 3.497196833431598861e+02
0.000000000000000000e+00 0.000000000000000000e+00 0.000000000000000000e+00 0.000000000000000000e+00 0.000000000000000000e+00 0.000000000000000000e+00 0.000000000000000000e+00
0.000000000000000000e+00 0.000000000000000000e+00 0.000000000000000000e+00 0.000000000000000000e+00 0.000000000000000000e+00 0.000000000000000000e+00 0.000000000000000000e+00
0.000000000000000000e+00 0.000000000000000000e+00 0.000000000000000000e+00 0.000000000000000000e+00 0.000000000000000000e+00 0.000000000000000000e+00 0.000000000000000000e+00
9.592159733849541681e+00 7.092159733849541681e+00 4.592159733849541681e+00 3.598421597338495417e+02 3.280921597338495417e+02 2.683421597338495417e+02 3.400921597338495417e+02
3.745715598422691528e+00 3.577457155984226915e+02 3.097457155984226915e+02 3.357457155984226915e+02 3.287457155984226915e+02 2.912457155984226915e+02 2.759957155984226915e+02
3.465202194555208735e+02 3.377702194555208735e+02 3.490202194555208735e+02 3.572702194555208735e+02 3.540202194555208735e+02 3.505202194555208735e+02 3.490202194555208735e+02
0.000000000000000000e+00 0.000000000000000000e+00 0.000000000000000000e+00 0.000000000000000000e+00 0.000000000000000000e+00 0.000000000000000000e+00 0.000000000000000000e+00
3.405082172267939313e+02 3.470082172267939313e+02 3.442582172267939313e+02 3.480082172267939313e+02 3.495082172267939313e+02 3.595082172267939313e+02 3.522582172267939313e+02
3.441494609430835681e+02 1.164946094308356805e+01 3.588994609430835681e+02 3.338994609430835681e+02 3.466494609430835681e+02 3.513994609430835681e+02 3.556494609430835681e+02
4.999649242731527465e+01 7.024649242731527465e+01 7.874649242731527465e+01 3.492464924273152747e+02 3.434964924273152747e+02 3.279964924273152747e+02 3.269964924273152747e+02
1.765364702413151008e+02 9.053647024131510079e+01 1.737864702413151008e+02 1.922864702413151008e+02 2.057864702413151008e+02 3.022864702413151008e+02 3.420364702413151008e+02
3.396891770203015994e+02 3.446891770203015994e+02 8.439177020301599441e+00 3.511891770203015994e+02 3.479391770203015994e+02 3.511891770203015994e+02 3.529391770203015994e+02
3.431443355461420879e+02 4.144335546142087878e+00 1.089433554614208788e+01 3.556443355461420879e+02 3.483943355461420879e+02 3.471443355461420879e+02 3.511443355461420879e+02
9.030921403899924371e+00 1.203092140389992437e+01 1.003092140389992437e+01 3.485309214038999244e+02 3.462809214038999244e+02 3.437809214038999244e+02 3.500309214038999244e+02
3.368349263817664223e+02 2.858492638176642231e+01 3.308492638176642231e+01 9.333492638176642231e+01 1.000849263817664223e+02 1.535849263817664223e+02 3.518349263817664223e+02
1.850968024771509590e+01 5.096802477150959021e-01 3.380096802477150959e+02 3.557596802477150959e+02 3.580096802477150959e+02 1.025968024771509590e+01 1.950968024771509590e+01
1.741590112588539796e+01 8.415901125885397960e+00 3.641590112588539796e+01 4.366590112588539796e+01 3.224159011258853980e+02 3.564159011258853980e+02 1.665901125885397960e+00
0.000000000000000000e+00 0.000000000000000000e+00 0.000000000000000000e+00 0.000000000000000000e+00 0.000000000000000000e+00 0.000000000000000000e+00 0.000000000000000000e+00
3.334858963832355130e+02 3.367358963832355130e+02 3.372358963832355130e+02 3.594858963832355130e+02 2.235896383235512985e+00 1.198589638323551299e+01 3.597358963832355130e+02
3.551151264274135428e+02 2.536512642741354284e+01 1.936512642741354284e+01 3.686512642741354284e+01 3.986512642741354284e+01 3.086512642741354284e+01 7.115126427413542842e+00
1.559753461637797045e+00 3.513097534616377970e+02 3.563097534616377970e+02 3.809753461637797045e+00 3.443097534616377970e+02 3.513097534616377970e+02 3.205597534616377970e+02
3.581623463933764810e+02 3.574123463933764810e+02 3.449123463933764810e+02 3.461623463933764810e+02 3.576623463933764810e+02 6.623463933764810463e-01 7.912346393376481046e+00
7.035012501575397437e+01 7.010012501575397437e+01 7.260012501575397437e+01 6.935012501575397437e+01 1.085012501575397437e+01 3.523501250157539744e+02 3.538501250157539744e+02
0.000000000000000000e+00 0.000000000000000000e+00 0.000000000000000000e+00 0.000000000000000000e+00 0.000000000000000000e+00 0.000000000000000000e+00 0.000000000000000000e+00
0.000000000000000000e+00 0.000000000000000000e+00 0.000000000000000000e+00 0.000000000000000000e+00 0.000000000000000000e+00 0.000000000000000000e+00 0.000000000000000000e+00
3.378014009789444572e+02 3.588014009789444572e+02 3.520514009789444572e+02 3.398014009789444572e+02 3.338014009789444572e+02 3.510514009789444572e+02 3.543014009789444572e+02
0.000000000000000000e+00 0.000000000000000000e+00 0.000000000000000000e+00 0.000000000000000000e+00 0.000000000000000000e+00 0.000000000000000000e+00 0.000000000000000000e+00
8.966538484205671011e+00 1.871653848420567101e+01 3.424665384842056710e+02 3.329665384842056710e+02 3.552165384842056710e+02 3.592165384842056710e+02 1.146653848420567101e+01
3.459212685932882323e+02 3.266712685932882323e+02 4.212685932882322959e-01 2.142126859328823230e+01 4.767126859328823230e+01 6.442126859328823230e+01 6.742126859328823230e+01
3.562718994038189066e+02 3.560218994038189066e+02 3.405218994038189066e+02 3.537718994038189066e+02 2.452189940381890665e+01 3.497718994038189066e+02 3.235218994038189066e+02
0.000000000000000000e+00 0.000000000000000000e+00 0.000000000000000000e+00 0.000000000000000000e+00 0.000000000000000000e+00 0.000000000000000000e+00 0.000000000000000000e+00
3.432051711110203769e+02 3.494551711110203769e+02 2.645517111102037688e+01 9.205171111020376884e+00 3.437051711110203769e+02 3.542051711110203769e+02 3.574551711110203769e+02
3.206515035533406035e+02 3.194015035533406035e+02 3.221515035533406035e+02 3.261515035533406035e+02 3.269015035533406035e+02 2.614015035533406035e+02 3.139015035533406035e+02
3.573110014861518380e+02 5.610014861518379803e-01 3.485610014861518380e+02 3.548110014861518380e+02 4.061001486151837980e+00 3.256100148615183798e+01 2.131100148615183798e+01
3.508860380809902608e+02 3.413860380809902608e+02 3.501360380809902608e+02 3.860380809902608235e-01 3.588860380809902608e+02 3.563860380809902608e+02 2.386038080990260823e+00
3.489171710963289570e+02 3.586671710963289570e+02 6.167171096328956992e+00 3.581671710963289570e+02 3.469171710963289570e+02 4.167171096328956992e+00 5.667171096328956992e+00
3.308062782302592950e+02 3.335562782302592950e+02 3.510562782302592950e+02 3.578062782302592950e+02 3.523062782302592950e+02 3.518062782302592950e+02 3.523062782302592950e+02
6.194556056027238355e+00 3.594445560560272384e+02 3.581945560560272384e+02 3.579445560560272384e+02 3.541945560560272384e+02 3.444556056027238355e+00 7.944556056027238355e+00
3.465541363670423607e+02 3.485541363670423607e+02 3.463041363670423607e+02 3.465541363670423607e+02 3.480541363670423607e+02 3.595541363670423607e+02 8.054136367042360689e+00
3.326521318533057752e+02 3.504021318533057752e+02 3.152131853305775167e+00 3.454021318533057752e+02 1.521318533057751665e-01 3.571521318533057752e+02 3.489021318533057752e+02
2.020481158559553592e+01 1.870481158559553592e+01 7.954811585595535917e+00 2.704811585595535917e+00 3.537048115855955075e+02 3.532048115855955075e+02 3.547048115855955075e+02
3.564227929488055224e+02 3.204227929488055224e+02 3.571727929488055224e+02 2.042279294880552243e+01 3.299227929488055224e+02 2.999227929488055224e+02 5.242279294880552243e+01
3.583072991896584654e+02 3.072991896584653659e-01 2.307299189658465366e+00 3.307299189658465366e+00 5.729918965846536594e-02 3.513072991896584654e+02 3.533072991896584654e+02
3.588071874476184462e+02 3.563071874476184462e+02 3.548071874476184462e+02 3.468071874476184462e+02 3.483071874476184462e+02 3.500571874476184462e+02 3.071874476184461855e-01
3.755909200473809051e+00 2.025590920047380905e+01 5.005909200473809051e+00 3.477559092004738091e+02 3.547559092004738091e+02 3.047559092004738091e+02 2.372559092004738091e+02
3.242013623240268316e+00 9.920136232402683163e-01 3.562420136232402683e+02 3.567420136232402683e+02 1.574201362324026832e+01 3.992013623240268316e+00 1.799201362324026832e+01
3.513689087815632774e+02 3.591189087815632774e+02 3.868908781563277444e+00 1.118908781563277444e+00 3.516189087815632774e+02 3.438689087815632774e+02 2.661189087815632774e+02
0.000000000000000000e+00 0.000000000000000000e+00 0.000000000000000000e+00 0.000000000000000000e+00 0.000000000000000000e+00 0.000000000000000000e+00 0.000000000000000000e+00
4.085417659099471166e+01 1.760417659099471166e+01 2.160417659099471166e+01 5.354176590994711660e+00 2.604176590994711660e+00 3.571041765909947117e+02 3.543541765909947117e+02
2.885666578953612316e+01 2.760666578953612316e+01 3.435666578953612316e+01 3.533566657895361232e+02 2.810666578953612316e+01 1.385666578953612316e+01 3.418566657895361232e+02
2.243736609039530094e+01 2.293736609039530094e+01 2.393736609039530094e+01 4.437366090395300944e+00 2.368736609039530094e+01 1.618736609039530094e+01 7.437366090395300944e+00
0.000000000000000000e+00 0.000000000000000000e+00 0.000000000000000000e+00 0.000000000000000000e+00 0.000000000000000000e+00 0.000000000000000000e+00 0.000000000000000000e+00
3.563017798353532157e+02 3.573017798353532157e+02 3.585517798353532157e+02 5.177983535321573072e-02 9.051779835353215731e+00 4.551779835353215731e+00 3.550517798353532157e+02
0.000000000000000000e+00 0.000000000000000000e+00 0.000000000000000000e+00 0.000000000000000000e+00 0.000000000000000000e+00 0.000000000000000000e+00 0.000000000000000000e+00
1.411739433615286998e+01 5.867394336152869982e+00 1.011739433615286998e+01 2.998673943361528700e+02 3.503673943361528700e+02 2.933673943361528700e+02 1.011739433615286998e+01
3.479073129818923462e+02 3.454073129818923462e+02 3.366573129818923462e+02 3.509073129818923462e+02 3.399073129818923462e+02 3.394073129818923462e+02 1.115731298189234622e+01
0.000000000000000000e+00 0.000000000000000000e+00 0.000000000000000000e+00 0.000000000000000000e+00 0.000000000000000000e+00 0.000000000000000000e+00 0.000000000000000000e+00
2.947629707586635277e+02 3.237629707586635277e+02 3.542629707586635277e+02 3.595129707586635277e+02 3.762970758663527704e+00 2.512970758663527704e+00 3.340129707586635277e+02
0.000000000000000000e+00 0.000000000000000000e+00 0.000000000000000000e+00 0.000000000000000000e+00 0.000000000000000000e+00 0.000000000000000000e+00 0.000000000000000000e+00
3.495798960394639607e+02 3.558298960394639607e+02 3.298960394639607330e-01 3.829896039463960733e+00 3.533298960394639607e+02 3.585798960394639607e+02 3.548298960394639607e+02
0.000000000000000000e+00 0.000000000000000000e+00 0.000000000000000000e+00 0.000000000000000000e+00 0.000000000000000000e+00 0.000000000000000000e+00 0.000000000000000000e+00
2.749637635474439890e+01 8.246376354744398895e+00 5.246376354744398895e+00 3.246376354744398895e+00 3.572463763547443705e+02 3.574963763547443705e+02 1.996376354744398895e+00
0.000000000000000000e+00 0.000000000000000000e+00 0.000000000000000000e+00 0.000000000000000000e+00 0.000000000000000000e+00 0.000000000000000000e+00 0.000000000000000000e+00
3.456919248813686636e+02 6.691924881368635170e+00 6.919248813686351696e-01 2.619192488136863517e+01 3.119192488136863517e+01 2.219192488136863517e+01 7.094192488136863517e+01
3.197040021926671898e+02 3.457040021926671898e+02 2.802040021926671898e+02 1.554540021926671898e+02 1.039540021926671898e+02 2.020400219266718977e+01 5.954002192667189775e+00
1.005592154847596476e+01 3.530592154847596476e+01 6.880592154847596476e+01 1.205559215484759648e+02 1.428059215484759648e+02 3.780592154847596476e+01 2.455592154847596476e+01
3.442632085586811286e+02 3.485132085586811286e+02 3.432632085586811286e+02 3.217632085586811286e+02 6.763208558681128579e+00 3.477632085586811286e+02 3.545132085586811286e+02
3.470488895085166519e+02 3.590488895085166519e+02 3.515488895085166519e+02 3.537988895085166519e+02 1.548889508516651858e+00 8.048889508516651858e+00 8.548889508516651858e+00
1.108115757807070167e+01 1.908115757807070167e+01 3.538311575780707017e+02 3.578311575780707017e+02 1.158115757807070167e+01 3.183115757807070167e+01 2.683115757807070167e+01
1.416339390752989402e+01 1.416339390752989402e+01 1.663393907529894022e+00 3.413393907529894022e+00 5.413393907529894022e+00 5.913393907529894022e+00 1.766339390752989402e+01
0.000000000000000000e+00 0.000000000000000000e+00 0.000000000000000000e+00 0.000000000000000000e+00 0.000000000000000000e+00 0.000000000000000000e+00 0.000000000000000000e+00
0.000000000000000000e+00 0.000000000000000000e+00 0.000000000000000000e+00 0.000000000000000000e+00 0.000000000000000000e+00 0.000000000000000000e+00 0.000000000000000000e+00
2.048006622555487866e+01 1.748006622555487866e+01 3.552300662255548787e+02 3.480066225554878656e+00 1.498006622555487866e+01 2.423006622555487866e+01 1.798006622555487866e+01
1.100206006855376017e+01 9.752060068553760175e+00 3.575020600685537602e+02 6.752060068553760175e+00 1.775206006855376017e+01 1.600206006855376017e+01 1.000206006855376017e+01
3.567378094963295325e+02 3.582378094963295325e+02 3.327378094963295325e+02 6.987809496329532521e+00 1.773780949632953252e+01 3.432378094963295325e+02 3.362378094963295325e+02
9.639117546824422789e+00 1.638911754682442279e+01 8.889117546824422789e+00 9.389117546824422789e+00 1.238911754682442279e+01 3.639117546824422789e+00 3.531391175468244228e+02
0.000000000000000000e+00 0.000000000000000000e+00 0.000000000000000000e+00 0.000000000000000000e+00 0.000000000000000000e+00 0.000000000000000000e+00 0.000000000000000000e+00
2.747332400858340407e+00 1.749733240085834041e+01 3.544973324008583404e+02 3.122473324008583404e+02 3.414973324008583404e+02 3.517473324008583404e+02 3.502473324008583404e+02
2.202351932718698890e+01 3.102351932718698890e+01 3.505235193271869889e+02 5.523519327186988903e+00 1.227351932718698890e+01 1.477351932718698890e+01 1.477351932718698890e+01
3.354390228804617777e+02 3.301890228804617777e+02 3.279390228804617777e+02 1.218902288046177773e+01 2.943902288046177773e+01 7.068902288046177773e+01 8.443902288046177773e+01
0.000000000000000000e+00 0.000000000000000000e+00 0.000000000000000000e+00 0.000000000000000000e+00 0.000000000000000000e+00 0.000000000000000000e+00 0.000000000000000000e+00
2.105526734599266092e+00 5.855526734599266092e+00 2.105526734599266092e+00 3.591055267345992661e+02 3.566055267345992661e+02 7.355526734599266092e+00 6.105526734599266092e+00
1.351203150311323498e+01 4.012031503113234976e+00 1.201203150311323498e+01 2.262031503113234976e+00 7.620315031132349759e-01 4.512031503113234976e+00 3.592620315031132350e+02
9.225782253137481348e+00 7.725782253137481348e+00 1.472578225313748135e+01 6.475782253137481348e+00 7.975782253137481348e+00 1.997578225313748135e+01 4.497578225313748135e+01
5.763932968038272975e+01 4.813932968038272975e+01 2.613932968038272975e+01 8.889329680382729748e+00 1.338932968038272975e+01 3.448893296803827297e+02 3.391393296803827297e+02
0.000000000000000000e+00 0.000000000000000000e+00 0.000000000000000000e+00 0.000000000000000000e+00 0.000000000000000000e+00 0.000000000000000000e+00 0.000000000000000000e+00
3.460019683945299676e+02 3.420019683945299676e+02 3.542519683945299676e+02 3.555019683945299676e+02 1.725196839452996755e+01 1.025196839452996755e+01 3.527519683945299676e+02
6.769394765774961797e+00 2.326939476577496180e+01 2.026939476577496180e+01 3.451939476577496180e+01 3.450193947657749618e+02 3.300193947657749618e+02 2.290193947657749618e+02
1.243645004176255497e+01 9.364500417625549744e-01 3.529364500417625550e+02 3.584364500417625550e+02 5.718645004176255497e+01 3.368645004176255497e+01 8.936450041762554974e+00
5.084035732181064304e+00 6.334035732181064304e+00 5.584035732181064304e+00 8.834035732181064304e+00 1.783403573218106430e+01 3.334035732181064304e+00 3.270840357321810643e+02
0.000000000000000000e+00 0.000000000000000000e+00 0.000000000000000000e+00 0.000000000000000000e+00 0.000000000000000000e+00 0.000000000000000000e+00 0.000000000000000000e+00
3.362166247338369089e+02 3.392166247338369089e+02 3.457166247338369089e+02 3.532166247338369089e+02 3.539666247338369089e+02 3.502166247338369089e+02 3.587166247338369089e+02
2.222261413178250677e+01 1.897261413178250677e+01 1.522261413178250677e+01 1.347261413178250677e+01 3.097261413178250677e+01 1.972261413178250677e+01 3.972614131782506774e+00
0.000000000000000000e+00 0.000000000000000000e+00 0.000000000000000000e+00 0.000000000000000000e+00 0.000000000000000000e+00 0.000000000000000000e+00 0.000000000000000000e+00
0.000000000000000000e+00 0.000000000000000000e+00 0.000000000000000000e+00 0.000000000000000000e+00 0.000000000000000000e+00 0.000000000000000000e+00 0.000000000000000000e+00
3.356203086527192454e+02 2.358703086527192454e+02 2.133703086527192454e+02 2.326203086527192454e+02 2.731203086527192454e+02 2.906203086527192454e+02 3.473703086527192454e+02
4.479959587898105156e+01 5.079959587898105156e+01 1.604959587898105156e+01 3.310495958789810516e+02 2.680495958789810516e+02 2.447995958789810516e+02 2.005495958789810516e+02
2.022116261859019346e+02 2.102116261859019346e+02 2.034616261859019346e+02 2.149616261859019346e+02 2.407116261859019346e+02 2.969616261859019346e+02 2.999616261859019346e+02
3.565942480375703099e+02 1.809424803757030986e+01 8.844248037570309862e+00 3.380942480375703099e+02 3.405942480375703099e+02 1.384424803757030986e+01 3.403442480375703099e+02
3.450036115837802413e+02 3.580036115837802413e+02 3.505036115837802413e+02 3.552536115837802413e+02 3.482536115837802413e+02 2.937536115837802413e+02 3.022536115837802413e+02
0.000000000000000000e+00 0.000000000000000000e+00 0.000000000000000000e+00 0.000000000000000000e+00 0.000000000000000000e+00 0.000000000000000000e+00 0.000000000000000000e+00
0.000000000000000000e+00 0.000000000000000000e+00 0.000000000000000000e+00 0.000000000000000000e+00 0.000000000000000000e+00 0.000000000000000000e+00 0.000000000000000000e+00
