8.041803902480554322e-01 6.598392151824086227e-01 3.666585171310939306e-01 3.026880163834812509e-01 3.909375812791732741e-01 2.861130320147315942e-01 3.818774020176537443e-01
9.678125378774948828e-01 9.593952352117495197e-01 9.124951199322549611e-01 8.484207674857302539e-01 8.405682285563093048e-01 9.549978358241968390e-01 9.901930626874281272e-01
9.490827038104330260e-01 9.329537096911690863e-01 8.871472113622929090e-01 8.751626339697222701e-01 9.102533224402569179e-01 8.497055463559707311e-01 9.575003335030743967e-01
9.425348632169402441e-01 9.583152237658217887e-01 9.796142633730615668e-01 9.815458615774980133e-01 9.564749879657146181e-01 9.260712914271983509e-01 9.096821897686663272e-01
9.327642782898712959e-01 9.442779754724701657e-01 9.591958745896255190e-01 9.554033908457442159e-01 9.150493443164711138e-01 8.495616625323055837e-01 7.971218858916275796e-01
9.565924847472309089e-01 9.792302407544106746e-01 9.893304289655587835e-01 9.893196184930550530e-01 9.697078451241455399e-01 9.396713792415312128e-01 9.640711720307227894e-01
8.989093637955301030e-01 9.055652924753915256e-01 9.362885833355898413e-01 9.233752261093626235e-01 8.676971079802038300e-01 5.701502294559488426e-01 7.237162015342468724e-01
9.593076339200836689e-01 9.378554972896062658e-01 9.235102908184981141e-01 9.013849102528416202e-01 8.260014567580772349e-01 6.538669165238677472e-01 7.274531672921991099e-01
0.000000000000000000e+00 0.000000000000000000e+00 0.000000000000000000e+00 0.000000000000000000e+00 0.000000000000000000e+00 0.000000000000000000e+00 0.000000000000000000e+00
9.313495149213441016e-01 9.050376984898559352e-01 8.369634792945018775e-01 8.343360038834219949e-01 8.065730720322615843e-01 7.585826323991761155e-01 9.067166096249855700e-01
0.000000000000000000e+00 0.000000000000000000e+00 0.000000000000000000e+00 0.000000000000000000e+00 0.000000000000000000e+00 0.000000000000000000e+00 0.000000000000000000e+00
5.036896504226064941e-01 4.533189801305435029e-01 5.642113939345251294e-01 6.247823398924290395e-01 7.003957710152198812e-01 6.450660675868824523e-01 5.498324814007734540e-01
9.758695946013121736e-01 9.681658480963539759e-01 9.476868763556824948e-01 8.266224216348126985e-01 8.659893544037432500e-01 7.758948051645073729e-01 6.804266802294708372e-01
0.000000000000000000e+00 0.000000000000000000e+00 0.000000000000000000e+00 0.000000000000000000e+00 0.000000000000000000e+00 0.000000000000000000e+00 0.000000000000000000e+00
0.000000000000000000e+00 0.000000000000000000e+00 0.000000000000000000e+00 0.000000000000000000e+00 0.000000000000000000e+00 0.000000000000000000e+00 0.000000000000000000e+00
0.000000000000000000e+00 0.000000000000000000e+00 0.000000000000000000e+00 0.000000000000000000e+00 0.000000000000000000e+00 0.000000000000000000e+00 0.000000000000000000e+00
0.000000000000000000e+00 0.000000000000000000e+00 0.000000000000000000e+00 0.000000000000000000e+00 0.000000000000000000e+00 0.000000000000000000e+00 0.000000000000000000e+00
0.000000000000000000e+00 0.000000000000000000e+00 0.000000000000000000e+00 0.000000000000000000e+00 0.000000000000000000e+00 0.000000000000000000e+00 0.000000000000000000e+00
0.000000000000000000e+00 0.000000000000000000e+00 0.000000000000000000e+00 0.000000000000000000e+00 0.000000000000000000e+00 0.000000000000000000e+00 0.000000000000000000e+00
0.000000000000000000e+00 0.000000000000000000e+00 0.000000000000000000e+00 0.000000000000000000e+00 0.000000000000000000e+00 0.000000000000000000e+00 0.000000000000000000e+00
0.000000000000000000e+00 0.000000000000000000e+00 0.000000000000000000e+00 0.000000000000000000e+00 0.000000000000000000e+00 0.000000000000000000e+00 0.000000000000000000e+00
0.000000000000000000e+00 0.000000000000000000e+00 0.000000000000000000e+00 0.000000000000000000e+00 0.000000000000000000e+00 0.000000000000000000e+00 0.000000000000000000e+00
0.000000000000000000e+00 0.000000000000000000e+00 0.000000000000000000e+00 0.000000000000000000e+00 0.000000000000000000e+00 0.000000000000000000e+00 0.000000000000000000e+00
0.000000000000000000e+00 0.000000000000000000e+00 0.000000000000000000e+00 0.000000000000000000e+00 0.000000000000000000e+00 0.000000000000000000e+00 0.000000000000000000e+00
0.000000000000000000e+00 0.000000000000000000e+00 0.000000000000000000e+00 0.000000000000000000e+00 0.000000000000000000e+00 0.000000000000000000e+00 0.000000000000000000e+00
0.000000000000000000e+00 0.000000000000000000e+00 0.000000000000000000e+00 0.000000000000000000e+00 0.000000000000000000e+00 0.000000000000000000e+00 0.000000000000000000e+00
0.000000000000000000e+00 0.000000000000000000e+00 0.000000000000000000e+00 0.000000000000000000e+00 0.000000000000000000e+00 0.000000000000000000e+00 0.000000000000000000e+00
0.000000000000000000e+00 0.000000000000000000e+00 0.000000000000000000e+00 0.000000000000000000e+00 0.000000000000000000e+00 0.000000000000000000e+00 0.000000000000000000e+00
0.000000000000000000e+00 0.000000000000000000e+00 0.000000000000000000e+00 0.000000000000000000e+00 0.000000000000000000e+00 0.000000000000000000e+00 0.000000000000000000e+00
0.000000000000000000e+00 0.000000000000000000e+00 0.000000000000000000e+00 0.000000000000000000e+00 0.000000000000000000e+00 0.000000000000000000e+00 0.000000000000000000e+00
0.000000000000000000e+00 0.000000000000000000e+00 0.000000000000000000e+00 0.000000000000000000e+00 0.000000000000000000e+00 0.000000000000000000e+00 0.000000000000000000e+00
0.000000000000000000e+00 0.000000000000000000e+00 0.000000000000000000e+00 0.000000000000000000e+00 0.000000000000000000e+00 0.000000000000000000e+00 0.000000000000000000e+00
0.000000000000000000e+00 0.000000000000000000e+00 0.000000000000000000e+00 0.000000000000000000e+00 0.000000000000000000e+00 0.000000000000000000e+00 0.000000000000000000e+00
0.000000000000000000e+00 0.000000000000000000e+00 0.000000000000000000e+00 0.000000000000000000e+00 0.000000000000000000e+00 0.000000000000000000e+00 0.000000000000000000e+00
0.000000000000000000e+00 0.000000000000000000e+00 0.000000000000000000e+00 0.000000000000000000e+00 0.000000000000000000e+00 0.000000000000000000e+00 0.000000000000000000e+00
0.000000000000000000e+00 0.000000000000000000e+00 0.000000000000000000e+00 0.000000000000000000e+00 0.000000000000000000e+00 0.000000000000000000e+00 0.000000000000000000e+00
7.280717330053232406e-01 7.967645137316134996e-01 8.474743489186842282e-01 8.879046137274475559e-01 9.504315583713294213e-01 9.710663997770528910e-01 9.784582886306789629e-01
0.000000000000000000e+00 0.000000000000000000e+00 0.000000000000000000e+00 0.000000000000000000e+00 0.000000000000000000e+00 0.000000000000000000e+00 0.000000000000000000e+00
0.000000000000000000e+00 0.000000000000000000e+00 0.000000000000000000e+00 0.000000000000000000e+00 0.000000000000000000e+00 0.000000000000000000e+00 0.000000000000000000e+00
