3.509311918286840069e+02 7.431191828683992640e+00 6.931191828683992640e+00 2.964311918286840069e+02 2.841811918286840069e+02 2.018119182868399264e+01 3.218119182868399264e+01
4.181986420642260782e+00 2.181986420642260782e+00 3.496819864206422608e+02 3.569319864206422608e+02 3.439319864206422608e+02 3.554319864206422608e+02 6.819864206422607822e-01
3.395151509655303244e+02 3.405151509655303244e+02 3.470151509655303244e+02 5.515150965530352778e+00 2.326515096553035278e+01 4.076515096553035278e+01 1.926515096553035278e+01
3.875431745469597900e+00 2.625431745469597900e+00 1.875431745469597900e+00 4.125431745469597900e+00 1.625431745469597900e+00 3.573754317454695979e+02 3.493754317454695979e+02
3.591951807740987306e+02 1.195180774098730581e+00 2.945180774098730581e+00 3.445180774098730581e+00 3.541951807740987306e+02 1.594518077409873058e+01 3.494451807740987306e+02
5.107758802491048300e+00 3.607758802491048300e+00 5.357758802491048300e+00 5.357758802491048300e+00 6.607758802491048300e+00 6.077588024910483000e-01 1.857758802491048300e+00
3.470823922778106976e+02 3.518323922778106976e+02 3.580823922778106976e+02 3.565823922778106976e+02 2.582392277810697578e+00 3.433239227781069758e+01 3.278323922778106976e+02
1.230417791099830538e+01 1.480417791099830538e+01 1.280417791099830538e+01 1.180417791099830538e+01 2.530417791099830538e+01 4.030417791099830538e+01 2.555417791099830538e+01
0.000000000000000000e+00 0.000000000000000000e+00 0.000000000000000000e+00 0.000000000000000000e+00 0.000000000000000000e+00 0.000000000000000000e+00 0.000000000000000000e+00
3.419073252577144331e+02 3.436573252577144331e+02 3.541573252577144331e+02 6.657325257714404643e+00 1.115732525771440464e+01 4.190732525771440464e+01 2.215732525771440464e+01
0.000000000000000000e+00 0.000000000000000000e+00 0.000000000000000000e+00 0.000000000000000000e+00 0.000000000000000000e+00 0.000000000000000000e+00 0.000000000000000000e+00
1.608779374478928048e+01 1.083779374478928048e+01 3.583377937447892805e+02 5.837793744789280481e+00 3.568377937447892805e+02 3.587793744789280481e+00 1.133779374478928048e+01
2.183745461572743807e+01 2.633745461572743807e+01 2.658745461572743807e+01 2.108745461572743807e+01 9.587454615727438068e+00 3.473374546157274381e+02 3.433374546157274381e+02
0.000000000000000000e+00 0.000000000000000000e+00 0.000000000000000000e+00 0.000000000000000000e+00 0.000000000000000000e+00 0.000000000000000000e+00 0.000000000000000000e+00
0.000000000000000000e+00 0.000000000000000000e+00 0.000000000000000000e+00 0.000000000000000000e+00 0.000000000000000000e+00 0.000000000000000000e+00 0.000000000000000000e+00
0.000000000000000000e+00 0.000000000000000000e+00 0.000000000000000000e+00 0.000000000000000000e+00 0.000000000000000000e+00 0.000000000000000000e+00 0.000000000000000000e+00
0.000000000000000000e+00 0.000000000000000000e+00 0.000000000000000000e+00 0.000000000000000000e+00 0.000000000000000000e+00 0.000000000000000000e+00 0.000000000000000000e+00
0.000000000000000000e+00 0.000000000000000000e+00 0.000000000000000000e+00 0.000000000000000000e+00 0.000000000000000000e+00 0.000000000000000000e+00 0.000000000000000000e+00
0.000000000000000000e+00 0.000000000000000000e+00 0.000000000000000000e+00 0.000000000000000000e+00 0.000000000000000000e+00 0.000000000000000000e+00 0.000000000000000000e+00
0.000000000000000000e+00 0.000000000000000000e+00 0.000000000000000000e+00 0.000000000000000000e+00 0.000000000000000000e+00 0.000000000000000000e+00 0.000000000000000000e+00
0.000000000000000000e+00 0.000000000000000000e+00 0.000000000000000000e+00 0.000000000000000000e+00 0.000000000000000000e+00 0.000000000000000000e+00 0.000000000000000000e+00
0.000000000000000000e+00 0.000000000000000000e+00 0.000000000000000000e+00 0.000000000000000000e+00 0.000000000000000000e+00 0.000000000000000000e+00 0.000000000000000000e+00
0.000000000000000000e+00 0.000000000000000000e+00 0.000000000000000000e+00 0.000000000000000000e+00 0.000000000000000000e+00 0.000000000000000000e+00 0.000000000000000000e+00
0.000000000000000000e+00 0.000000000000000000e+00 0.000000000000000000e+00 0.000000000000000000e+00 0.000000000000000000e+00 0.000000000000000000e+00 0.000000000000000000e+00
0.000000000000000000e+00 0.000000000000000000e+00 0.000000000000000000e+00 0.000000000000000000e+00 0.000000000000000000e+00 0.000000000000000000e+00 0.000000000000000000e+00
0.000000000000000000e+00 0.000000000000000000e+00 0.000000000000000000e+00 0.000000000000000000e+00 0.000000000000000000e+00 0.000000000000000000e+00 0.000000000000000000e+00
0.000000000000000000e+00 0.000000000000000000e+00 0.000000000000000000e+00 0.000000000000000000e+00 0.000000000000000000e+00 0.000000000000000000e+00 0.000000000000000000e+00
0.000000000000000000e+00 0.000000000000000000e+00 0.000000000000000000e+00 0.000000000000000000e+00 0.000000000000000000e+00 0.000000000000000000e+00 0.000000000000000000e+00
0.000000000000000000e+00 0.000000000000000000e+00 0.000000000000000000e+00 0.000000000000000000e+00 0.000000000000000000e+00 0.000000000000000000e+00 0.000000000000000000e+00
0.000000000000000000e+00 0.000000000000000000e+00 0.000000000000000000e+00 0.000000000000000000e+00 0.000000000000000000e+00 0.000000000000000000e+00 0.000000000000000000e+00
0.000000000000000000e+00 0.000000000000000000e+00 0.000000000000000000e+00 0.000000000000000000e+00 0.000000000000000000e+00 0.000000000000000000e+00 0.000000000000000000e+00
0.000000000000000000e+00 0.000000000000000000e+00 0.000000000000000000e+00 0.000000000000000000e+00 0.000000000000000000e+00 0.000000000000000000e+00 0.000000000000000000e+00
0.000000000000000000e+00 0.000000000000000000e+00 0.000000000000000000e+00 0.000000000000000000e+00 0.000000000000000000e+00 0.000000000000000000e+00 0.000000000000000000e+00
0.000000000000000000e+00 0.000000000000000000e+00 0.000000000000000000e+00 0.000000000000000000e+00 0.000000000000000000e+00 0.000000000000000000e+00 0.000000000000000000e+00
0.000000000000000000e+00 0.000000000000000000e+00 0.000000000000000000e+00 0.000000000000000000e+00 0.000000000000000000e+00 0.000000000000000000e+00 0.000000000000000000e+00
0.000000000000000000e+00 0.000000000000000000e+00 0.000000000000000000e+00 0.000000000000000000e+00 0.000000000000000000e+00 0.000000000000000000e+00 0.000000000000000000e+00
3.284843720543760242e+02 3.397343720543760242e+02 3.462343720543760242e+02 3.444843720543760242e+02 3.389843720543760242e+02 3.484843720543760242e+02 3.589843720543760242e+02
0.000000000000000000e+00 0.000000000000000000e+00 0.000000000000000000e+00 0.000000000000000000e+00 0.000000000000000000e+00 0.000000000000000000e+00 0.000000000000000000e+00
0.000000000000000000e+00 0.000000000000000000e+00 0.000000000000000000e+00 0.000000000000000000e+00 0.000000000000000000e+00 0.000000000000000000e+00 0.000000000000000000e+00
