1.502835674149804390e+01 5.778356741498043903e+00 3.587783567414980439e+02 3.522783567414980439e+02 3.495283567414980439e+02 3.287783567414980439e+02 1.002835674149804390e+01
3.429430171077337945e+02 3.341930171077337945e+02 3.584430171077337945e+02 9.430171077337945462e-01 3.531930171077337945e+02 3.481930171077337945e+02 3.404430171077337945e+02
1.003467419958667506e+00 3.415034674199586675e+02 2.820034674199586675e+02 3.297534674199586675e+02 3.580034674199586675e+02 3.522534674199586675e+02 3.425034674199586675e+02
3.315673843735143009e+02 6.567384373514300933e+00 9.067384373514300933e+00 1.006738437351430093e+01 5.817384373514300933e+00 6.567384373514300933e+00 7.567384373514300933e+00
3.293905179305104411e+02 6.140517930510441147e+00 1.139051793051044115e+01 9.390517930510441147e+00 8.390517930510441147e+00 1.364051793051044115e+01 3.513905179305104411e+02
3.450204677202402195e+02 3.562704677202402195e+02 4.770467720240219478e+00 3.520204677202402195e+02 3.465204677202402195e+02 3.425204677202402195e+02 3.402704677202402195e+02
3.468490427828729707e+02 3.518490427828729707e+02 3.559904278287297075e+01 3.490427828729707471e-01 3.585990427828729707e+02 3.099042782872970747e+00 3.533490427828729707e+02
3.195507316529733544e+01 3.720507316529733544e+01 2.170507316529733544e+01 1.245507316529733544e+01 5.455073165297335436e+00 3.577050731652973354e+02 1.705073165297335436e+00
0.000000000000000000e+00 0.000000000000000000e+00 0.000000000000000000e+00 0.000000000000000000e+00 0.000000000000000000e+00 0.000000000000000000e+00 0.000000000000000000e+00
3.571425693342505951e+02 3.593925693342505951e+02 3.541425693342505951e+02 3.216425693342505951e+02 3.541425693342505951e+02 3.553925693342505951e+02 3.456425693342505951e+02
4.937568668720768983e+01 3.637568668720768983e+01 3.216256866872076898e+02 3.375686687207689829e+00 3.375686687207689829e+00 9.125686687207689829e+00 3.353756866872076898e+02
2.550087186717883014e+01 2.185008718671788301e+02 1.705008718671788301e+02 8.425087186717883014e+01 3.550087186717883014e+01 4.425087186717883014e+01 1.820008718671788301e+02
3.575292604825665421e+01 5.502926048256654212e+00 6.752926048256654212e+00 1.450292604825665421e+01 2.175292604825665421e+01 3.597529260482566542e+02 3.550029260482566542e+02
0.000000000000000000e+00 0.000000000000000000e+00 0.000000000000000000e+00 0.000000000000000000e+00 0.000000000000000000e+00 0.000000000000000000e+00 0.000000000000000000e+00
3.500699676931736235e+02 3.488199676931736235e+02 3.523199676931736235e+02 5.699676931736235019e-01 5.569967693173623502e+00 3.588199676931736235e+02 3.563199676931736235e+02
0.000000000000000000e+00 0.000000000000000000e+00 0.000000000000000000e+00 0.000000000000000000e+00 0.000000000000000000e+00 0.000000000000000000e+00 0.000000000000000000e+00
0.000000000000000000e+00 0.000000000000000000e+00 0.000000000000000000e+00 0.000000000000000000e+00 0.000000000000000000e+00 0.000000000000000000e+00 0.000000000000000000e+00
0.000000000000000000e+00 0.000000000000000000e+00 0.000000000000000000e+00 0.000000000000000000e+00 0.000000000000000000e+00 0.000000000000000000e+00 0.000000000000000000e+00
0.000000000000000000e+00 0.000000000000000000e+00 0.000000000000000000e+00 0.000000000000000000e+00 0.000000000000000000e+00 0.000000000000000000e+00 0.000000000000000000e+00
0.000000000000000000e+00 0.000000000000000000e+00 0.000000000000000000e+00 0.000000000000000000e+00 0.000000000000000000e+00 0.000000000000000000e+00 0.000000000000000000e+00
1.654656940158076850e+00 1.815465694015807685e+01 1.690465694015807685e+01 1.215465694015807685e+01 3.289046569401580768e+02 3.489046569401580768e+02 3.289046569401580768e+02
4.360131992169499426e+00 3.588601319921694994e+02 3.610131992169499426e+00 1.411013199216949943e+01 7.360131992169499426e+00 3.561101319921694994e+02 3.501101319921694994e+02
3.498283917940665333e+02 3.570783917940665333e+02 3.510783917940665333e+02 3.565783917940665333e+02 3.563283917940665333e+02 3.515783917940665333e+02 3.468283917940665333e+02
3.526261632303443321e+02 3.593761632303443321e+02 3.523761632303443321e+02 1.876163230344332078e+00 3.566261632303443321e+02 3.501261632303443321e+02 3.566261632303443321e+02
3.377976516619069116e+02 3.247976516619069116e+02 3.420476516619069116e+02 3.532976516619069116e+02 7.976516619069116132e-01 3.430476516619069116e+02 3.417976516619069116e+02
3.577639709797414298e+02 3.587639709797414298e+02 3.495139709797414298e+02 1.763970979741429801e+00 3.477639709797414298e+02 3.592639709797414298e+02 3.280139709797414298e+02
4.117560322447332055e+01 4.267560322447332055e+01 5.242560322447332055e+01 3.217560322447332055e+01 1.542560322447332055e+01 3.591756032244733206e+02 3.574256032244733206e+02
0.000000000000000000e+00 0.000000000000000000e+00 0.000000000000000000e+00 0.000000000000000000e+00 0.000000000000000000e+00 0.000000000000000000e+00 0.000000000000000000e+00
3.597522152808708711e+02 3.572522152808708711e+02 3.532522152808708711e+02 3.372522152808708711e+02 3.480022152808708711e+02 3.557522152808708711e+02 3.500022152808708711e+02
2.197810518989282684e+02 1.905310518989282684e+02 1.757810518989282684e+02 5.153105189892826843e+01 1.572810518989282684e+02 9.178105189892826843e+01 3.017810518989282400e+02
3.577286464570835278e+02 1.978646457083527821e+00 1.422864645708352782e+01 1.247864645708352782e+01 1.728646457083527821e+00 7.728646457083527821e+00 2.422864645708352782e+01
3.587435646621151477e+02 3.554935646621151477e+02 3.549935646621151477e+02 3.534935646621151477e+02 3.514935646621151477e+02 3.547435646621151477e+02 3.547435646621151477e+02
0.000000000000000000e+00 0.000000000000000000e+00 0.000000000000000000e+00 0.000000000000000000e+00 0.000000000000000000e+00 0.000000000000000000e+00 0.000000000000000000e+00
3.566330312206108601e+02 3.561330312206108601e+02 3.543830312206108601e+02 3.461330312206108601e+02 3.568830312206108601e+02 3.633031220610860146e+00 3.883031220610860146e+00
3.484975135813542693e+02 3.462475135813542693e+02 1.324751358135426926e+01 1.399751358135426926e+01 3.997513581354269263e+00 3.539975135813542693e+02 1.124751358135426926e+01
3.333306921587127363e+02 3.338306921587127363e+02 3.345806921587127363e+02 3.330692158712736273e+00 2.483069215871273627e+01 1.258069215871273627e+01 3.578306921587127363e+02
2.237887222987352516e+02 3.155387222987352516e+02 3.422887222987352516e+02 4.678872229873525157e+01 5.628872229873525157e+01 8.528872229873525157e+01 1.778872229873525157e+01
1.214286626162924563e+02 1.564286626162924563e+02 2.949286626162924563e+02 2.359286626162924563e+02 2.429286626162924563e+02 1.419286626162924563e+02 2.949286626162924563e+02
1.351634413673361905e+02 7.666344136733619052e+01 2.516344136733619052e+01 3.551634413673361905e+02 1.349134413673361905e+02 7.966344136733619052e+01 4.291344136733619052e+01
