8.960524478123377268e-01 9.250666023338337540e-01 9.511767035656536473e-01 9.077269206966130932e-01 9.336093790101099854e-01 7.318375812818593840e-01 8.643628894503121440e-01
9.720991218771241060e-01 9.725054379783338865e-01 9.771178639511258757e-01 9.893568422229871429e-01 9.871241051929158239e-01 9.651932625859092063e-01 8.999740716391428919e-01
0.000000000000000000e+00 0.000000000000000000e+00 0.000000000000000000e+00 0.000000000000000000e+00 0.000000000000000000e+00 0.000000000000000000e+00 0.000000000000000000e+00
0.000000000000000000e+00 0.000000000000000000e+00 0.000000000000000000e+00 0.000000000000000000e+00 0.000000000000000000e+00 0.000000000000000000e+00 0.000000000000000000e+00
5.734468403323267349e-01 3.767997193453018201e-01 5.910393133555114087e-01 3.070068361085464548e-01 6.394012285773261750e-01 9.696055092385240659e-01 9.387166232176819003e-01
0.000000000000000000e+00 0.000000000000000000e+00 0.000000000000000000e+00 0.000000000000000000e+00 0.000000000000000000e+00 0.000000000000000000e+00 0.000000000000000000e+00
9.506265888135302378e-01 9.357641143736573630e-01 9.127887050471222841e-01 9.095884235511001448e-01 9.045321288422601969e-01 8.542929120197136905e-01 8.665751520480859948e-01
9.026578873303833239e-01 8.834197554806202390e-01 6.626288435563699730e-01 3.850081669652138383e-01 6.383927044926893668e-01 9.420770006955379028e-01 9.693388933930945361e-01
0.000000000000000000e+00 0.000000000000000000e+00 0.000000000000000000e+00 0.000000000000000000e+00 0.000000000000000000e+00 0.000000000000000000e+00 0.000000000000000000e+00
0.000000000000000000e+00 0.000000000000000000e+00 0.000000000000000000e+00 0.000000000000000000e+00 0.000000000000000000e+00 0.000000000000000000e+00 0.000000000000000000e+00
8.505802584664401422e-01 6.919786378970272933e-01 5.488396563202596612e-01 4.976808792012639149e-01 6.676112310080852819e-01 7.177740829805961953e-01 6.336191869625398265e-01
7.393509220711634855e-01 4.478213653569174668e-01 3.973210676866822944e-01 5.102683055336324491e-01 7.901770060144184260e-01 7.004579944500628486e-01 5.501390866504298760e-01
8.031690471780723595e-01 8.614540663622642924e-01 9.188543064786932613e-01 9.288439655770783787e-01 9.174661683491815989e-01 8.935056173724175155e-01 8.406734501058999998e-01
9.715039390677655540e-01 9.632223455889309394e-01 9.704209296007790808e-01 9.832540094711927914e-01 9.888025287781965211e-01 9.745869618430131887e-01 9.654243706949742210e-01
9.412849692588451944e-01 9.502138948891930559e-01 9.627336936739556705e-01 9.519869145120332110e-01 9.112155152506196121e-01 8.170636587850031995e-01 8.301538059572618478e-01
0.000000000000000000e+00 0.000000000000000000e+00 0.000000000000000000e+00 0.000000000000000000e+00 0.000000000000000000e+00 0.000000000000000000e+00 0.000000000000000000e+00
0.000000000000000000e+00 0.000000000000000000e+00 0.000000000000000000e+00 0.000000000000000000e+00 0.000000000000000000e+00 0.000000000000000000e+00 0.000000000000000000e+00
9.580200126523651383e-01 9.497499327456698781e-01 9.360789157962700058e-01 9.233407907617033894e-01 9.275438632409437334e-01 9.036370629943860644e-01 9.528633576720548781e-01
9.824769855927765194e-01 9.827630999385013055e-01 9.785028256000322111e-01 9.777251667952387981e-01 9.355593906683209449e-01 6.146275391871102167e-01 4.396301418802415761e-01
0.000000000000000000e+00 0.000000000000000000e+00 0.000000000000000000e+00 0.000000000000000000e+00 0.000000000000000000e+00 0.000000000000000000e+00 0.000000000000000000e+00
0.000000000000000000e+00 0.000000000000000000e+00 0.000000000000000000e+00 0.000000000000000000e+00 0.000000000000000000e+00 0.000000000000000000e+00 0.000000000000000000e+00
9.404946413704124986e-01 9.722173782886736060e-01 9.867273320501532829e-01 9.952165597199295055e-01 9.967366228592662303e-01 9.930498930053071049e-01 9.383479804107683897e-01
9.405028277888634047e-01 9.415418244315024721e-01 7.529148185569888296e-01 3.949877839460241291e-01 3.560830483668662727e-01 8.476439404238578224e-01 9.339331692259119633e-01
0.000000000000000000e+00 0.000000000000000000e+00 0.000000000000000000e+00 0.000000000000000000e+00 0.000000000000000000e+00 0.000000000000000000e+00 0.000000000000000000e+00
0.000000000000000000e+00 0.000000000000000000e+00 0.000000000000000000e+00 0.000000000000000000e+00 0.000000000000000000e+00 0.000000000000000000e+00 0.000000000000000000e+00
9.863796711028781639e-01 9.835675218325528046e-01 9.823960473394284243e-01 9.799101873708775390e-01 9.819642967196466898e-01 9.421485144495054254e-01 8.577850341396462408e-01
0.000000000000000000e+00 0.000000000000000000e+00 0.000000000000000000e+00 0.000000000000000000e+00 0.000000000000000000e+00 0.000000000000000000e+00 0.000000000000000000e+00
0.000000000000000000e+00 0.000000000000000000e+00 0.000000000000000000e+00 0.000000000000000000e+00 0.000000000000000000e+00 0.000000000000000000e+00 0.000000000000000000e+00
9.406438209690920482e-01 9.495696492361435093e-01 9.123234246144221737e-01 7.380113928201497142e-01 5.362345230760378056e-01 4.428120047075302934e-01 5.288274072048879670e-01
9.604170016525116482e-01 9.505712108135824234e-01 9.378210564509575908e-01 7.298975802135867497e-01 7.772625141752814715e-01 9.403307784442705985e-01 9.596500485488013155e-01
0.000000000000000000e+00 0.000000000000000000e+00 0.000000000000000000e+00 0.000000000000000000e+00 0.000000000000000000e+00 0.000000000000000000e+00 0.000000000000000000e+00
8.025225595224443342e-01 5.641357880595569974e-01 3.344451935421395294e-01 3.073008259224882521e-01 3.802777029322730873e-01 7.273262859236222511e-01 4.334387134165527677e-01
0.000000000000000000e+00 0.000000000000000000e+00 0.000000000000000000e+00 0.000000000000000000e+00 0.000000000000000000e+00 0.000000000000000000e+00 0.000000000000000000e+00
9.454228122827346148e-01 9.524752340332126588e-01 9.586552350630770380e-01 9.163209345264644590e-01 8.474617003124587100e-01 4.543696397773112627e-01 5.608950593596785383e-01
9.493896919837084836e-01 9.774137635543546088e-01 9.918788200416660539e-01 9.837686202822752968e-01 9.687623062413683872e-01 9.481687582327779085e-01 9.658123947969778911e-01
9.262922919527372123e-01 9.365374838318274442e-01 9.506474058975104002e-01 9.643108732198609756e-01 9.554329674707104925e-01 9.143591140473934509e-01 8.921370641303072446e-01
9.913831707728881781e-01 9.863706009464726643e-01 9.845451497414758890e-01 9.902904990991507894e-01 9.904624847089060768e-01 9.723156891491165910e-01 9.152105251849531609e-01
9.534690548301310020e-01 9.498249821545127203e-01 9.623112168526297694e-01 9.557919773246202899e-01 9.468300338699215946e-01 9.343839060959900911e-01 9.065708413190801673e-01
8.449767276554349671e-01 8.995682448099893147e-01 9.353933169161174899e-01 9.296565035836797941e-01 9.082679895721680330e-01 8.448354161550200025e-01 8.839402950060423203e-01
0.000000000000000000e+00 0.000000000000000000e+00 0.000000000000000000e+00 0.000000000000000000e+00 0.000000000000000000e+00 0.000000000000000000e+00 0.000000000000000000e+00
9.816082154258951586e-01 9.777566240072870229e-01 9.789034269846101921e-01 9.805301851271056579e-01 9.799732980624460410e-01 9.502145414287072045e-01 9.315803391799621913e-01
0.000000000000000000e+00 0.000000000000000000e+00 0.000000000000000000e+00 0.000000000000000000e+00 0.000000000000000000e+00 0.000000000000000000e+00 0.000000000000000000e+00
0.000000000000000000e+00 0.000000000000000000e+00 0.000000000000000000e+00 0.000000000000000000e+00 0.000000000000000000e+00 0.000000000000000000e+00 0.000000000000000000e+00
6.289655011820747266e-01 6.550756201167357018e-01 5.697789858965447429e-01 3.458071892038369066e-01 4.962191372005271273e-01 7.036514015901529362e-01 8.922432700065443534e-01
8.469510027504894012e-01 8.826394345859792656e-01 8.682363117899212224e-01 8.673918826593555176e-01 9.479749134326874715e-01 9.520733297632764103e-01 9.730220768585120528e-01
9.488737267715413592e-01 9.096970395812778998e-01 8.360138394938015916e-01 8.167333639062448469e-01 5.933100902796152321e-01 7.070596610385172509e-01 8.692776445188016288e-01
9.041328297667650116e-01 7.668283319137143561e-01 4.925773187747956583e-01 3.711402936465775237e-01 5.281242564764688785e-01 3.444979083139632081e-01 5.554547312942971216e-01
9.036609190597146846e-01 7.591280751190531140e-01 5.331038495156043000e-01 3.460243229305713375e-01 5.454363559590719168e-01 5.287957822770262828e-01 5.138582214609138665e-01
9.523231800757767651e-01 9.486416354955152785e-01 9.429826854037316464e-01 9.025209790466584003e-01 9.303130112774974370e-01 9.732704283238137188e-01 9.914227284669129281e-01
0.000000000000000000e+00 0.000000000000000000e+00 0.000000000000000000e+00 0.000000000000000000e+00 0.000000000000000000e+00 0.000000000000000000e+00 0.000000000000000000e+00
9.674303878031599302e-01 9.546635834095139606e-01 9.550897946186642784e-01 9.711114563933651578e-01 9.687430130374972137e-01 9.783192947215625379e-01 9.807729003250333921e-01
9.706820137262111015e-01 9.723462261253634775e-01 9.408887033646442521e-01 7.985792142234469093e-01 7.989244337670760032e-01 8.030887959947139443e-01 8.765833606144233237e-01
8.760862372624186323e-01 8.414211953906352015e-01 7.619484328441032961e-01 6.784168329062048031e-01 9.290004310662127729e-01 9.790507657398019870e-01 9.843970813194476976e-01
9.074981680078728630e-01 9.173295925501656622e-01 9.120365123001830110e-01 8.763879561151959319e-01 8.023060198439428969e-01 8.367728476931948212e-01 9.662694571045007397e-01
9.834099947305658951e-01 9.770485288511870925e-01 9.731912996345680744e-01 9.797576239320698877e-01 9.831022549106118724e-01 8.114505727360291631e-01 7.157571437619292265e-01
9.731611984647873248e-01 9.779624195633619399e-01 9.618810769524970272e-01 9.514815717663086536e-01 9.258701744997389627e-01 8.917552498005516526e-01 8.981313775540217259e-01
9.125360123203832829e-01 9.343323232307274573e-01 9.629144898730912505e-01 9.786651762666128684e-01 9.852287562084200978e-01 9.920691313608333006e-01 9.952380458557598120e-01
9.125461219901743748e-01 9.341501390431042884e-01 9.629983433128896930e-01 9.787396529504557297e-01 9.852103857382975560e-01 9.921335429515589777e-01 9.951579717567140548e-01
0.000000000000000000e+00 0.000000000000000000e+00 0.000000000000000000e+00 0.000000000000000000e+00 0.000000000000000000e+00 0.000000000000000000e+00 0.000000000000000000e+00
9.732009409287374346e-01 9.313062601999506640e-01 8.106426106505043583e-01 5.045950233487320746e-01 5.621087271887760251e-01 5.437043877389063917e-01 8.014825380337420313e-01
0.000000000000000000e+00 0.000000000000000000e+00 0.000000000000000000e+00 0.000000000000000000e+00 0.000000000000000000e+00 0.000000000000000000e+00 0.000000000000000000e+00
9.825794453378855486e-01 9.599497007661528247e-01 9.109050093474772014e-01 8.244873027342153327e-01 9.041860643201803382e-01 9.504326047014480805e-01 9.691634666636821382e-01
0.000000000000000000e+00 0.000000000000000000e+00 0.000000000000000000e+00 0.000000000000000000e+00 0.000000000000000000e+00 0.000000000000000000e+00 0.000000000000000000e+00
7.837699805507647444e-01 8.512524318348011487e-01 7.991801671500015081e-01 7.422177908351202946e-01 6.428487033144261176e-01 6.532707386044867004e-01 3.692703449709932584e-01
0.000000000000000000e+00 0.000000000000000000e+00 0.000000000000000000e+00 0.000000000000000000e+00 0.000000000000000000e+00 0.000000000000000000e+00 0.000000000000000000e+00
0.000000000000000000e+00 0.000000000000000000e+00 0.000000000000000000e+00 0.000000000000000000e+00 0.000000000000000000e+00 0.000000000000000000e+00 0.000000000000000000e+00
9.351687100495348348e-01 9.507341519915586403e-01 9.439381492390310768e-01 9.401641705685315209e-01 9.293505902209812097e-01 7.359654305445422207e-01 5.772537613196354611e-01
9.011814374918327708e-01 8.189861138761267423e-01 6.552841167390874855e-01 6.364621585282594918e-01 8.756099406807251739e-01 9.512534476588178078e-01 9.731791568379505319e-01
9.214612823914397621e-01 8.500577660240399291e-01 7.560758029699271576e-01 7.247447848672002868e-01 6.653104577219092208e-01 6.404288432005000864e-01 6.662249496503027668e-01
0.000000000000000000e+00 0.000000000000000000e+00 0.000000000000000000e+00 0.000000000000000000e+00 0.000000000000000000e+00 0.000000000000000000e+00 0.000000000000000000e+00
9.564997512211030894e-01 9.400818996169223452e-01 9.100044226446450946e-01 7.099422723897783616e-01 2.764013359400554481e-01 3.269620852860493088e-01 8.189231992329262244e-01
0.000000000000000000e+00 0.000000000000000000e+00 0.000000000000000000e+00 0.000000000000000000e+00 0.000000000000000000e+00 0.000000000000000000e+00 0.000000000000000000e+00
0.000000000000000000e+00 0.000000000000000000e+00 0.000000000000000000e+00 0.000000000000000000e+00 0.000000000000000000e+00 0.000000000000000000e+00 0.000000000000000000e+00
8.611760795579826988e-01 8.005738540873952314e-01 7.219584041803884800e-01 8.479447975638400026e-01 9.469457167549516496e-01 7.834709269636979112e-01 7.740958252797794925e-01
0.000000000000000000e+00 0.000000000000000000e+00 0.000000000000000000e+00 0.000000000000000000e+00 0.000000000000000000e+00 0.000000000000000000e+00 0.000000000000000000e+00
9.325169343602663918e-01 9.467755112286726504e-01 9.515719033684143513e-01 9.322826585860747306e-01 8.332774812892285166e-01 8.298317275789017788e-01 7.373580420726989493e-01
7.247421008969524570e-01 6.533401743694809971e-01 6.249922381145028849e-01 6.464736836226443462e-01 6.368191760697922144e-01 6.833383658918044112e-01 6.913125585350288205e-01
8.589769460725398265e-01 8.164087462605756906e-01 8.129682901852202104e-01 7.381406719961001173e-01 7.306934531450621773e-01 7.868501470899970096e-01 7.840328517875468917e-01
9.171891073452094201e-01 7.667621100509040000e-01 8.633743624298746422e-01 8.126434803793045614e-01 4.502774935505529097e-01 5.473554101799295024e-01 8.289758664768743790e-01
8.682906987498707485e-01 8.144767395266903076e-01 5.873198706749095388e-01 5.458309524110748212e-01 5.604573360254382353e-01 4.849062103182782968e-01 4.430096243188597072e-01
0.000000000000000000e+00 0.000000000000000000e+00 0.000000000000000000e+00 0.000000000000000000e+00 0.000000000000000000e+00 0.000000000000000000e+00 0.000000000000000000e+00
9.276402438787701987e-01 9.470680122683692304e-01 9.602578603235688570e-01 9.625782832210145745e-01 9.762862562194154492e-01 9.621957791454752718e-01 9.694369608134043581e-01
9.644052876799650287e-01 9.712125534222523227e-01 9.612591180859010320e-01 9.632426195309858885e-01 9.280205437960240555e-01 7.922609474541043584e-01 5.431722955155371402e-01
9.837680405412869700e-01 9.613811027158133404e-01 9.773657952213423705e-01 9.872783812459308139e-01 9.877610401572503029e-01 9.841655584682028612e-01 9.715579514772888503e-01
8.309325697332020644e-01 7.317352166004880143e-01 7.062967823408653478e-01 9.362460704087952612e-01 9.159608521102223788e-01 7.779529611922019194e-01 9.291272490878772494e-01
9.478493823732636603e-01 9.605250262585801613e-01 9.611775806488277452e-01 8.745463912521598271e-01 5.838095750892241531e-01 7.967770134788700886e-01 9.120331910282618582e-01
9.510350189247319674e-01 9.575953768146217016e-01 9.612379940767585840e-01 8.392045382362653960e-01 5.464713395036150390e-01 7.904007374432826527e-01 9.115962787179250348e-01
9.788443805340817372e-01 9.875724596614328110e-01 9.956281334329024624e-01 9.922686429885227977e-01 9.925441933104490744e-01 9.736974917995129264e-01 8.808474663985644826e-01
0.000000000000000000e+00 0.000000000000000000e+00 0.000000000000000000e+00 0.000000000000000000e+00 0.000000000000000000e+00 0.000000000000000000e+00 0.000000000000000000e+00
0.000000000000000000e+00 0.000000000000000000e+00 0.000000000000000000e+00 0.000000000000000000e+00 0.000000000000000000e+00 0.000000000000000000e+00 0.000000000000000000e+00
0.000000000000000000e+00 0.000000000000000000e+00 0.000000000000000000e+00 0.000000000000000000e+00 0.000000000000000000e+00 0.000000000000000000e+00 0.000000000000000000e+00
8.110187457725047677e-01 7.568328766533960472e-01 7.526765854022088309e-01 8.358653678055596448e-01 5.318233294957622759e-01 2.508805422550969277e-01 4.779116121487565483e-01
6.069078282890066900e-01 5.509431238283396537e-01 3.533658548998104276e-01 2.733783408271031057e-01 1.078475852329044693e-01 2.574467860894679716e-01 6.830128462194693384e-01
0.000000000000000000e+00 0.000000000000000000e+00 0.000000000000000000e+00 0.000000000000000000e+00 0.000000000000000000e+00 0.000000000000000000e+00 0.000000000000000000e+00
0.000000000000000000e+00 0.000000000000000000e+00 0.000000000000000000e+00 0.000000000000000000e+00 0.000000000000000000e+00 0.000000000000000000e+00 0.000000000000000000e+00
0.000000000000000000e+00 0.000000000000000000e+00 0.000000000000000000e+00 0.000000000000000000e+00 0.000000000000000000e+00 0.000000000000000000e+00 0.000000000000000000e+00
0.000000000000000000e+00 0.000000000000000000e+00 0.000000000000000000e+00 0.000000000000000000e+00 0.000000000000000000e+00 0.000000000000000000e+00 0.000000000000000000e+00
0.000000000000000000e+00 0.000000000000000000e+00 0.000000000000000000e+00 0.000000000000000000e+00 0.000000000000000000e+00 0.000000000000000000e+00 0.000000000000000000e+00
0.000000000000000000e+00 0.000000000000000000e+00 0.000000000000000000e+00 0.000000000000000000e+00 0.000000000000000000e+00 0.000000000000000000e+00 0.000000000000000000e+00
0.000000000000000000e+00 0.000000000000000000e+00 0.000000000000000000e+00 0.000000000000000000e+00 0.000000000000000000e+00 0.000000000000000000e+00 0.000000000000000000e+00
0.000000000000000000e+00 0.000000000000000000e+00 0.000000000000000000e+00 0.000000000000000000e+00 0.000000000000000000e+00 0.000000000000000000e+00 0.000000000000000000e+00
0.000000000000000000e+00 0.000000000000000000e+00 0.000000000000000000e+00 0.000000000000000000e+00 0.000000000000000000e+00 0.000000000000000000e+00 0.000000000000000000e+00
0.000000000000000000e+00 0.000000000000000000e+00 0.000000000000000000e+00 0.000000000000000000e+00 0.000000000000000000e+00 0.000000000000000000e+00 0.000000000000000000e+00
0.000000000000000000e+00 0.000000000000000000e+00 0.000000000000000000e+00 0.000000000000000000e+00 0.000000000000000000e+00 0.000000000000000000e+00 0.000000000000000000e+00
0.000000000000000000e+00 0.000000000000000000e+00 0.000000000000000000e+00 0.000000000000000000e+00 0.000000000000000000e+00 0.000000000000000000e+00 0.000000000000000000e+00
0.000000000000000000e+00 0.000000000000000000e+00 0.000000000000000000e+00 0.000000000000000000e+00 0.000000000000000000e+00 0.000000000000000000e+00 0.000000000000000000e+00
0.000000000000000000e+00 0.000000000000000000e+00 0.000000000000000000e+00 0.000000000000000000e+00 0.000000000000000000e+00 0.000000000000000000e+00 0.000000000000000000e+00
0.000000000000000000e+00 0.000000000000000000e+00 0.000000000000000000e+00 0.000000000000000000e+00 0.000000000000000000e+00 0.000000000000000000e+00 0.000000000000000000e+00
0.000000000000000000e+00 0.000000000000000000e+00 0.000000000000000000e+00 0.000000000000000000e+00 0.000000000000000000e+00 0.000000000000000000e+00 0.000000000000000000e+00
0.000000000000000000e+00 0.000000000000000000e+00 0.000000000000000000e+00 0.000000000000000000e+00 0.000000000000000000e+00 0.000000000000000000e+00 0.000000000000000000e+00
0.000000000000000000e+00 0.000000000000000000e+00 0.000000000000000000e+00 0.000000000000000000e+00 0.000000000000000000e+00 0.000000000000000000e+00 0.000000000000000000e+00
0.000000000000000000e+00 0.000000000000000000e+00 0.000000000000000000e+00 0.000000000000000000e+00 0.000000000000000000e+00 0.000000000000000000e+00 0.000000000000000000e+00
0.000000000000000000e+00 0.000000000000000000e+00 0.000000000000000000e+00 0.000000000000000000e+00 0.000000000000000000e+00 0.000000000000000000e+00 0.000000000000000000e+00
0.000000000000000000e+00 0.000000000000000000e+00 0.000000000000000000e+00 0.000000000000000000e+00 0.000000000000000000e+00 0.000000000000000000e+00 0.000000000000000000e+00
0.000000000000000000e+00 0.000000000000000000e+00 0.000000000000000000e+00 0.000000000000000000e+00 0.000000000000000000e+00 0.000000000000000000e+00 0.000000000000000000e+00
0.000000000000000000e+00 0.000000000000000000e+00 0.000000000000000000e+00 0.000000000000000000e+00 0.000000000000000000e+00 0.000000000000000000e+00 0.000000000000000000e+00
0.000000000000000000e+00 0.000000000000000000e+00 0.000000000000000000e+00 0.000000000000000000e+00 0.000000000000000000e+00 0.000000000000000000e+00 0.000000000000000000e+00
0.000000000000000000e+00 0.000000000000000000e+00 0.000000000000000000e+00 0.000000000000000000e+00 0.000000000000000000e+00 0.000000000000000000e+00 0.000000000000000000e+00
0.000000000000000000e+00 0.000000000000000000e+00 0.000000000000000000e+00 0.000000000000000000e+00 0.000000000000000000e+00 0.000000000000000000e+00 0.000000000000000000e+00
0.000000000000000000e+00 0.000000000000000000e+00 0.000000000000000000e+00 0.000000000000000000e+00 0.000000000000000000e+00 0.000000000000000000e+00 0.000000000000000000e+00
0.000000000000000000e+00 0.000000000000000000e+00 0.000000000000000000e+00 0.000000000000000000e+00 0.000000000000000000e+00 0.000000000000000000e+00 0.000000000000000000e+00
0.000000000000000000e+00 0.000000000000000000e+00 0.000000000000000000e+00 0.000000000000000000e+00 0.000000000000000000e+00 0.000000000000000000e+00 0.000000000000000000e+00
0.000000000000000000e+00 0.000000000000000000e+00 0.000000000000000000e+00 0.000000000000000000e+00 0.000000000000000000e+00 0.000000000000000000e+00 0.000000000000000000e+00
0.000000000000000000e+00 0.000000000000000000e+00 0.000000000000000000e+00 0.000000000000000000e+00 0.000000000000000000e+00 0.000000000000000000e+00 0.000000000000000000e+00
0.000000000000000000e+00 0.000000000000000000e+00 0.000000000000000000e+00 0.000000000000000000e+00 0.000000000000000000e+00 0.000000000000000000e+00 0.000000000000000000e+00
0.000000000000000000e+00 0.000000000000000000e+00 0.000000000000000000e+00 0.000000000000000000e+00 0.000000000000000000e+00 0.000000000000000000e+00 0.000000000000000000e+00
0.000000000000000000e+00 0.000000000000000000e+00 0.000000000000000000e+00 0.000000000000000000e+00 0.000000000000000000e+00 0.000000000000000000e+00 0.000000000000000000e+00
0.000000000000000000e+00 0.000000000000000000e+00 0.000000000000000000e+00 0.000000000000000000e+00 0.000000000000000000e+00 0.000000000000000000e+00 0.000000000000000000e+00
0.000000000000000000e+00 0.000000000000000000e+00 0.000000000000000000e+00 0.000000000000000000e+00 0.000000000000000000e+00 0.000000000000000000e+00 0.000000000000000000e+00
0.000000000000000000e+00 0.000000000000000000e+00 0.000000000000000000e+00 0.000000000000000000e+00 0.000000000000000000e+00 0.000000000000000000e+00 0.000000000000000000e+00
0.000000000000000000e+00 0.000000000000000000e+00 0.000000000000000000e+00 0.000000000000000000e+00 0.000000000000000000e+00 0.000000000000000000e+00 0.000000000000000000e+00
0.000000000000000000e+00 0.000000000000000000e+00 0.000000000000000000e+00 0.000000000000000000e+00 0.000000000000000000e+00 0.000000000000000000e+00 0.000000000000000000e+00
0.000000000000000000e+00 0.000000000000000000e+00 0.000000000000000000e+00 0.000000000000000000e+00 0.000000000000000000e+00 0.000000000000000000e+00 0.000000000000000000e+00
0.000000000000000000e+00 0.000000000000000000e+00 0.000000000000000000e+00 0.000000000000000000e+00 0.000000000000000000e+00 0.000000000000000000e+00 0.000000000000000000e+00
0.000000000000000000e+00 0.000000000000000000e+00 0.000000000000000000e+00 0.000000000000000000e+00 0.000000000000000000e+00 0.000000000000000000e+00 0.000000000000000000e+00
0.000000000000000000e+00 0.000000000000000000e+00 0.000000000000000000e+00 0.000000000000000000e+00 0.000000000000000000e+00 0.000000000000000000e+00 0.000000000000000000e+00
0.000000000000000000e+00 0.000000000000000000e+00 0.000000000000000000e+00 0.000000000000000000e+00 0.000000000000000000e+00 0.000000000000000000e+00 0.000000000000000000e+00
0.000000000000000000e+00 0.000000000000000000e+00 0.000000000000000000e+00 0.000000000000000000e+00 0.000000000000000000e+00 0.000000000000000000e+00 0.000000000000000000e+00
0.000000000000000000e+00 0.000000000000000000e+00 0.000000000000000000e+00 0.000000000000000000e+00 0.000000000000000000e+00 0.000000000000000000e+00 0.000000000000000000e+00
0.000000000000000000e+00 0.000000000000000000e+00 0.000000000000000000e+00 0.000000000000000000e+00 0.000000000000000000e+00 0.000000000000000000e+00 0.000000000000000000e+00
0.000000000000000000e+00 0.000000000000000000e+00 0.000000000000000000e+00 0.000000000000000000e+00 0.000000000000000000e+00 0.000000000000000000e+00 0.000000000000000000e+00
0.000000000000000000e+00 0.000000000000000000e+00 0.000000000000000000e+00 0.000000000000000000e+00 0.000000000000000000e+00 0.000000000000000000e+00 0.000000000000000000e+00
0.000000000000000000e+00 0.000000000000000000e+00 0.000000000000000000e+00 0.000000000000000000e+00 0.000000000000000000e+00 0.000000000000000000e+00 0.000000000000000000e+00
0.000000000000000000e+00 0.000000000000000000e+00 0.000000000000000000e+00 0.000000000000000000e+00 0.000000000000000000e+00 0.000000000000000000e+00 0.000000000000000000e+00
0.000000000000000000e+00 0.000000000000000000e+00 0.000000000000000000e+00 0.000000000000000000e+00 0.000000000000000000e+00 0.000000000000000000e+00 0.000000000000000000e+00
0.000000000000000000e+00 0.000000000000000000e+00 0.000000000000000000e+00 0.000000000000000000e+00 0.000000000000000000e+00 0.000000000000000000e+00 0.000000000000000000e+00
0.000000000000000000e+00 0.000000000000000000e+00 0.000000000000000000e+00 0.000000000000000000e+00 0.000000000000000000e+00 0.000000000000000000e+00 0.000000000000000000e+00
0.000000000000000000e+00 0.000000000000000000e+00 0.000000000000000000e+00 0.000000000000000000e+00 0.000000000000000000e+00 0.000000000000000000e+00 0.000000000000000000e+00
0.000000000000000000e+00 0.000000000000000000e+00 0.000000000000000000e+00 0.000000000000000000e+00 0.000000000000000000e+00 0.000000000000000000e+00 0.000000000000000000e+00
0.000000000000000000e+00 0.000000000000000000e+00 0.000000000000000000e+00 0.000000000000000000e+00 0.000000000000000000e+00 0.000000000000000000e+00 0.000000000000000000e+00
0.000000000000000000e+00 0.000000000000000000e+00 0.000000000000000000e+00 0.000000000000000000e+00 0.000000000000000000e+00 0.000000000000000000e+00 0.000000000000000000e+00
0.000000000000000000e+00 0.000000000000000000e+00 0.000000000000000000e+00 0.000000000000000000e+00 0.000000000000000000e+00 0.000000000000000000e+00 0.000000000000000000e+00
0.000000000000000000e+00 0.000000000000000000e+00 0.000000000000000000e+00 0.000000000000000000e+00 0.000000000000000000e+00 0.000000000000000000e+00 0.000000000000000000e+00
0.000000000000000000e+00 0.000000000000000000e+00 0.000000000000000000e+00 0.000000000000000000e+00 0.000000000000000000e+00 0.000000000000000000e+00 0.000000000000000000e+00
0.000000000000000000e+00 0.000000000000000000e+00 0.000000000000000000e+00 0.000000000000000000e+00 0.000000000000000000e+00 0.000000000000000000e+00 0.000000000000000000e+00
0.000000000000000000e+00 0.000000000000000000e+00 0.000000000000000000e+00 0.000000000000000000e+00 0.000000000000000000e+00 0.000000000000000000e+00 0.000000000000000000e+00
0.000000000000000000e+00 0.000000000000000000e+00 0.000000000000000000e+00 0.000000000000000000e+00 0.000000000000000000e+00 0.000000000000000000e+00 0.000000000000000000e+00
0.000000000000000000e+00 0.000000000000000000e+00 0.000000000000000000e+00 0.000000000000000000e+00 0.000000000000000000e+00 0.000000000000000000e+00 0.000000000000000000e+00
0.000000000000000000e+00 0.000000000000000000e+00 0.000000000000000000e+00 0.000000000000000000e+00 0.000000000000000000e+00 0.000000000000000000e+00 0.000000000000000000e+00
0.000000000000000000e+00 0.000000000000000000e+00 0.000000000000000000e+00 0.000000000000000000e+00 0.000000000000000000e+00 0.000000000000000000e+00 0.000000000000000000e+00
0.000000000000000000e+00 0.000000000000000000e+00 0.000000000000000000e+00 0.000000000000000000e+00 0.000000000000000000e+00 0.000000000000000000e+00 0.000000000000000000e+00
0.000000000000000000e+00 0.000000000000000000e+00 0.000000000000000000e+00 0.000000000000000000e+00 0.000000000000000000e+00 0.000000000000000000e+00 0.000000000000000000e+00
0.000000000000000000e+00 0.000000000000000000e+00 0.000000000000000000e+00 0.000000000000000000e+00 0.000000000000000000e+00 0.000000000000000000e+00 0.000000000000000000e+00
0.000000000000000000e+00 0.000000000000000000e+00 0.000000000000000000e+00 0.000000000000000000e+00 0.000000000000000000e+00 0.000000000000000000e+00 0.000000000000000000e+00
0.000000000000000000e+00 0.000000000000000000e+00 0.000000000000000000e+00 0.000000000000000000e+00 0.000000000000000000e+00 0.000000000000000000e+00 0.000000000000000000e+00
0.000000000000000000e+00 0.000000000000000000e+00 0.000000000000000000e+00 0.000000000000000000e+00 0.000000000000000000e+00 0.000000000000000000e+00 0.000000000000000000e+00
0.000000000000000000e+00 0.000000000000000000e+00 0.000000000000000000e+00 0.000000000000000000e+00 0.000000000000000000e+00 0.000000000000000000e+00 0.000000000000000000e+00
0.000000000000000000e+00 0.000000000000000000e+00 0.000000000000000000e+00 0.000000000000000000e+00 0.000000000000000000e+00 0.000000000000000000e+00 0.000000000000000000e+00
0.000000000000000000e+00 0.000000000000000000e+00 0.000000000000000000e+00 0.000000000000000000e+00 0.000000000000000000e+00 0.000000000000000000e+00 0.000000000000000000e+00
0.000000000000000000e+00 0.000000000000000000e+00 0.000000000000000000e+00 0.000000000000000000e+00 0.000000000000000000e+00 0.000000000000000000e+00 0.000000000000000000e+00
0.000000000000000000e+00 0.000000000000000000e+00 0.000000000000000000e+00 0.000000000000000000e+00 0.000000000000000000e+00 0.000000000000000000e+00 0.000000000000000000e+00
0.000000000000000000e+00 0.000000000000000000e+00 0.000000000000000000e+00 0.000000000000000000e+00 0.000000000000000000e+00 0.000000000000000000e+00 0.000000000000000000e+00
0.000000000000000000e+00 0.000000000000000000e+00 0.000000000000000000e+00 0.000000000000000000e+00 0.000000000000000000e+00 0.000000000000000000e+00 0.000000000000000000e+00
0.000000000000000000e+00 0.000000000000000000e+00 0.000000000000000000e+00 0.000000000000000000e+00 0.000000000000000000e+00 0.000000000000000000e+00 0.000000000000000000e+00
0.000000000000000000e+00 0.000000000000000000e+00 0.000000000000000000e+00 0.000000000000000000e+00 0.000000000000000000e+00 0.000000000000000000e+00 0.000000000000000000e+00
0.000000000000000000e+00 0.000000000000000000e+00 0.000000000000000000e+00 0.000000000000000000e+00 0.000000000000000000e+00 0.000000000000000000e+00 0.000000000000000000e+00
0.000000000000000000e+00 0.000000000000000000e+00 0.000000000000000000e+00 0.000000000000000000e+00 0.000000000000000000e+00 0.000000000000000000e+00 0.000000000000000000e+00
0.000000000000000000e+00 0.000000000000000000e+00 0.000000000000000000e+00 0.000000000000000000e+00 0.000000000000000000e+00 0.000000000000000000e+00 0.000000000000000000e+00
0.000000000000000000e+00 0.000000000000000000e+00 0.000000000000000000e+00 0.000000000000000000e+00 0.000000000000000000e+00 0.000000000000000000e+00 0.000000000000000000e+00
0.000000000000000000e+00 0.000000000000000000e+00 0.000000000000000000e+00 0.000000000000000000e+00 0.000000000000000000e+00 0.000000000000000000e+00 0.000000000000000000e+00
0.000000000000000000e+00 0.000000000000000000e+00 0.000000000000000000e+00 0.000000000000000000e+00 0.000000000000000000e+00 0.000000000000000000e+00 0.000000000000000000e+00
0.000000000000000000e+00 0.000000000000000000e+00 0.000000000000000000e+00 0.000000000000000000e+00 0.000000000000000000e+00 0.000000000000000000e+00 0.000000000000000000e+00
0.000000000000000000e+00 0.000000000000000000e+00 0.000000000000000000e+00 0.000000000000000000e+00 0.000000000000000000e+00 0.000000000000000000e+00 0.000000000000000000e+00
0.000000000000000000e+00 0.000000000000000000e+00 0.000000000000000000e+00 0.000000000000000000e+00 0.000000000000000000e+00 0.000000000000000000e+00 0.000000000000000000e+00
0.000000000000000000e+00 0.000000000000000000e+00 0.000000000000000000e+00 0.000000000000000000e+00 0.000000000000000000e+00 0.000000000000000000e+00 0.000000000000000000e+00
0.000000000000000000e+00 0.000000000000000000e+00 0.000000000000000000e+00 0.000000000000000000e+00 0.000000000000000000e+00 0.000000000000000000e+00 0.000000000000000000e+00
0.000000000000000000e+00 0.000000000000000000e+00 0.000000000000000000e+00 0.000000000000000000e+00 0.000000000000000000e+00 0.000000000000000000e+00 0.000000000000000000e+00
0.000000000000000000e+00 0.000000000000000000e+00 0.000000000000000000e+00 0.000000000000000000e+00 0.000000000000000000e+00 0.000000000000000000e+00 0.000000000000000000e+00
0.000000000000000000e+00 0.000000000000000000e+00 0.000000000000000000e+00 0.000000000000000000e+00 0.000000000000000000e+00 0.000000000000000000e+00 0.000000000000000000e+00
0.000000000000000000e+00 0.000000000000000000e+00 0.000000000000000000e+00 0.000000000000000000e+00 0.000000000000000000e+00 0.000000000000000000e+00 0.000000000000000000e+00
