3.506220444359791486e+02 3.493720444359791486e+02 3.531220444359791486e+02 3.498720444359791486e+02 3.068720444359791486e+02 3.516220444359791486e+02 1.037204443597914860e+01
1.071931755523138463e+00 3.598219317555231100e+02 3.219317555231384631e-01 3.071931755523138463e+00 6.821931755523138463e+00 3.595719317555231100e+02 3.455719317555231100e+02
0.000000000000000000e+00 0.000000000000000000e+00 0.000000000000000000e+00 0.000000000000000000e+00 0.000000000000000000e+00 0.000000000000000000e+00 0.000000000000000000e+00
0.000000000000000000e+00 0.000000000000000000e+00 0.000000000000000000e+00 0.000000000000000000e+00 0.000000000000000000e+00 0.000000000000000000e+00 0.000000000000000000e+00
2.972226864309770633e+01 4.922226864309770633e+01 6.822226864309770633e+01 7.147226864309770633e+01 3.059722686430977205e+02 3.284722686430977205e+02 3.562222686430977205e+02
0.000000000000000000e+00 0.000000000000000000e+00 0.000000000000000000e+00 0.000000000000000000e+00 0.000000000000000000e+00 0.000000000000000000e+00 0.000000000000000000e+00
9.598864971268199042e+00 5.098864971268199042e+00 3.590988649712681990e+02 9.348864971268199042e+00 3.159886497126819904e+01 4.848864971268199042e+00 1.634886497126819904e+01
3.464203329957284154e+02 3.334203329957284154e+02 3.464203329957284154e+02 1.167033299572840122e+01 7.670332995728401215e+00 3.586703329957284154e+02 3.569203329957284154e+02
0.000000000000000000e+00 0.000000000000000000e+00 0.000000000000000000e+00 0.000000000000000000e+00 0.000000000000000000e+00 0.000000000000000000e+00 0.000000000000000000e+00
0.000000000000000000e+00 0.000000000000000000e+00 0.000000000000000000e+00 0.000000000000000000e+00 0.000000000000000000e+00 0.000000000000000000e+00 0.000000000000000000e+00
3.291844355336297667e+02 3.339344355336297667e+02 3.521844355336297667e+02 1.844355336297667236e-01 2.668443553362976672e+01 5.318443553362976672e+01 8.843443553362976672e+01
2.769974729421815596e+02 2.789974729421815596e+02 3.279974729421815596e+02 3.452474729421815596e+02 3.559974729421815596e+02 1.549747294218155957e+01 3.274974729421815596e+02
3.533357520776706906e+02 3.550857520776706906e+02 3.528357520776706906e+02 3.525857520776706906e+02 3.563357520776706906e+02 2.335752077670662175e+00 4.085752077670662175e+00
3.575540934775985988e+02 3.590540934775985988e+02 5.409347759859883809e-02 3.595540934775985988e+02 3.563040934775985988e+02 3.510540934775985988e+02 3.595540934775985988e+02
3.590627077750599483e+02 3.593127077750599483e+02 3.573127077750599483e+02 3.520627077750599483e+02 3.438127077750599483e+02 3.313127077750599483e+02 3.535627077750599483e+02
0.000000000000000000e+00 0.000000000000000000e+00 0.000000000000000000e+00 0.000000000000000000e+00 0.000000000000000000e+00 0.000000000000000000e+00 0.000000000000000000e+00
0.000000000000000000e+00 0.000000000000000000e+00 0.000000000000000000e+00 0.000000000000000000e+00 0.000000000000000000e+00 0.000000000000000000e+00 0.000000000000000000e+00
2.307988874453690187e+01 2.032988874453690187e+01 1.857988874453690187e+01 1.282988874453690187e+01 3.513298887445369019e+02 2.079888744536901868e+00 9.829888744536901868e+00
3.595621683815743381e+02 1.062168381574338127e+00 1.312168381574338127e+00 3.598121683815743381e+02 3.518121683815743381e+02 3.245621683815743381e+02 3.058121683815743381e+02
0.000000000000000000e+00 0.000000000000000000e+00 0.000000000000000000e+00 0.000000000000000000e+00 0.000000000000000000e+00 0.000000000000000000e+00 0.000000000000000000e+00
0.000000000000000000e+00 0.000000000000000000e+00 0.000000000000000000e+00 0.000000000000000000e+00 0.000000000000000000e+00 0.000000000000000000e+00 0.000000000000000000e+00
5.962930545926042214e+00 3.212930545926042214e+00 3.712930545926042214e+00 5.462930545926042214e+00 5.712930545926042214e+00 3.579629305459260422e+02 3.522129305459260422e+02
1.461908449987845415e-01 3.576461908449987845e+02 3.496461908449987845e+02 3.418961908449987845e+02 3.481461908449987845e+02 1.689619084499878454e+01 2.714619084499878454e+01
0.000000000000000000e+00 0.000000000000000000e+00 0.000000000000000000e+00 0.000000000000000000e+00 0.000000000000000000e+00 0.000000000000000000e+00 0.000000000000000000e+00
5.432458808756365443e+00 1.682458808756365443e+00 3.481824588087563370e+02 3.524324588087563370e+02 5.543245880875636544e+01 6.818245880875636544e+01 4.293245880875636544e+01
3.586611419972954309e+02 3.596611419972954309e+02 3.539111419972954309e+02 3.504111419972954309e+02 3.439111419972954309e+02 3.374111419972954309e+02 3.414111419972954309e+02
0.000000000000000000e+00 0.000000000000000000e+00 0.000000000000000000e+00 0.000000000000000000e+00 0.000000000000000000e+00 0.000000000000000000e+00 0.000000000000000000e+00
0.000000000000000000e+00 0.000000000000000000e+00 0.000000000000000000e+00 0.000000000000000000e+00 0.000000000000000000e+00 0.000000000000000000e+00 0.000000000000000000e+00
3.096928889146022357e+01 1.621928889146022357e+01 1.196928889146022357e+01 3.246928889146022357e+01 6.296928889146022357e+01 3.369692888914602236e+02 3.099692888914602236e+02
3.579950162655544545e+02 2.245016265554475865e+00 2.449501626555445455e+01 4.574501626555445455e+01 1.474501626555447586e+01 3.599950162655544545e+02 3.574950162655544545e+02
0.000000000000000000e+00 0.000000000000000000e+00 0.000000000000000000e+00 0.000000000000000000e+00 0.000000000000000000e+00 0.000000000000000000e+00 0.000000000000000000e+00
3.401479383386275117e+02 3.146479383386275117e+02 6.664793833862751171e+01 7.839793833862751171e+01 5.389793833862751171e+01 5.289793833862751171e+01 4.739793833862751171e+01
0.000000000000000000e+00 0.000000000000000000e+00 0.000000000000000000e+00 0.000000000000000000e+00 0.000000000000000000e+00 0.000000000000000000e+00 0.000000000000000000e+00
1.602340513961746638e+01 1.352340513961746638e+01 8.773405139617466375e+00 3.577734051396174664e+02 3.502734051396174664e+02 3.192734051396174664e+02 5.273405139617466375e+00
1.215829810601258032e+01 8.908298106012580320e+00 4.908298106012580320e+00 3.908298106012580320e+00 4.158298106012580320e+00 3.569082981060125803e+02 3.559082981060125803e+02
3.539961929091577417e+02 3.547461929091577417e+02 3.572461929091577417e+02 1.746192909157741724e+00 2.246192909157741724e+00 3.447461929091577417e+02 3.529961929091577417e+02
2.987390576677029230e+00 2.487390576677029230e+00 1.487390576677029230e+00 1.237390576677029230e+00 1.237390576677029230e+00 3.594873905766770577e+02 3.557373905766770577e+02
3.524155621613955418e+02 3.581655621613955418e+02 3.571655621613955418e+02 3.554155621613955418e+02 3.571655621613955418e+02 3.556655621613955418e+02 3.549155621613955418e+02
8.962171593095376920e+00 1.321217159309537692e+01 9.212171593095376920e+00 3.462171593095376920e+00 5.212171593095376920e+00 3.212171593095376920e+00 3.489621715930953769e+02
0.000000000000000000e+00 0.000000000000000000e+00 0.000000000000000000e+00 0.000000000000000000e+00 0.000000000000000000e+00 0.000000000000000000e+00 0.000000000000000000e+00
3.593328924882838464e+02 3.583328924882838464e+02 3.563328924882838464e+02 3.545828924882838464e+02 3.565828924882838464e+02 3.528328924882838464e+02 3.570828924882838464e+02
0.000000000000000000e+00 0.000000000000000000e+00 0.000000000000000000e+00 0.000000000000000000e+00 0.000000000000000000e+00 0.000000000000000000e+00 0.000000000000000000e+00
0.000000000000000000e+00 0.000000000000000000e+00 0.000000000000000000e+00 0.000000000000000000e+00 0.000000000000000000e+00 0.000000000000000000e+00 0.000000000000000000e+00
3.535746704798145288e+02 3.573246704798145288e+02 1.907467047981452879e+01 5.957467047981452879e+01 2.745746704798145288e+02 3.293246704798145288e+02 9.324670479814528790e+00
3.597146758218448781e+02 3.534646758218448781e+02 3.549646758218448781e+02 1.246467582184487810e+01 1.746467582184487810e+01 5.464675821844878101e+00 3.587146758218448781e+02
3.524114175037123005e+02 3.581614175037123005e+02 2.911417503712300459e+00 1.661417503712300459e+00 3.596614175037123005e+02 3.584114175037123005e+02 3.161417503712300459e+00
3.171262296428474201e+02 3.336262296428474201e+02 2.412622964284744853e+01 4.712622964284744853e+01 3.496262296428474201e+02 3.003762296428474201e+02 2.762622964284744853e+01
3.205374267122709853e+02 3.450374267122709853e+02 2.953742671227101368e+01 4.003742671227101368e+01 3.287874267122709853e+02 3.045374267122709853e+02 3.553742671227101368e+01
1.438016131220433635e+01 1.363016131220433635e+01 1.188016131220433635e+01 9.130161312204336355e+00 7.630161312204336355e+00 9.380161312204336355e+00 1.163016131220433635e+01
0.000000000000000000e+00 0.000000000000000000e+00 0.000000000000000000e+00 0.000000000000000000e+00 0.000000000000000000e+00 0.000000000000000000e+00 0.000000000000000000e+00
3.563678238969666268e+02 3.588678238969666268e+02 3.548678238969666268e+02 3.496178238969666268e+02 3.528678238969666268e+02 3.501178238969666268e+02 3.583678238969666268e+02
3.555944241898072278e+02 3.543444241898072278e+02 3.513444241898072278e+02 1.059442418980722778e+01 3.420944241898072278e+02 3.310944241898072278e+02 9.594424189807227776e+00
3.462216037057157791e+01 2.712216037057157791e+01 3.556221603705715779e+02 2.962216037057157791e+01 1.562216037057157791e+01 3.122160370571577914e+00 3.573721603705715779e+02
3.493228419991065721e+02 3.345728419991065721e+02 3.358228419991065721e+02 3.448228419991065721e+02 3.455728419991065721e+02 3.548228419991065721e+02 3.228419991065720751e-01
5.395589138067037993e+00 4.395589138067037993e+00 1.645589138067037993e+00 3.578955891380670664e+02 3.498955891380670664e+02 3.261455891380670664e+02 3.136455891380670664e+02
3.408802445046660523e+00 3.408802445046660523e+00 2.908802445046660523e+00 3.576588024450466605e+02 3.469088024450466605e+02 3.569088024450466605e+02 3.514088024450466605e+02
3.440364470044660266e+02 3.452864470044660266e+02 3.482864470044660266e+02 3.507864470044660266e+02 3.522864470044660266e+02 3.557864470044660266e+02 7.864470044660265557e-01
3.436144841244134795e+02 3.448644841244134795e+02 3.478644841244134795e+02 3.503644841244134795e+02 3.518644841244134795e+02 3.553644841244134795e+02 3.644841244135079705e-01
0.000000000000000000e+00 0.000000000000000000e+00 0.000000000000000000e+00 0.000000000000000000e+00 0.000000000000000000e+00 0.000000000000000000e+00 0.000000000000000000e+00
3.582310028274877709e+02 3.597310028274877709e+02 3.231002827487770901e+00 3.449810028274877709e+02 3.034810028274877709e+02 3.062310028274877709e+02 3.422310028274877709e+02
0.000000000000000000e+00 0.000000000000000000e+00 0.000000000000000000e+00 0.000000000000000000e+00 0.000000000000000000e+00 0.000000000000000000e+00 0.000000000000000000e+00
3.583261854413597689e+02 1.826185441359768902e+00 8.261854413597689017e-01 3.573261854413597689e+02 3.553261854413597689e+02 3.575761854413597689e+02 3.575761854413597689e+02
0.000000000000000000e+00 0.000000000000000000e+00 0.000000000000000000e+00 0.000000000000000000e+00 0.000000000000000000e+00 0.000000000000000000e+00 0.000000000000000000e+00
3.394492511939557744e+02 3.336992511939557744e+02 3.329492511939557744e+02 3.324492511939557744e+02 3.149492511939557744e+02 2.956992511939557744e+02 2.131992511939558028e+02
0.000000000000000000e+00 0.000000000000000000e+00 0.000000000000000000e+00 0.000000000000000000e+00 0.000000000000000000e+00 0.000000000000000000e+00 0.000000000000000000e+00
0.000000000000000000e+00 0.000000000000000000e+00 0.000000000000000000e+00 0.000000000000000000e+00 0.000000000000000000e+00 0.000000000000000000e+00 0.000000000000000000e+00
1.889126754779277917e+01 1.714126754779277917e+01 1.689126754779277917e+01 1.664126754779277917e+01 1.114126754779277917e+01 3.378912675477927792e+02 2.601412675477927792e+02
3.535182383855812418e+02 3.477682383855812418e+02 3.480182383855812418e+02 3.402682383855812418e+02 3.375182383855812418e+02 3.457682383855812418e+02 3.570182383855812418e+02
2.319738942542846871e+01 1.894738942542846871e+01 1.569738942542846871e+01 1.094738942542846871e+01 1.944738942542846871e+01 4.644738942542846871e+01 3.197389425428468712e+00
0.000000000000000000e+00 0.000000000000000000e+00 0.000000000000000000e+00 0.000000000000000000e+00 0.000000000000000000e+00 0.000000000000000000e+00 0.000000000000000000e+00
4.292703491398981441e+00 6.292703491398981441e+00 1.204270349139898144e+01 8.042703491398981441e+00 7.792703491398981441e+00 2.927034913989814413e-01 3.475427034913989814e+02
0.000000000000000000e+00 0.000000000000000000e+00 0.000000000000000000e+00 0.000000000000000000e+00 0.000000000000000000e+00 0.000000000000000000e+00 0.000000000000000000e+00
0.000000000000000000e+00 0.000000000000000000e+00 0.000000000000000000e+00 0.000000000000000000e+00 0.000000000000000000e+00 0.000000000000000000e+00 0.000000000000000000e+00
3.350756285536071459e+02 3.500756285536071459e+02 7.575628553607145932e+00 1.282562855360714593e+01 2.182562855360714593e+01 4.407562855360714593e+01 3.083256285536071459e+02
0.000000000000000000e+00 0.000000000000000000e+00 0.000000000000000000e+00 0.000000000000000000e+00 0.000000000000000000e+00 0.000000000000000000e+00 0.000000000000000000e+00
9.329597644232080711e+00 6.079597644232080711e+00 8.579597644232080711e+00 8.329597644232080711e+00 1.632959764423208071e+01 9.829597644232080711e+00 3.580795976442320807e+02
1.071904361238097181e+01 1.746904361238097181e+01 4.871904361238097181e+01 5.396904361238097181e+01 4.571904361238097181e+01 1.696904361238097181e+01 2.371904361238097181e+01
1.683517535171148438e+01 1.858517535171148438e+01 3.583517535171148438e+01 3.758517535171148438e+01 3.433517535171148438e+01 5.585175351711484382e+00 5.835175351711484382e+00
3.480707315526631191e+02 1.070731552663133357e+00 3.568207315526631191e+02 2.820731552663133357e+00 3.657073155266311915e+01 3.107073155266311915e+01 3.395707315526631191e+02
5.361604261953402784e+00 2.186160426195340278e+01 4.211160426195340278e+01 2.161160426195340278e+01 3.481116042619534028e+02 1.036160426195340278e+01 2.711160426195340278e+01
0.000000000000000000e+00 0.000000000000000000e+00 0.000000000000000000e+00 0.000000000000000000e+00 0.000000000000000000e+00 0.000000000000000000e+00 0.000000000000000000e+00
1.659591104074036139e+01 1.384591104074036139e+01 1.134591104074036139e+01 6.095911040740361386e+00 3.538459110407403614e+02 3.483459110407403614e+02 3.563459110407403614e+02
3.536865188664665993e+02 2.186518866466599320e+00 2.186518866466599320e+00 3.564365188664665993e+02 3.561865188664665993e+02 3.511865188664665993e+02 3.411865188664665993e+02
1.821891232341459954e+01 1.521891232341459954e+01 1.718912323414599541e+00 3.532189123234145995e+02 3.567189123234145995e+02 4.218912323414599541e+00 4.468912323414599541e+00
3.529643914326316008e+02 3.714391432631572343e+00 3.964391432631572343e+00 1.471439143263157234e+01 8.964391432631572343e+00 3.452143914326316008e+02 3.382143914326316008e+02
1.563266486246448039e+01 1.413266486246448039e+01 8.882664862464480393e+00 1.326648624644803931e-01 6.632664862464480393e+00 1.738266486246448039e+01 9.882664862464480393e+00
1.552396161139711239e+01 1.402396161139711239e+01 8.773961611397112392e+00 3.597739616113971124e+02 6.773961611397112392e+00 1.727396161139711239e+01 9.773961611397112392e+00
3.509058660632634883e+02 5.655866063263488286e+00 2.965586606326348829e+01 2.415586606326348829e+01 9.905866063263488286e+00 7.655866063263488286e+00 3.534058660632634883e+02
0.000000000000000000e+00 0.000000000000000000e+00 0.000000000000000000e+00 0.000000000000000000e+00 0.000000000000000000e+00 0.000000000000000000e+00 0.000000000000000000e+00
0.000000000000000000e+00 0.000000000000000000e+00 0.000000000000000000e+00 0.000000000000000000e+00 0.000000000000000000e+00 0.000000000000000000e+00 0.000000000000000000e+00
0.000000000000000000e+00 0.000000000000000000e+00 0.000000000000000000e+00 0.000000000000000000e+00 0.000000000000000000e+00 0.000000000000000000e+00 0.000000000000000000e+00
3.542666238696778578e+02 3.352666238696778578e+02 3.132666238696778578e+02 2.975166238696778578e+02 2.862666238696778578e+02 2.935166238696778578e+02 5.351662386967785778e+01
1.464536808816416169e+01 3.401453680881641617e+02 3.036453680881641617e+02 3.939536808816416169e+01 7.114536808816416169e+01 3.313953680881641617e+02 3.438953680881641617e+02
3.451668379803166999e+02 3.554168379803166999e+02 3.596668379803166999e+02 3.576668379803166999e+02 3.569168379803166999e+02 3.596668379803166999e+02 1.666837980316699941e+00
0.000000000000000000e+00 0.000000000000000000e+00 0.000000000000000000e+00 0.000000000000000000e+00 0.000000000000000000e+00 0.000000000000000000e+00 0.000000000000000000e+00
3.596876606912796888e+02 3.586876606912796888e+02 3.599376606912796888e+02 7.937660691279717184e+00 1.118766069127971718e+01 5.187660691279717184e+00 7.687660691279717184e+00
1.470669598373930853e+01 1.620669598373930853e+01 2.456695983739308531e+00 3.539566959837393370e+02 3.562066959837393370e+02 3.594566959837393370e+02 2.206695983739308531e+00
2.857266365616711710e+02 2.897266365616711710e+02 3.114766365616711710e+02 3.294766365616711710e+02 3.492266365616711710e+02 9.976636561671142545e+00 2.476636561671142545e+00
1.231610368542629885e+01 2.816103685426298853e+00 3.463161036854262989e+02 3.558161036854262989e+02 1.656610368542629885e+01 2.066103685426298853e+00 5.066103685426298853e+00
3.435638668415801931e+02 3.590638668415801931e+02 9.813866841580164646e+00 6.813866841580164646e+00 2.063866841580164646e+00 4.063866841580164646e+00 3.138668415801646461e-01
3.416374166589582728e+02 3.548874166589582728e+02 9.137416658958244398e+00 6.887416658958244398e+00 4.637416658958244398e+00 1.387416658958244398e+00 3.583874166589582728e+02
3.405820112324326487e+02 1.933201123243264874e+01 1.433201123243264874e+01 1.608201123243264874e+01 1.033201123243264874e+01 3.590820112324326487e+02 3.573320112324326487e+02
3.525531486113268329e+02 3.325531486113268329e+02 3.300531486113268329e+02 1.005314861132683291e+01 1.130314861132683291e+01 3.543031486113268329e+02 2.053148611326832906e+00
2.132495217780228813e+01 2.032495217780228813e+01 9.574952177802288134e+00 3.590749521778022881e+02 4.324952177802288134e+00 6.824952177802288134e+00 4.482495217780228813e+01
3.656898369177358177e+01 4.206898369177358177e+01 4.531898369177358177e+01 4.331898369177358177e+01 1.281898369177358177e+01 3.555689836917736102e+02 3.508189836917736102e+02
0.000000000000000000e+00 0.000000000000000000e+00 0.000000000000000000e+00 0.000000000000000000e+00 0.000000000000000000e+00 0.000000000000000000e+00 0.000000000000000000e+00
3.512519258992804225e+02 3.487519258992804225e+02 3.367519258992804225e+02 3.140019258992804225e+02 2.697519258992804225e+02 2.530019258992804225e+02 1.395019258992804225e+02
2.998794737569653535e+01 3.673794737569653535e+01 1.623794737569653535e+01 5.737947375696535346e+00 1.237947375696535346e+00 3.898794737569653535e+01 4.823794737569653535e+01
3.279032019969098428e+02 3.331532019969098428e+02 3.384032019969098428e+02 3.439032019969098428e+02 3.481532019969098428e+02 3.466532019969098428e+02 3.516532019969098428e+02
2.949314577490650890e+01 2.124314577490650890e+01 1.299314577490650890e+01 8.993145774906508905e+00 2.243145774906508905e+00 3.587431457749065089e+02 3.569931457749065089e+02
2.623409674623196679e+02 2.935909674623196679e+02 3.198409674623196679e+02 3.268409674623196679e+02 3.180909674623196679e+02 3.213409674623196679e+02 3.400909674623196679e+02
0.000000000000000000e+00 0.000000000000000000e+00 0.000000000000000000e+00 0.000000000000000000e+00 0.000000000000000000e+00 0.000000000000000000e+00 0.000000000000000000e+00
0.000000000000000000e+00 0.000000000000000000e+00 0.000000000000000000e+00 0.000000000000000000e+00 0.000000000000000000e+00 0.000000000000000000e+00 0.000000000000000000e+00
3.566423894354030608e+02 1.314238943540303239e+01 1.614238943540303239e+01 8.642389435403032394e+00 1.423894354030323939e-01 3.553923894354030608e+02 3.558923894354030608e+02
0.000000000000000000e+00 0.000000000000000000e+00 0.000000000000000000e+00 0.000000000000000000e+00 0.000000000000000000e+00 0.000000000000000000e+00 0.000000000000000000e+00
2.357538793054237658e+01 1.857538793054237658e+01 1.532538793054237658e+01 1.607538793054237658e+01 1.557538793054237658e+01 1.432538793054237658e+01 3.570753879305423766e+02
1.242817775751370846e+01 2.717817775751370846e+01 5.367817775751370846e+01 6.867817775751370846e+01 6.817817775751370846e+01 5.217817775751370846e+01 5.367817775751370846e+01
3.586609043757214295e+02 4.109043757214010384e-01 3.596609043757214295e+02 3.559109043757214295e+02 3.466609043757214295e+02 3.089109043757214295e+02 2.941609043757214295e+02
0.000000000000000000e+00 0.000000000000000000e+00 0.000000000000000000e+00 0.000000000000000000e+00 0.000000000000000000e+00 0.000000000000000000e+00 0.000000000000000000e+00
3.969885885080657317e+00 9.698858850806573173e-01 3.559698858850806573e+02 3.487198858850806573e+02 3.359698858850806573e+02 3.064698858850806573e+02 3.342198858850806573e+02
1.600634478769864870e+02 1.690634478769864870e+02 1.593134478769864870e+02 1.240634478769864870e+02 1.278134478769864870e+02 1.530634478769864870e+02 2.005634478769864870e+02
2.141717806820520309e+01 1.766717806820520309e+01 1.391717806820520309e+01 4.417178068205203090e+00 3.599171780682052031e+02 1.841717806820520309e+01 1.671780682052030897e-01
3.561140751284657426e+02 1.114075128465714215e+00 6.364075128465714215e+00 3.228640751284657426e+02 3.248640751284657426e+02 3.371140751284657426e+02 3.521140751284657426e+02
3.462287722417182181e+02 3.452287722417182181e+02 3.399787722417182181e+02 3.327287722417182181e+02 3.359787722417182181e+02 3.307287722417182181e+02 3.344787722417182181e+02
5.755108403228717862e+00 2.375510840322871786e+01 2.900510840322871786e+01 1.975510840322871786e+01 5.051084032287178616e-01 3.567551084032287463e+02 8.255108403228717862e+00
3.039971299897388235e+00 2.789971299897388235e+00 5.289971299897388235e+00 6.039971299897388235e+00 4.039971299897388235e+00 4.289971299897388235e+00 5.789971299897388235e+00
2.932532766003947700e+01 8.253276600394769957e-01 3.598253276600394770e+02 8.253276600394769957e-01 1.282532766003947700e+01 6.075327660039476996e+00 4.825327660039476996e+00
3.516174270037262204e+02 3.586174270037262204e+02 5.367427003726191970e+00 6.367427003726191970e+00 3.593674270037262204e+02 3.581174270037262204e+02 3.523674270037262204e+02
3.467707533807468394e+02 3.275207533807468394e+02 3.377707533807468394e+02 3.555207533807468394e+02 6.520753380746846517e+00 5.770753380746846517e+00 2.075338074684651701e-02
1.258991775944201663e+01 1.839917759442016632e+00 3.545899177594420166e+02 3.570899177594420166e+02 1.339917759442016632e+00 3.589917759442016632e+00 3.490899177594420166e+02
3.585728290882607894e+02 3.560728290882607894e+02 3.558228290882607894e+02 7.282908826077516551e-02 3.072829088260775166e+00 2.322829088260775166e+00 3.593228290882607894e+02
9.050608947065171606e+00 6.050608947065171606e+00 8.800608947065171606e+00 1.480060894706517161e+01 1.430060894706517161e+01 4.800608947065171606e+00 3.006089470651716056e-01
3.442114124301422180e+02 3.539614124301422180e+02 1.211412430142189578e+00 6.961412430142189578e+00 3.517114124301422180e+02 2.961412430142189578e+00 4.614124301421895780e-01
3.522000062308570705e+02 3.557000062308570705e+02 2.450006230857098899e+00 7.450006230857098899e+00 3.559500062308570705e+02 2.495000623085709890e+01 4.200006230857098899e+00
3.574424727058585631e+02 3.576924727058585631e+02 3.541924727058585631e+02 3.479424727058585631e+02 3.406924727058585631e+02 3.506924727058585631e+02 3.401924727058585631e+02
0.000000000000000000e+00 0.000000000000000000e+00 0.000000000000000000e+00 0.000000000000000000e+00 0.000000000000000000e+00 0.000000000000000000e+00 0.000000000000000000e+00
1.744214190544022358e+01 1.994214190544022358e+01 8.192141905440223582e+00 1.369214190544022358e+01 3.391921419054402236e+02 3.449421419054402236e+02 8.192141905440223582e+00
8.680558215550036039e+00 1.318055821555003604e+01 9.430558215550036039e+00 3.930558215550036039e+00 3.276805582155500360e+02 3.249305582155500360e+02 3.680558215550036039e+00
7.276720984976179807e+00 6.776720984976179807e+00 8.276720984976179807e+00 1.502672098497617981e+01 3.827672098497617981e+01 3.427672098497617981e+01 3.002672098497617981e+01
0.000000000000000000e+00 0.000000000000000000e+00 0.000000000000000000e+00 0.000000000000000000e+00 0.000000000000000000e+00 0.000000000000000000e+00 0.000000000000000000e+00
5.096497959253554200e+00 4.096497959253554200e+00 2.846497959253554200e+00 2.596497959253554200e+00 3.593464979592535542e+02 3.553464979592535542e+02 3.583464979592535542e+02
0.000000000000000000e+00 0.000000000000000000e+00 0.000000000000000000e+00 0.000000000000000000e+00 0.000000000000000000e+00 0.000000000000000000e+00 0.000000000000000000e+00
5.480575248554984569e+00 3.339805752485549988e+02 2.699805752485549988e+02 2.637305752485549988e+02 1.173057524855498457e+01 5.323057524855498457e+01 3.272305752485549988e+02
7.981165860371675080e-01 3.590481165860371675e+02 3.542981165860371675e+02 3.317981165860371675e+02 2.872981165860371675e+02 2.735481165860371675e+02 2.742981165860371675e+02
0.000000000000000000e+00 0.000000000000000000e+00 0.000000000000000000e+00 0.000000000000000000e+00 0.000000000000000000e+00 0.000000000000000000e+00 0.000000000000000000e+00
3.385767249431597179e+02 3.515767249431597179e+02 5.826724943159717895e+00 7.826724943159717895e+00 1.257672494315971790e+01 3.563267249431597179e+02 3.495767249431597179e+02
0.000000000000000000e+00 0.000000000000000000e+00 0.000000000000000000e+00 0.000000000000000000e+00 0.000000000000000000e+00 0.000000000000000000e+00 0.000000000000000000e+00
3.581452437931064878e+02 3.596452437931064878e+02 2.145243793106487828e+00 3.645243793106487828e+00 4.145243793106487828e+00 6.452437931064878285e-01 1.014524379310648783e+01
0.000000000000000000e+00 0.000000000000000000e+00 0.000000000000000000e+00 0.000000000000000000e+00 0.000000000000000000e+00 0.000000000000000000e+00 0.000000000000000000e+00
1.538485464914650436e+00 3.285384854649146291e+02 2.753848546491465044e+01 3.453848546491462912e+01 2.428848546491465044e+01 4.788485464914650436e+00 5.384854649146504357e-01
0.000000000000000000e+00 0.000000000000000000e+00 0.000000000000000000e+00 0.000000000000000000e+00 0.000000000000000000e+00 0.000000000000000000e+00 0.000000000000000000e+00
3.005626192589004404e+02 3.020626192589004404e+02 3.170626192589004404e+02 3.445626192589004972e+02 1.181261925890047237e+01 2.281261925890049724e+01 1.556261925890047237e+01
2.073596882401801622e+01 2.098596882401801622e+01 1.698596882401801622e+01 7.235968824018016221e+00 3.549859688240180162e+02 8.485968824018016221e+00 6.323596882401801622e+01
3.519885658317029424e+02 3.122385658317029424e+02 2.992385658317029424e+02 3.357385658317029424e+02 8.238565831702942432e+00 3.579885658317029424e+02 3.437385658317029424e+02
3.447043731884687077e+02 3.052043731884687077e+02 3.139543731884687077e+02 3.304543731884687077e+02 3.489543731884687077e+02 4.204373188468679245e+00 2.043731884686792455e-01
3.106812548845065862e+02 1.526812548845065862e+02 1.454312548845065862e+02 1.201812548845065862e+02 6.618125488450658622e+01 7.268125488450658622e+01 8.093125488450658622e+01
1.242282541884935654e+01 8.172825418849356538e+00 3.599228254188493565e+02 4.172825418849356538e+00 3.596728254188493565e+02 3.561728254188493565e+02 1.422825418849356538e+00
1.600994105114625654e+01 2.100994105114625654e+01 2.250994105114625654e+01 1.925994105114625654e+01 3.542599410511462565e+02 1.875994105114625654e+01 3.592599410511462565e+02
0.000000000000000000e+00 0.000000000000000000e+00 0.000000000000000000e+00 0.000000000000000000e+00 0.000000000000000000e+00 0.000000000000000000e+00 0.000000000000000000e+00
0.000000000000000000e+00 0.000000000000000000e+00 0.000000000000000000e+00 0.000000000000000000e+00 0.000000000000000000e+00 0.000000000000000000e+00 0.000000000000000000e+00
8.334026024737852367e+00 1.083402602473785237e+01 1.008402602473785237e+01 4.584026024737852367e+00 3.445840260247378524e+02 3.513340260247378524e+02 7.584026024737852367e+00
9.590042871801301771e+00 7.590042871801301771e+00 4.340042871801301771e+00 1.009004287180130177e+01 3.550900428718013018e+02 3.428400428718013018e+02 1.534004287180130177e+01
3.446409335863860406e+02 3.408909335863860406e+02 3.276409335863860406e+02 3.326409335863860406e+02 3.571409335863860406e+02 2.390933586386040588e+00 1.140933586386040588e+00
9.015690662169674852e+00 4.765690662169674852e+00 3.532656906621696749e+02 3.457656906621696749e+02 3.457656906621696749e+02 3.252656906621696749e+02 3.310156906621696749e+02
0.000000000000000000e+00 0.000000000000000000e+00 0.000000000000000000e+00 0.000000000000000000e+00 0.000000000000000000e+00 0.000000000000000000e+00 0.000000000000000000e+00
3.546044884026305226e+02 1.104488402630522614e+00 6.104488402630522614e+00 3.598544884026305226e+02 3.526044884026305226e+02 3.573544884026305226e+02 1.104488402630522614e+00
9.574062030751576913e+00 5.574062030751576913e+00 1.074062030751576913e+00 2.824062030751576913e+00 3.824062030751576913e+00 4.574062030751576913e+00 3.453240620307515769e+02
3.545697793221931988e+02 3.570697793221931988e+02 3.550697793221931988e+02 9.069779322193170401e+00 6.069779322193170401e+00 1.081977932219317040e+01 1.569779322193170401e+00
0.000000000000000000e+00 0.000000000000000000e+00 0.000000000000000000e+00 0.000000000000000000e+00 0.000000000000000000e+00 0.000000000000000000e+00 0.000000000000000000e+00
1.965132496028559217e+01 1.940132496028559217e+01 1.740132496028559217e+01 1.715132496028559217e+01 5.151324960285592169e+00 3.364013249602855922e+02 3.504013249602855922e+02
8.285401563536879621e+00 8.285401563536879621e+00 4.535401563536879621e+00 3.785401563536879621e+00 3.527854015635368796e+02 3.475354015635368796e+02 3.517854015635368796e+02
1.824358743174053643e+01 2.299358743174053643e+01 2.924358743174053643e+01 2.524358743174053643e+01 3.552435874317405364e+02 3.239935874317405364e+02 1.224358743174053643e+01
0.000000000000000000e+00 0.000000000000000000e+00 0.000000000000000000e+00 0.000000000000000000e+00 0.000000000000000000e+00 0.000000000000000000e+00 0.000000000000000000e+00
0.000000000000000000e+00 0.000000000000000000e+00 0.000000000000000000e+00 0.000000000000000000e+00 0.000000000000000000e+00 0.000000000000000000e+00 0.000000000000000000e+00
3.597951491370774875e+02 3.590451491370774875e+02 3.587951491370774875e+02 3.570451491370774875e+02 3.460451491370774875e+02 3.127951491370774875e+02 2.995451491370774875e+02
3.420186612898748990e+02 3.222686612898748990e+02 3.040186612898748990e+02 2.880186612898748990e+02 3.210186612898748990e+02 6.901866128987489901e+01 2.626866128987489901e+01
1.644911673788803341e+01 2.169911673788803341e+01 1.219911673788803341e+01 8.449116737888033413e+00 2.319911673788803341e+01 2.344911673788803341e+01 3.581991167378880618e+02
3.556382420586260196e+02 6.638242058626019571e+00 1.063824205862601957e+01 3.408882420586260196e+02 3.061382420586260196e+02 2.906382420586260196e+02 2.993882420586260196e+02
0.000000000000000000e+00 0.000000000000000000e+00 0.000000000000000000e+00 0.000000000000000000e+00 0.000000000000000000e+00 0.000000000000000000e+00 0.000000000000000000e+00
3.552974418891463984e+02 3.565474418891463984e+02 3.567974418891463984e+02 3.542974418891463984e+02 3.357974418891463984e+02 2.990474418891463984e+02 3.302974418891463984e+02
1.516638444181478462e+01 5.166384441814784623e+00 5.916384441814784623e+00 1.666384441814784623e+00 3.551663844418147846e+02 3.509163844418147846e+02 3.314163844418147846e+02
0.000000000000000000e+00 0.000000000000000000e+00 0.000000000000000000e+00 0.000000000000000000e+00 0.000000000000000000e+00 0.000000000000000000e+00 0.000000000000000000e+00
0.000000000000000000e+00 0.000000000000000000e+00 0.000000000000000000e+00 0.000000000000000000e+00 0.000000000000000000e+00 0.000000000000000000e+00 0.000000000000000000e+00
3.440789842728096914e+02 4.828984272809691447e+00 1.307898427280969145e+01 7.828984272809691447e+00 2.078984272809691447e+00 3.535789842728096914e+02 3.568289842728096914e+02
1.515031520309520374e+00 3.457650315203095488e+02 3.042650315203095488e+02 2.887650315203095488e+02 3.360150315203095488e+02 4.551503152030952037e+01 3.402650315203095488e+02
3.220174888946658598e+01 2.701748889466585979e+00 3.054517488894665576e+02 2.994517488894665576e+02 3.324517488894665576e+02 3.069517488894665576e+02 2.887017488894665576e+02
2.368424443816280700e+00 3.368424443816280700e+00 3.868424443816280700e+00 3.593684244438162523e+02 3.503684244438162523e+02 3.491184244438162523e+02 3.498684244438162523e+02
3.575110547743379357e+02 3.572610547743379357e+02 3.582610547743379357e+02 2.011054774337907247e+00 4.761054774337907247e+00 3.287610547743379357e+02 3.035110547743379357e+02
0.000000000000000000e+00 0.000000000000000000e+00 0.000000000000000000e+00 0.000000000000000000e+00 0.000000000000000000e+00 0.000000000000000000e+00 0.000000000000000000e+00
0.000000000000000000e+00 0.000000000000000000e+00 0.000000000000000000e+00 0.000000000000000000e+00 0.000000000000000000e+00 0.000000000000000000e+00 0.000000000000000000e+00
