8.191633373691450393e-01 8.437174070304204188e-01 8.299175581887542341e-01 6.339469397307274656e-01 1.279566814443112710e-01 2.592102055116443093e-01 2.267386342408348188e-01
8.534010343748178462e-01 8.234314063321588328e-01 7.807338143920169449e-01 7.464631162630553929e-01 8.154214085033382187e-01 8.919266805892192007e-01 7.398380529610300016e-01
7.751547013462504188e-01 8.555529105918142641e-01 6.314872458307374536e-01 7.336915362523256379e-01 7.744588934070206765e-01 8.328178709638762722e-01 9.462677128919558811e-01
8.743317415694611405e-01 9.157721540569392360e-01 9.162278810042630006e-01 9.138028804401715499e-01 9.380896347505185418e-01 8.776197042531075354e-01 5.777285055703392791e-01
8.968837489299588128e-01 9.219061469119852470e-01 9.054051837748631204e-01 9.198702130274029054e-01 9.432872996159589185e-01 9.043275355492410572e-01 8.366038555416870359e-01
8.442422887700976597e-01 8.864316416287502109e-01 9.044518265238516985e-01 8.816611596718552102e-01 8.673514122234453616e-01 7.283843769080029507e-01 4.498579762710793739e-01
8.879740950263714794e-01 8.388143043042440850e-01 8.020579207888790529e-01 8.390840116467872534e-01 8.977324651138874900e-01 7.499429226484735089e-01 6.577183785185605203e-01
8.673602263664407230e-01 8.666810840456478093e-01 9.301740882479808681e-01 8.942935156023549270e-01 7.810158069943284875e-01 5.956922870648996282e-01 7.768421504513270959e-01
0.000000000000000000e+00 0.000000000000000000e+00 0.000000000000000000e+00 0.000000000000000000e+00 0.000000000000000000e+00 0.000000000000000000e+00 0.000000000000000000e+00
7.172808056013503242e-01 8.574984338237323644e-01 5.994707117656653539e-01 7.832331760215781591e-01 8.556274881752958805e-01 8.881385015331566546e-01 9.565368840488164270e-01
4.963628242346450614e-01 6.288546618943327005e-01 5.919557858173420950e-01 4.856554823010056920e-01 3.284244523060339538e-01 1.618480592752854497e-01 2.908486432273998390e-01
2.109655922670766459e-01 1.023073229528301542e-01 3.445146427341291284e-01 3.174469325681372744e-01 1.247964585768751022e-01 2.954562431744472417e-01 4.116625919770307562e-01
7.003613941404102095e-01 8.089229071790076109e-01 8.551240009335141501e-01 8.761550943002690550e-01 8.210093787693697465e-01 9.049760830016009283e-01 9.254967934663569373e-01
0.000000000000000000e+00 0.000000000000000000e+00 0.000000000000000000e+00 0.000000000000000000e+00 0.000000000000000000e+00 0.000000000000000000e+00 0.000000000000000000e+00
7.532522789760196513e-01 9.153290504106328385e-01 9.481884809722950225e-01 9.351519993324182156e-01 9.538406622844126659e-01 9.583569022662957737e-01 9.251737395969363842e-01
0.000000000000000000e+00 0.000000000000000000e+00 0.000000000000000000e+00 0.000000000000000000e+00 0.000000000000000000e+00 0.000000000000000000e+00 0.000000000000000000e+00
0.000000000000000000e+00 0.000000000000000000e+00 0.000000000000000000e+00 0.000000000000000000e+00 0.000000000000000000e+00 0.000000000000000000e+00 0.000000000000000000e+00
0.000000000000000000e+00 0.000000000000000000e+00 0.000000000000000000e+00 0.000000000000000000e+00 0.000000000000000000e+00 0.000000000000000000e+00 0.000000000000000000e+00
0.000000000000000000e+00 0.000000000000000000e+00 0.000000000000000000e+00 0.000000000000000000e+00 0.000000000000000000e+00 0.000000000000000000e+00 0.000000000000000000e+00
0.000000000000000000e+00 0.000000000000000000e+00 0.000000000000000000e+00 0.000000000000000000e+00 0.000000000000000000e+00 0.000000000000000000e+00 0.000000000000000000e+00
8.024832735483597990e-01 8.825619720691731951e-01 8.477028070281874550e-01 9.030237377794307907e-01 6.582301900141311890e-01 5.935181404984475328e-01 6.694271590310019171e-01
8.735161213086576337e-01 9.179086589685279129e-01 9.431457406694824241e-01 9.488955460138331910e-01 9.189328801349965214e-01 8.095586947447708237e-01 5.012572925513248956e-01
8.266526430892937594e-01 9.195356578023901051e-01 9.114183508925624011e-01 8.820770490344853609e-01 9.558005907667711520e-01 9.676924460826201724e-01 8.977086667790367125e-01
9.250313354549583034e-01 9.080701418717352924e-01 8.977837679198975573e-01 8.108060421945167962e-01 7.289301979704524426e-01 4.148421063194929204e-01 3.833793340322265708e-01
8.411112762611990812e-01 8.363131772605151282e-01 7.270175160153182770e-01 8.082521831245189636e-01 7.990148596024178040e-01 8.015356369910173751e-01 7.828925564667947867e-01
8.406979490328897464e-01 8.848830713309185914e-01 9.471625765778087791e-01 9.572468365504658294e-01 8.634981216601830267e-01 5.788944022669781919e-01 5.249758536139471909e-02
8.089066825127730898e-01 8.387483777623403469e-01 8.095346796913717169e-01 8.451218453179635270e-01 8.465973719268503617e-01 6.405085300134260029e-01 5.764938475446592658e-01
0.000000000000000000e+00 0.000000000000000000e+00 0.000000000000000000e+00 0.000000000000000000e+00 0.000000000000000000e+00 0.000000000000000000e+00 0.000000000000000000e+00
8.583424411848368241e-01 7.608597107368484380e-01 7.015600011743418074e-01 5.885238322380540454e-01 7.683037928095717284e-01 5.351459246549682414e-01 5.332363094972520923e-01
5.549803573924391720e-02 1.220021105786107396e-01 3.868336847887431373e-01 1.906907722428167473e-01 2.919486283873649612e-01 2.430301897909941389e-01 3.551465382035838281e-01
9.436610039340215250e-01 9.408623306250323282e-01 8.473239805517316370e-01 9.322917277552752457e-01 9.126386853341610372e-01 6.305717374310941814e-01 3.193713863262770403e-01
9.138907372756607250e-01 9.481075214963129438e-01 9.157947766715692772e-01 8.523443904884665523e-01 5.963197676179727846e-01 4.833124618842163378e-01 4.256097206343026906e-01
0.000000000000000000e+00 0.000000000000000000e+00 0.000000000000000000e+00 0.000000000000000000e+00 0.000000000000000000e+00 0.000000000000000000e+00 0.000000000000000000e+00
8.922696103246391397e-01 9.105431418292886381e-01 9.496526245111929221e-01 9.367872728896989853e-01 9.778660253830786520e-01 9.922845334638431547e-01 9.884232467151309320e-01
7.986488561693446675e-01 9.060730761255045840e-01 7.977523704311466624e-01 2.197359301080553384e-01 4.035081929499120812e-01 4.653038954512291325e-01 2.197484477870425557e-01
7.401365278290317207e-01 7.469846358058295221e-01 7.661480579140503844e-01 6.303156085623300431e-01 4.283490097692437271e-01 1.314498690129078107e-01 1.869083361332402327e-01
8.676573413895743991e-01 6.491473507577130153e-01 5.751230060833116831e-01 7.243699187959536934e-01 6.593619260860100750e-01 7.626882838810639109e-01 7.825207075916454924e-01
7.459073686682958781e-01 7.891977656430511079e-01 7.788831187916507304e-01 6.156202520402934697e-01 7.763161578419219833e-02 3.235736310471151178e-01 4.995858898243361601e-01
1.577375960494811491e-01 3.778456395760541042e-01 6.429622092133020494e-01 8.972185119055270386e-01 9.398918158871597539e-01 8.003748878153478241e-01 7.703359276265708822e-01
3.230596744154861644e-01 5.141737951197569156e-01 6.072301994778137590e-01 5.496702316386735676e-01 5.113545273617036147e-01 6.395938837992926063e-01 3.967357652941360668e-01
8.527844702020014322e-01 8.785639314625424134e-01 8.207994392369140080e-01 8.636365585510218379e-01 9.234769359438460556e-01 8.174514752152267638e-01 6.968437789963508600e-01
3.357481637842562594e-01 5.363040449367224571e-01 5.395742217736051449e-01 6.304332358705185824e-01 6.721027691830445683e-01 3.705145296060546323e-01 7.891650151234439470e-01
9.045007677938562418e-01 9.481090075307658793e-01 9.175737139341146875e-01 9.007049022328458276e-01 7.487818037460565179e-01 2.110673660991577438e-01 4.014536585631912069e-01
6.288203148691301481e-01 6.452292405118875696e-01 7.368802862575887236e-01 7.350749788391428563e-01 5.339848153364861183e-01 4.016639176392854949e-01 6.449017195511140832e-01
7.780004185144235862e-01 8.194380600269050019e-01 6.940107177373761038e-01 7.606707125953694471e-01 7.392743006815857276e-01 5.629967226372468714e-01 6.783425065821204747e-01
6.942783723732576240e-01 6.583999810875861280e-01 6.084756430747503275e-01 1.092120953902941255e-01 3.470270711325856294e-01 6.218569536044620677e-02 4.031617623643006243e-01
9.141716323053218352e-01 9.563735213569287685e-01 9.518588380744623656e-01 9.714266589383924178e-01 9.664724513335833933e-01 9.130452059472278226e-01 9.477762598303551833e-01
0.000000000000000000e+00 0.000000000000000000e+00 0.000000000000000000e+00 0.000000000000000000e+00 0.000000000000000000e+00 0.000000000000000000e+00 0.000000000000000000e+00
0.000000000000000000e+00 0.000000000000000000e+00 0.000000000000000000e+00 0.000000000000000000e+00 0.000000000000000000e+00 0.000000000000000000e+00 0.000000000000000000e+00
7.817032340160227077e-01 8.674063227373752794e-01 9.122841029742196906e-01 7.683193516672836010e-01 2.927068312361379987e-01 4.844056859865103482e-02 5.792395846765895362e-01
7.242179117526464927e-01 6.948077103283488709e-01 7.767473403722175984e-01 8.165246249809937629e-01 8.786768255624933799e-01 7.056067964750736277e-01 4.627181639431526827e-01
6.170172922937477988e-01 5.935430175857850932e-01 6.561748058428000796e-01 5.079053286380874610e-01 5.379558940110179543e-01 7.832985426033181042e-01 9.669412872088442024e-01
0.000000000000000000e+00 0.000000000000000000e+00 0.000000000000000000e+00 0.000000000000000000e+00 0.000000000000000000e+00 0.000000000000000000e+00 0.000000000000000000e+00
4.134484540106175832e-01 6.189486570783019337e-01 7.504051757705012538e-01 8.152820823752704449e-01 9.150206338878865697e-01 9.602884833900742212e-01 9.850533228647421202e-01
7.821583350626450937e-01 6.939604438992299507e-01 5.789364777819752117e-01 5.348611596170722571e-01 5.951736879269933223e-01 6.066052674274203804e-01 7.580466058964232534e-01
0.000000000000000000e+00 0.000000000000000000e+00 0.000000000000000000e+00 0.000000000000000000e+00 0.000000000000000000e+00 0.000000000000000000e+00 0.000000000000000000e+00
0.000000000000000000e+00 0.000000000000000000e+00 0.000000000000000000e+00 0.000000000000000000e+00 0.000000000000000000e+00 0.000000000000000000e+00 0.000000000000000000e+00
0.000000000000000000e+00 0.000000000000000000e+00 0.000000000000000000e+00 0.000000000000000000e+00 0.000000000000000000e+00 0.000000000000000000e+00 0.000000000000000000e+00
0.000000000000000000e+00 0.000000000000000000e+00 0.000000000000000000e+00 0.000000000000000000e+00 0.000000000000000000e+00 0.000000000000000000e+00 0.000000000000000000e+00
0.000000000000000000e+00 0.000000000000000000e+00 0.000000000000000000e+00 0.000000000000000000e+00 0.000000000000000000e+00 0.000000000000000000e+00 0.000000000000000000e+00
0.000000000000000000e+00 0.000000000000000000e+00 0.000000000000000000e+00 0.000000000000000000e+00 0.000000000000000000e+00 0.000000000000000000e+00 0.000000000000000000e+00
0.000000000000000000e+00 0.000000000000000000e+00 0.000000000000000000e+00 0.000000000000000000e+00 0.000000000000000000e+00 0.000000000000000000e+00 0.000000000000000000e+00
0.000000000000000000e+00 0.000000000000000000e+00 0.000000000000000000e+00 0.000000000000000000e+00 0.000000000000000000e+00 0.000000000000000000e+00 0.000000000000000000e+00
0.000000000000000000e+00 0.000000000000000000e+00 0.000000000000000000e+00 0.000000000000000000e+00 0.000000000000000000e+00 0.000000000000000000e+00 0.000000000000000000e+00
0.000000000000000000e+00 0.000000000000000000e+00 0.000000000000000000e+00 0.000000000000000000e+00 0.000000000000000000e+00 0.000000000000000000e+00 0.000000000000000000e+00
0.000000000000000000e+00 0.000000000000000000e+00 0.000000000000000000e+00 0.000000000000000000e+00 0.000000000000000000e+00 0.000000000000000000e+00 0.000000000000000000e+00
0.000000000000000000e+00 0.000000000000000000e+00 0.000000000000000000e+00 0.000000000000000000e+00 0.000000000000000000e+00 0.000000000000000000e+00 0.000000000000000000e+00
0.000000000000000000e+00 0.000000000000000000e+00 0.000000000000000000e+00 0.000000000000000000e+00 0.000000000000000000e+00 0.000000000000000000e+00 0.000000000000000000e+00
