1.800145777816122461e+01 8.251457778161224610e+00 3.000145777816122461e+01 5.000145777816122461e+01 2.800145777816122461e+01 3.360014577781612388e+02 3.375145777816122461e+01
1.040766479481720808e+01 8.407664794817208076e+00 3.157664794817208076e+00 3.441576647948172081e+02 3.491576647948172081e+02 3.566576647948172081e+02 1.657664794817208076e+00
6.899006449428128462e+00 4.899006449428128462e+00 1.649006449428128462e+00 3.581490064494281569e+02 3.914900644942812846e+01 4.839900644942812846e+01 1.789900644942812846e+01
1.841173637508711636e+01 1.816173637508711636e+01 1.866173637508711636e+01 2.116173637508711636e+01 2.341173637508711636e+01 8.161736375087116357e+00 8.911736375087116357e+00
1.673478785151240800e+01 1.723478785151240800e+01 1.898478785151240800e+01 2.823478785151240800e+01 4.098478785151240800e+01 3.357347878515124080e+02 3.474847878515124080e+02
1.370272515844749250e+01 1.070272515844749250e+01 5.952725158447492504e+00 3.202725158447492504e+00 9.527251584474925039e-01 3.529527251584474925e+02 1.245272515844749250e+01
2.297130904374614602e+01 2.197130904374614602e+01 1.972130904374614602e+01 2.047130904374614602e+01 4.622130904374614602e+01 4.172130904374614602e+01 3.622130904374614602e+01
4.250820956230137426e+01 3.950820956230137426e+01 3.500820956230137426e+01 2.225820956230137426e+01 1.100820956230137426e+01 2.025820956230137426e+01 3.650820956230137426e+01
0.000000000000000000e+00 0.000000000000000000e+00 0.000000000000000000e+00 0.000000000000000000e+00 0.000000000000000000e+00 0.000000000000000000e+00 0.000000000000000000e+00
1.353600494866495296e+01 1.228600494866495296e+01 9.786004948664952963e+00 1.228600494866495296e+01 5.228600494866495296e+01 3.903600494866495296e+01 1.803600494866495296e+01
3.754611750668152581e+01 3.429611750668152581e+01 3.229611750668152581e+01 2.929611750668152581e+01 1.104611750668152581e+01 3.279611750668152581e+01 5.529611750668152581e+01
3.034658709130178522e+01 3.984658709130178522e+01 2.709658709130178522e+01 3.318465870913017852e+02 3.558465870913017852e+02 2.134658709130178522e+01 3.330965870913017852e+02
3.883265271440103561e+01 3.658265271440103561e+01 2.758265271440103561e+01 3.478326527144010356e+02 3.305826527144010356e+02 3.463326527144010356e+02 8.326527144010356096e-01
0.000000000000000000e+00 0.000000000000000000e+00 0.000000000000000000e+00 0.000000000000000000e+00 0.000000000000000000e+00 0.000000000000000000e+00 0.000000000000000000e+00
3.529555501846358538e+02 3.527055501846358538e+02 3.529555501846358538e+02 3.527055501846358538e+02 3.539555501846358538e+02 3.572055501846358538e+02 1.205550184635825417e+00
0.000000000000000000e+00 0.000000000000000000e+00 0.000000000000000000e+00 0.000000000000000000e+00 0.000000000000000000e+00 0.000000000000000000e+00 0.000000000000000000e+00
0.000000000000000000e+00 0.000000000000000000e+00 0.000000000000000000e+00 0.000000000000000000e+00 0.000000000000000000e+00 0.000000000000000000e+00 0.000000000000000000e+00
0.000000000000000000e+00 0.000000000000000000e+00 0.000000000000000000e+00 0.000000000000000000e+00 0.000000000000000000e+00 0.000000000000000000e+00 0.000000000000000000e+00
0.000000000000000000e+00 0.000000000000000000e+00 0.000000000000000000e+00 0.000000000000000000e+00 0.000000000000000000e+00 0.000000000000000000e+00 0.000000000000000000e+00
0.000000000000000000e+00 0.000000000000000000e+00 0.000000000000000000e+00 0.000000000000000000e+00 0.000000000000000000e+00 0.000000000000000000e+00 0.000000000000000000e+00
3.451421518453963699e+01 3.126421518453963699e+01 3.551421518453963699e+01 3.001421518453963699e+01 1.351421518453963699e+01 2.826421518453963699e+01 1.501421518453963699e+01
6.854644239156641561e+00 6.104644239156641561e+00 9.604644239156641561e+00 1.085464423915664156e+01 9.104644239156641561e+00 2.986046442391566416e+02 3.428546442391566416e+02
3.594455503628395263e+02 3.524455503628395263e+02 3.371955503628395263e+02 3.289455503628395263e+02 3.339455503628395263e+02 3.411955503628395263e+02 3.559455503628395263e+02
1.031704070641171711e+01 1.131704070641171711e+01 1.106704070641171711e+01 7.317040706411717110e+00 3.585670407064117171e+02 3.563170407064117171e+02 3.817040706411717110e+00
3.440959720296298769e+02 3.375959720296298769e+02 3.590959720296298769e+02 2.159597202962987694e+01 4.509597202962987694e+01 4.484597202962987694e+01 1.059597202962987694e+01
9.714875030093992336e+00 4.714875030093992336e+00 3.322148750300939923e+02 3.324648750300939923e+02 3.474648750300939923e+02 4.464875030093992336e+00 3.544648750300939923e+02
3.534648734860198260e+02 3.562148734860198260e+02 3.529648734860198260e+02 3.439648734860198260e+02 3.492148734860198260e+02 2.046487348601982603e+01 4.371487348601982603e+01
0.000000000000000000e+00 0.000000000000000000e+00 0.000000000000000000e+00 0.000000000000000000e+00 0.000000000000000000e+00 0.000000000000000000e+00 0.000000000000000000e+00
1.519037159098797929e+01 1.169037159098797929e+01 4.440371590987979289e+00 6.903715909879792889e-01 3.569403715909879793e+02 3.559403715909879793e+02 3.584403715909879793e+02
1.566832017625208096e+01 3.918320176252080955e+00 3.209183201762521094e+02 2.956683201762521094e+02 2.959183201762521094e+02 5.941832017625210938e+01 4.866832017625210938e+01
3.462413461641453978e+02 3.504913461641453978e+02 3.587413461641453978e+02 9.241346164145397779e+00 7.413461641453977791e-01 1.149134616414539778e+01 3.597413461641453978e+02
5.943362690995016351e+00 9.193362690995016351e+00 4.193362690995016351e+00 3.381933626909950021e+02 3.501933626909950021e+02 1.694336269099501635e+01 4.433626909950163508e-01
0.000000000000000000e+00 0.000000000000000000e+00 0.000000000000000000e+00 0.000000000000000000e+00 0.000000000000000000e+00 0.000000000000000000e+00 0.000000000000000000e+00
9.698450103746154127e+00 1.069845010374615413e+01 3.769845010374615413e+01 1.644845010374615413e+01 3.594845010374615413e+01 3.319845010374615413e+01 1.244845010374615413e+01
3.597636560153975438e+02 1.763656015397543797e+00 3.510136560153975438e+02 3.292636560153975438e+02 3.355136560153975438e+02 3.397636560153975438e+02 5.326365601539754380e+01
1.754599890694609954e+01 2.079599890694612441e+01 1.754599890694609954e+01 1.554599890694609954e+01 1.604599890694609954e+01 2.654599890694612441e+01 4.779599890694612441e+01
3.339573274120073165e+02 3.439573274120073165e+02 3.427073274120073165e+02 3.437073274120073165e+02 3.537073274120073165e+02 6.707327412007288103e+00 3.594573274120073165e+02
2.451950065788707889e+01 2.076950065788707889e+01 2.051950065788707889e+01 1.001950065788707889e+01 3.582695006578870789e+02 3.676950065788707889e+01 5.826950065788707889e+01
3.552264194758344615e+02 3.226419475834461537e+00 2.976419475834461537e+00 3.292264194758344615e+02 2.889764194758344615e+02 2.892264194758344615e+02 3.976419475834461537e+00
