8.688842448475547764e-01 7.359755861413743716e-01 5.738001548723312695e-01 5.989382217364835892e-01 5.187983093474199947e-01 2.898692790468667679e-01 3.179754229107980557e-01
9.652037139897602369e-01 9.295821550509268949e-01 9.164965625606500410e-01 8.993307316311667243e-01 9.344787947073747159e-01 9.785899920387219897e-01 9.742235981330968908e-01
9.476560020140835094e-01 9.507482776207941688e-01 9.347893026954623430e-01 9.048476847010049617e-01 6.429690921649842128e-01 6.332327668601981374e-01 8.033938513523489755e-01
9.577862753346187974e-01 9.267474591075696155e-01 9.018040232906532339e-01 9.000280705536923831e-01 8.301419418899788072e-01 5.991287122957076328e-01 6.242184531427834582e-01
9.500267499299143159e-01 9.205386939043566086e-01 8.625123231936718815e-01 8.482805660473015097e-01 6.429333285096202610e-01 4.979203326847611022e-01 8.327283767443987017e-01
9.387055477984314056e-01 9.450658817096720954e-01 9.741494544848483539e-01 9.868922637540036291e-01 9.804293088490272368e-01 9.573756865558592510e-01 9.508056800593949198e-01
9.114982979153214426e-01 9.252637800278021851e-01 9.040488667705088854e-01 8.748860689958072312e-01 7.216617844339077159e-01 5.722555002618811004e-01 8.121491518573377144e-01
9.261074730179599257e-01 8.946200406755216994e-01 8.843701789524229806e-01 9.074685075900005282e-01 9.690423618328256605e-01 7.720244138559397840e-01 6.468292193335105633e-01
0.000000000000000000e+00 0.000000000000000000e+00 0.000000000000000000e+00 0.000000000000000000e+00 0.000000000000000000e+00 0.000000000000000000e+00 0.000000000000000000e+00
9.449302388157858612e-01 9.465465856337825779e-01 9.253319985605500397e-01 8.807580928823729449e-01 6.442747117549176838e-01 6.451361758591758200e-01 7.842325073996121443e-01
9.601499944308959922e-01 9.586878415627432259e-01 9.563616243213066692e-01 9.452185680524980427e-01 6.795228904885888266e-01 4.033317498113569433e-01 4.219033567856094735e-01
7.966001837688578835e-01 7.678403409340089913e-01 7.743227634520334357e-01 7.812544883446048694e-01 8.164934020957026473e-01 8.064998739031978836e-01 5.355103303279843407e-01
9.462545738325934819e-01 9.487412359928789618e-01 9.471982066951822876e-01 9.315711742834221765e-01 9.277059759307686448e-01 8.494504641572260262e-01 8.174014511214395817e-01
0.000000000000000000e+00 0.000000000000000000e+00 0.000000000000000000e+00 0.000000000000000000e+00 0.000000000000000000e+00 0.000000000000000000e+00 0.000000000000000000e+00
9.935652647688043571e-01 9.933589586476998523e-01 9.813657243816752418e-01 9.516195862243701509e-01 9.554178664132980670e-01 9.836695093051064376e-01 9.810402620835781962e-01
0.000000000000000000e+00 0.000000000000000000e+00 0.000000000000000000e+00 0.000000000000000000e+00 0.000000000000000000e+00 0.000000000000000000e+00 0.000000000000000000e+00
0.000000000000000000e+00 0.000000000000000000e+00 0.000000000000000000e+00 0.000000000000000000e+00 0.000000000000000000e+00 0.000000000000000000e+00 0.000000000000000000e+00
0.000000000000000000e+00 0.000000000000000000e+00 0.000000000000000000e+00 0.000000000000000000e+00 0.000000000000000000e+00 0.000000000000000000e+00 0.000000000000000000e+00
0.000000000000000000e+00 0.000000000000000000e+00 0.000000000000000000e+00 0.000000000000000000e+00 0.000000000000000000e+00 0.000000000000000000e+00 0.000000000000000000e+00
0.000000000000000000e+00 0.000000000000000000e+00 0.000000000000000000e+00 0.000000000000000000e+00 0.000000000000000000e+00 0.000000000000000000e+00 0.000000000000000000e+00
9.695528758249246648e-01 9.663212303411633508e-01 9.493079946687440485e-01 9.569928612135851775e-01 8.661227540393068303e-01 7.500486157979301405e-01 8.920442567032675907e-01
9.349782621460382970e-01 9.488950681684317212e-01 9.623279923227155974e-01 9.692504981366474315e-01 9.699455216750406672e-01 8.837424623581688898e-01 9.712826345871633515e-01
8.623026984037706066e-01 8.900371912476695568e-01 9.250750226314767843e-01 9.573019268796860715e-01 9.762583660528492135e-01 9.749278117213050487e-01 9.744084655985060239e-01
9.482350577418124926e-01 9.335421356686025574e-01 9.451401932568885833e-01 9.702229716746103572e-01 9.803225707824113622e-01 9.891838252101241569e-01 9.802784605688616981e-01
8.076326152741055697e-01 8.058456284590338470e-01 7.142450370789868996e-01 4.793892246119770273e-01 6.130774069754552080e-01 5.918166450263023792e-01 7.339650612736805524e-01
9.877216507722942351e-01 9.827098464115950893e-01 9.656688397220466458e-01 9.760691333308694206e-01 9.671293148544982676e-01 8.930183319683896448e-01 9.073432602338060704e-01
9.374243566815512185e-01 8.943176211887189364e-01 8.978538014315466942e-01 9.535031227094498130e-01 9.147208426649287016e-01 8.774330586060323789e-01 9.111109660617386918e-01
0.000000000000000000e+00 0.000000000000000000e+00 0.000000000000000000e+00 0.000000000000000000e+00 0.000000000000000000e+00 0.000000000000000000e+00 0.000000000000000000e+00
9.431059723697292618e-01 9.395562687993094242e-01 9.531202063356341014e-01 9.692052762914632469e-01 9.570895344743219901e-01 9.128971654655606560e-01 9.790371679680763828e-01
9.061675594701659175e-01 8.584571847024715652e-01 8.289044940712144705e-01 7.154464965969267176e-01 4.575046584716884190e-01 2.151655970193070977e-01 3.838741863331995297e-01
9.657754174531028024e-01 9.639825601904175034e-01 9.652859547005897545e-01 9.584950037380093324e-01 9.162980660642169317e-01 8.422728922534502560e-01 9.022349786260089877e-01
8.703782325884528159e-01 9.303278056052973755e-01 9.225855119768900936e-01 9.606504636183854640e-01 9.697478294668733234e-01 9.678159784878229699e-01 9.099262870793349833e-01
0.000000000000000000e+00 0.000000000000000000e+00 0.000000000000000000e+00 0.000000000000000000e+00 0.000000000000000000e+00 0.000000000000000000e+00 0.000000000000000000e+00
8.827294721318021953e-01 8.533957878737701286e-01 8.834461392427641613e-01 9.469960640979041555e-01 8.968065108956464471e-01 9.188768221373374567e-01 9.275187973613259196e-01
9.915089419553253514e-01 9.863744082122045675e-01 9.803644390484604898e-01 9.678907789921585847e-01 9.301901440690912848e-01 6.942170194248306059e-01 8.295431169197370336e-01
7.147006670036523124e-01 8.282057844601761198e-01 9.265240226644926302e-01 8.974620215170400206e-01 9.648225601450790556e-01 7.999206209916513988e-01 7.718080469676109612e-01
0.000000000000000000e+00 0.000000000000000000e+00 0.000000000000000000e+00 0.000000000000000000e+00 0.000000000000000000e+00 0.000000000000000000e+00 0.000000000000000000e+00
9.276038881537365111e-01 8.587126320149668368e-01 8.811812579782645205e-01 8.392397974307818087e-01 7.600087198128321342e-01 4.083664093209745660e-01 4.869038594947902587e-01
9.253753570599986267e-01 8.828512461042931081e-01 6.956825848776455601e-01 5.896286894895698127e-01 6.071812218201608768e-01 8.477407280050840432e-01 8.616043314352077598e-01
8.015403813143575640e-01 6.485466477970832644e-01 4.421837139215013535e-01 5.378213167531736838e-01 6.842437563382097743e-01 6.512630967897740097e-01 4.968497593426629000e-01
9.581463129862213268e-01 9.453919985935415049e-01 9.489122826857301352e-01 9.659139220410052351e-01 9.509736639198568264e-01 9.056428011492323460e-01 9.475661161875854610e-01
0.000000000000000000e+00 0.000000000000000000e+00 0.000000000000000000e+00 0.000000000000000000e+00 0.000000000000000000e+00 0.000000000000000000e+00 0.000000000000000000e+00
9.469647527605955517e-01 9.448255653574850754e-01 9.574367313607554664e-01 9.698921786917678034e-01 9.520471034798183574e-01 6.752542536728320943e-01 3.951091355760232293e-01
8.702175934733809015e-01 9.539388426834274348e-01 9.719967905788734486e-01 9.651580531555815634e-01 9.658661652835269784e-01 9.839359761202667309e-01 9.671872480947673045e-01
9.422455089025215669e-01 8.958973461788849457e-01 8.546699381696658548e-01 8.719250762703791846e-01 9.353305117562668025e-01 9.355172379371768931e-01 5.935403678741915101e-01
9.513623578524776914e-01 9.667178314731934563e-01 8.622142701589693425e-01 8.582627175984689494e-01 8.034842060743396797e-01 7.685563808713776757e-01 7.440168182400699326e-01
9.738017344692730948e-01 9.763983772351746415e-01 9.844470856547824500e-01 9.904600929889453287e-01 9.948508845733594619e-01 9.965845955811488688e-01 9.921729776811910595e-01
0.000000000000000000e+00 0.000000000000000000e+00 0.000000000000000000e+00 0.000000000000000000e+00 0.000000000000000000e+00 0.000000000000000000e+00 0.000000000000000000e+00
0.000000000000000000e+00 0.000000000000000000e+00 0.000000000000000000e+00 0.000000000000000000e+00 0.000000000000000000e+00 0.000000000000000000e+00 0.000000000000000000e+00
8.397684877464125508e-01 8.413770902468953317e-01 8.869584285058227380e-01 7.684885057632577787e-01 6.896782546550496162e-01 3.791223759709291818e-01 4.784170301584246832e-01
9.502341377523183530e-01 9.282292025036555927e-01 8.942585135001684948e-01 8.325851855364061471e-01 6.742415374834390684e-01 5.689768737248691588e-01 8.466034110120492784e-01
8.603904008431048078e-01 9.006112660606365727e-01 9.305883429395687134e-01 9.522662911439991884e-01 9.441891970578997206e-01 9.392093581456357754e-01 8.745663190046893964e-01
0.000000000000000000e+00 0.000000000000000000e+00 0.000000000000000000e+00 0.000000000000000000e+00 0.000000000000000000e+00 0.000000000000000000e+00 0.000000000000000000e+00
7.808121617737681097e-01 6.725837220217911749e-01 8.604357117213562445e-01 8.774829066113949416e-01 6.625292518516266993e-01 6.437939132226224714e-01 8.232550242604135260e-01
9.200247583412602959e-01 8.947242664369919884e-01 9.277069099001108432e-01 9.519898068687231429e-01 8.971347072886950436e-01 5.377403158534301841e-01 7.323219405025784834e-01
0.000000000000000000e+00 0.000000000000000000e+00 0.000000000000000000e+00 0.000000000000000000e+00 0.000000000000000000e+00 0.000000000000000000e+00 0.000000000000000000e+00
0.000000000000000000e+00 0.000000000000000000e+00 0.000000000000000000e+00 0.000000000000000000e+00 0.000000000000000000e+00 0.000000000000000000e+00 0.000000000000000000e+00
0.000000000000000000e+00 0.000000000000000000e+00 0.000000000000000000e+00 0.000000000000000000e+00 0.000000000000000000e+00 0.000000000000000000e+00 0.000000000000000000e+00
0.000000000000000000e+00 0.000000000000000000e+00 0.000000000000000000e+00 0.000000000000000000e+00 0.000000000000000000e+00 0.000000000000000000e+00 0.000000000000000000e+00
9.309393838558241985e-01 9.173209324664434172e-01 8.930403388644301277e-01 8.828074626197646158e-01 9.470100219100879846e-01 5.188909244836832357e-01 5.529453540436103376e-01
9.510938663452437325e-01 9.383612227056230548e-01 9.422256360646952267e-01 9.569398172136641678e-01 9.570603246882131154e-01 9.327425875102548503e-01 9.134921596345232375e-01
9.424300867649846314e-01 9.380247974868515248e-01 9.430369611481492775e-01 9.045815034842940028e-01 9.317395221658252291e-01 9.183570204473312515e-01 9.097323547066203941e-01
9.536220266089455722e-01 9.290573831636946833e-01 9.537393194874030922e-01 9.655602132559892858e-01 9.490497064063116994e-01 9.413624030912558505e-01 9.504928077576740852e-01
0.000000000000000000e+00 0.000000000000000000e+00 0.000000000000000000e+00 0.000000000000000000e+00 0.000000000000000000e+00 0.000000000000000000e+00 0.000000000000000000e+00
8.730546249940027703e-01 9.115638884285526267e-01 9.261321457092549503e-01 8.905177032485438460e-01 9.040057957019205226e-01 9.282494442911799482e-01 9.880621707070145199e-01
0.000000000000000000e+00 0.000000000000000000e+00 0.000000000000000000e+00 0.000000000000000000e+00 0.000000000000000000e+00 0.000000000000000000e+00 0.000000000000000000e+00
8.600344010447396048e-01 8.780386091066492149e-01 9.117166782938915803e-01 9.622931989808884978e-01 9.812894684090218700e-01 9.763164758473845684e-01 9.132440171556579500e-01
8.590636291336343211e-01 7.489261890240778152e-01 5.409564299086222494e-01 5.739980748619861739e-01 5.204162758338416461e-01 6.296605901863289168e-01 9.603933815812013552e-01
