8.603725127685615259e-01 8.230370844048640055e-01 7.515248887419624380e-01 4.733284487990541689e-01 5.973414659203997168e-01 3.391847088606732008e-01 3.973354658075370360e-01
8.602215560140776818e-01 9.174089068184047013e-01 9.387930865669552594e-01 9.526042641612539885e-01 8.810651725834893755e-01 7.333939639427944357e-01 4.663309186150772501e-01
8.193964006476174289e-01 7.996470726241127203e-01 4.674582106333809994e-01 5.261418066131698934e-01 7.082983619999759783e-01 8.110196835601859444e-01 9.437687265544395521e-01
8.209568065321112273e-01 8.352292534071060759e-01 8.850227959886579621e-01 8.112393382955744858e-01 6.360050459976839266e-01 5.172542896260562406e-01 3.300173340595985993e-01
8.816518541609222881e-01 9.220388067542089061e-01 9.501392032566118306e-01 8.882748494573383669e-01 9.340622427997297139e-01 8.280149674027406093e-01 4.208142191115778474e-01
9.254463996789333846e-01 9.057599732232155532e-01 9.028154787870719122e-01 8.404713467292836970e-01 7.180887928463220993e-01 8.491724110371645651e-01 8.917526983090574566e-01
8.375716748458270633e-01 8.471377523055454439e-01 8.558791407006653973e-01 8.854997293208463072e-01 8.951348226685250653e-01 8.701437643030237590e-01 8.366885372335060023e-01
7.894550416259391579e-01 8.736500794856787433e-01 8.403413614084057626e-01 7.903199267350830004e-01 6.088893847659406777e-01 7.054145800983793180e-01 8.666252549043442777e-01
0.000000000000000000e+00 0.000000000000000000e+00 0.000000000000000000e+00 0.000000000000000000e+00 0.000000000000000000e+00 0.000000000000000000e+00 0.000000000000000000e+00
9.025111969232433307e-01 8.874052438467697757e-01 6.542127002844139172e-01 7.466644015679463342e-01 8.733164857685973281e-01 8.767367970494264195e-01 9.515332867794705773e-01
7.218283685950837025e-01 8.456016308235820844e-01 7.503631844029763354e-01 6.295139969792599155e-01 2.206765553631589716e-01 2.068155145802592909e-01 3.473484326063199235e-01
3.385753549302492615e-01 5.463183649065958547e-02 2.214069275748501153e-01 1.701556751524370692e-01 3.156435948917452050e-01 2.587111222321013537e-01 3.959200746382901537e-01
8.687655342481277465e-01 8.920358272411188505e-01 8.970917604220377539e-01 9.439345477243525906e-01 8.970197501146000008e-01 8.413904494483842589e-01 9.513167024824810136e-01
0.000000000000000000e+00 0.000000000000000000e+00 0.000000000000000000e+00 0.000000000000000000e+00 0.000000000000000000e+00 0.000000000000000000e+00 0.000000000000000000e+00
7.300755148228306179e-01 8.355379076984111864e-01 8.880248703471302907e-01 9.598017844154016487e-01 9.659214766767143523e-01 9.593815455347441956e-01 9.628158166095174275e-01
0.000000000000000000e+00 0.000000000000000000e+00 0.000000000000000000e+00 0.000000000000000000e+00 0.000000000000000000e+00 0.000000000000000000e+00 0.000000000000000000e+00
0.000000000000000000e+00 0.000000000000000000e+00 0.000000000000000000e+00 0.000000000000000000e+00 0.000000000000000000e+00 0.000000000000000000e+00 0.000000000000000000e+00
0.000000000000000000e+00 0.000000000000000000e+00 0.000000000000000000e+00 0.000000000000000000e+00 0.000000000000000000e+00 0.000000000000000000e+00 0.000000000000000000e+00
0.000000000000000000e+00 0.000000000000000000e+00 0.000000000000000000e+00 0.000000000000000000e+00 0.000000000000000000e+00 0.000000000000000000e+00 0.000000000000000000e+00
0.000000000000000000e+00 0.000000000000000000e+00 0.000000000000000000e+00 0.000000000000000000e+00 0.000000000000000000e+00 0.000000000000000000e+00 0.000000000000000000e+00
7.421867780557173111e-01 7.975402740894201870e-01 5.650825234227758731e-01 6.607545685357716359e-01 5.860495539860373082e-01 7.565629692139067553e-01 7.004813434864796129e-01
7.559120261827547704e-01 8.681138597588962114e-01 8.769138326969735386e-01 9.429442253436551846e-01 9.673882114631119356e-01 9.521411584407156736e-01 8.979308184495814471e-01
9.254598187296126932e-01 9.231162494938802698e-01 8.385217913272140500e-01 7.560892809205131959e-01 8.822179513343567647e-01 9.131785811917636497e-01 9.552468189960735545e-01
9.446456460992030957e-01 8.699249097836232458e-01 9.329745670423398307e-01 8.096770590309646520e-01 8.369299515912084209e-01 8.854529959446622023e-01 9.034835166364156844e-01
8.990552064617541861e-01 8.817309686710995686e-01 7.457299654431659430e-01 7.370652349255619740e-01 8.257867658774036279e-01 8.514432868245592756e-01 7.343324372826773860e-01
7.253198749520761712e-01 9.026875806852545647e-01 9.615584679170038340e-01 9.616955706360496015e-01 9.227068079896191266e-01 7.987714857860076512e-01 6.362205301714454198e-01
7.158085064310943935e-01 8.413397888461477958e-01 7.847579257132908381e-01 6.935221431446053630e-01 8.981527740176167285e-01 9.669365168378205588e-01 9.543653482764272722e-01
0.000000000000000000e+00 0.000000000000000000e+00 0.000000000000000000e+00 0.000000000000000000e+00 0.000000000000000000e+00 0.000000000000000000e+00 0.000000000000000000e+00
9.282919768057257270e-01 8.927071175457709229e-01 8.620448655592160003e-01 6.700064351486820780e-01 8.390946514208517115e-01 7.288416290387966789e-01 6.630063115912947502e-01
3.080002779036924432e-01 3.947668524235038445e-01 7.237375907213193793e-01 6.462683029447583438e-01 4.792000412301196666e-01 1.966918996791149898e-01 4.988898954607200453e-01
9.270020820996179856e-01 9.271112653867100706e-01 8.407270775141422181e-01 8.208877853905990341e-01 7.970826267174122570e-01 8.238990010651923157e-01 8.938930282314661024e-01
9.497190931762969912e-01 9.474927602995837361e-01 9.271640346303237079e-01 8.062882849416525000e-01 7.517626331208976387e-01 8.065513480080552799e-01 8.377527918678151497e-01
0.000000000000000000e+00 0.000000000000000000e+00 0.000000000000000000e+00 0.000000000000000000e+00 0.000000000000000000e+00 0.000000000000000000e+00 0.000000000000000000e+00
7.592176115930564517e-01 8.764581899026707701e-01 9.410153465404271778e-01 9.589288234538166922e-01 9.786180106979841531e-01 9.887528623773329528e-01 9.886089244390889874e-01
8.603515778214204657e-01 9.019525822003034987e-01 8.750801533531515908e-01 7.660951285991952631e-01 8.557481400455084763e-01 9.041075239544751341e-01 8.490315268565892248e-01
6.232719161066031521e-01 6.993378730446850877e-01 7.021288223963841890e-01 5.167246650547352438e-01 4.711217421915335768e-01 3.100129553321014364e-01 2.232740243457392304e-01
7.589751843897334371e-01 5.362057422732227074e-01 5.145593500486068672e-01 6.192299995991092931e-01 7.403227942921731808e-01 6.886471549251158564e-01 8.196561244318689710e-01
7.896281678439991403e-01 7.926348131670282182e-01 8.036194691243390142e-01 5.715502022761619338e-01 1.526882904007897945e-01 1.379944826066000774e-01 4.941351770189472137e-01
4.660820216620931711e-01 5.638951106599093821e-01 4.786803041575623530e-01 5.529147317920317661e-01 7.303043562194910798e-01 8.837906424645385339e-01 9.418476344494581820e-01
