7.119692394805129387e-01 7.309203977043678968e-01 7.180832493274635908e-01 4.942434318842527929e-01 5.331006348881734969e-01 4.033306161119707411e-01 1.600351810780835660e-01
8.617788054797748121e-01 8.316177922547427492e-01 9.144995501417902961e-01 9.244496307288508907e-01 9.310793362506601945e-01 8.825578148842145865e-01 8.964254407262283175e-01
7.873824660144683740e-01 7.481031167281394501e-01 5.597420962714126924e-01 7.668043835339264369e-01 8.954926297096004184e-01 9.084659599096727156e-01 9.519494412751562384e-01
6.378391353344915471e-01 7.676362549152182524e-01 8.722464339518765097e-01 8.903078607344532269e-01 8.189803090730568558e-01 5.416314507655474175e-01 2.605349714071994449e-01
4.769434519708279918e-01 8.381932025659104557e-01 8.417910944349519253e-01 8.616862481114907490e-01 8.827421310456001757e-01 6.076978493683937721e-01 3.179134341649917372e-01
9.533968446880811687e-01 8.653085724626630171e-01 8.826604035031198059e-01 9.468305484158476837e-01 8.851096740467195856e-01 7.174596808034877649e-01 6.311605909002520054e-01
6.832003343240836690e-01 7.832113555444979447e-01 8.462642551835591886e-01 8.481987193564977101e-01 8.641132909953336272e-01 8.608783211788505474e-01 8.385862371737047294e-01
7.484408110801727965e-01 8.323032658558777719e-01 7.853524212391207460e-01 7.854043309432365838e-01 6.956568360120172212e-01 3.968769379504470396e-01 8.394834939424973275e-01
0.000000000000000000e+00 0.000000000000000000e+00 0.000000000000000000e+00 0.000000000000000000e+00 0.000000000000000000e+00 0.000000000000000000e+00 0.000000000000000000e+00
8.458324134186491206e-01 8.730148474163159644e-01 7.083971408775072698e-01 8.442734698340585986e-01 9.314154925732386348e-01 9.464626667813803573e-01 9.599200183585744339e-01
5.907389976743735449e-01 4.556237367861861731e-01 3.005247905254601060e-01 3.397026187659429319e-01 4.658361129304860460e-01 2.996177754100266544e-01 1.536737655969128424e-01
3.118056564565794830e-01 3.524929731092272811e-01 4.557177379941225737e-01 2.504583685910600210e-01 1.159489423101270483e-01 3.519330798090197221e-01 3.993983602973344427e-01
6.654566348252307639e-01 6.206797599589105596e-01 6.473778525393574235e-01 7.352746563434021665e-01 7.876483747165494709e-01 8.958695259784777987e-01 9.398750706386754805e-01
0.000000000000000000e+00 0.000000000000000000e+00 0.000000000000000000e+00 0.000000000000000000e+00 0.000000000000000000e+00 0.000000000000000000e+00 0.000000000000000000e+00
5.039034886786190048e-01 6.418492230507748530e-01 8.915161560829383269e-01 9.323722008241105419e-01 9.454638896939674408e-01 9.490411451063357484e-01 9.585994484244004799e-01
0.000000000000000000e+00 0.000000000000000000e+00 0.000000000000000000e+00 0.000000000000000000e+00 0.000000000000000000e+00 0.000000000000000000e+00 0.000000000000000000e+00
0.000000000000000000e+00 0.000000000000000000e+00 0.000000000000000000e+00 0.000000000000000000e+00 0.000000000000000000e+00 0.000000000000000000e+00 0.000000000000000000e+00
0.000000000000000000e+00 0.000000000000000000e+00 0.000000000000000000e+00 0.000000000000000000e+00 0.000000000000000000e+00 0.000000000000000000e+00 0.000000000000000000e+00
0.000000000000000000e+00 0.000000000000000000e+00 0.000000000000000000e+00 0.000000000000000000e+00 0.000000000000000000e+00 0.000000000000000000e+00 0.000000000000000000e+00
0.000000000000000000e+00 0.000000000000000000e+00 0.000000000000000000e+00 0.000000000000000000e+00 0.000000000000000000e+00 0.000000000000000000e+00 0.000000000000000000e+00
6.761975759720620927e-01 7.211531978606542381e-01 6.112774965431145846e-01 5.088297493830423734e-01 3.222858179174746818e-01 3.254774636435161517e-01 6.503753997261173536e-01
7.884455080114775027e-01 7.842956867302625090e-01 7.860076285000464624e-01 9.161975336236820588e-01 9.602276819157574694e-01 9.456406064234341713e-01 8.606886998969440761e-01
8.625213314822328670e-01 8.863447089862487305e-01 9.200907497855663753e-01 9.433068130079859115e-01 9.665868522072706970e-01 9.255372543608296754e-01 8.576518916137522153e-01
9.120961676664132156e-01 8.879184438554675873e-01 9.365248844020925834e-01 9.312971393564498657e-01 9.606004347783645425e-01 8.019714064603296055e-01 7.459207547522616055e-01
7.408939738279015641e-01 8.419088993875842863e-01 8.255697198863367614e-01 8.958749808485066968e-01 9.154115060245696656e-01 9.281432051921618687e-01 9.106210624202327741e-01
8.466550439300056796e-01 7.633360143197519543e-01 7.188386465632442546e-01 8.220797046569753297e-01 8.783796649551552926e-01 8.734152319832573230e-01 8.293258526791880136e-01
7.275314156621606188e-01 7.641485919467910781e-01 7.485530716296836529e-01 9.157424139057689372e-01 9.806427143676641478e-01 9.886749405437129656e-01 9.854328987264324713e-01
0.000000000000000000e+00 0.000000000000000000e+00 0.000000000000000000e+00 0.000000000000000000e+00 0.000000000000000000e+00 0.000000000000000000e+00 0.000000000000000000e+00
8.184259998345639886e-01 7.505316186935622191e-01 7.143809695122823600e-01 6.937466809888113151e-01 8.410205248893605212e-01 7.772351129789670798e-01 7.024359097106166461e-01
2.556104558069854371e-01 1.374794076214702898e-01 2.412943985666327618e-01 2.350357420517261986e-01 2.109812970378691366e-01 3.502486421344057632e-01 5.699673530716189429e-01
4.556314007942501298e-01 3.809468926721653603e-01 8.415703905747246028e-01 6.558554804046520248e-01 5.169304103406977546e-01 7.394005637179307255e-01 5.902869456286610195e-01
8.479300678275358827e-01 9.061959958724901121e-01 9.118469188670895731e-01 8.383721398186354534e-01 7.949406427296419331e-01 8.237353271423425438e-01 6.111609035636699216e-01
0.000000000000000000e+00 0.000000000000000000e+00 0.000000000000000000e+00 0.000000000000000000e+00 0.000000000000000000e+00 0.000000000000000000e+00 0.000000000000000000e+00
8.315004887812246226e-01 9.425960248925161489e-01 9.516826095832539023e-01 9.361732786433923925e-01 9.653602455462017007e-01 9.763584668657777632e-01 9.860722226119051914e-01
8.595381528763939016e-01 8.365582849567104740e-01 8.752372754465542748e-01 7.280985611350889730e-01 7.264781105257557270e-01 9.007840524065813259e-01 8.806044087597824088e-01
9.202577529927482569e-01 9.201682566612127134e-01 8.563466333336522407e-01 7.152204635736567617e-01 8.893629907691753544e-01 8.761555986539013574e-01 8.789073911047070586e-01
8.097913324994500117e-01 5.857535744590044446e-01 6.356657522831703488e-01 7.262600120673744497e-01 8.471631002163684254e-01 8.360966861480053636e-01 9.090445017552585272e-01
6.245888486876000067e-01 5.866572621803904930e-01 6.198758306881426705e-01 6.897264349202905098e-01 2.951918554488761615e-01 1.317586224708268694e-01 4.479544255710707357e-01
4.960578165538615525e-01 5.468441654809711450e-01 6.468307145749737641e-01 7.632182747442008974e-01 8.928383836565247922e-01 8.439049073503849252e-01 9.366964078760375845e-01
4.266783254968806727e-01 2.576590382584796335e-01 3.159527785504665509e-01 2.564974716785738407e-01 2.378218051928071008e-01 4.536535374935999343e-01 6.466111023015228554e-01
7.169295381205094131e-01 7.961240674713696563e-01 7.933854263732651457e-01 7.812390674659078771e-01 6.572588160726131612e-01 5.169318627993044757e-01 8.113853548156061413e-01
0.000000000000000000e+00 0.000000000000000000e+00 0.000000000000000000e+00 0.000000000000000000e+00 0.000000000000000000e+00 0.000000000000000000e+00 0.000000000000000000e+00
8.549188768004311045e-01 7.173090142048641482e-01 6.871335671776188647e-01 8.291772757215186695e-01 7.968403466713940286e-01 5.030045922920362012e-01 4.586450348226258078e-01
8.470183197360885430e-01 8.890683101375669306e-01 5.863516842151597075e-01 4.881084449253559332e-01 7.829451111903186211e-01 7.310956838236600808e-01 8.250467784793532600e-01
4.544817612106033522e-01 6.221022249831936746e-01 5.213783036369887824e-01 5.269612935253420449e-01 5.678219691077853737e-01 6.709216447284666041e-01 7.862867729569964492e-01
3.239702840838900033e-01 5.409972061804085852e-01 7.054420145504208817e-01 7.333191539248180568e-01 1.247914008505746353e-01 4.575341556933663900e-02 1.596041312421310476e-01
8.752644227660650866e-01 9.423528355842049065e-01 9.434797555973375438e-01 9.004737716963255867e-01 9.024497781831530840e-01 8.778288749020678461e-01 8.654107403382728103e-01
0.000000000000000000e+00 0.000000000000000000e+00 0.000000000000000000e+00 0.000000000000000000e+00 0.000000000000000000e+00 0.000000000000000000e+00 0.000000000000000000e+00
0.000000000000000000e+00 0.000000000000000000e+00 0.000000000000000000e+00 0.000000000000000000e+00 0.000000000000000000e+00 0.000000000000000000e+00 0.000000000000000000e+00
7.413406775971418394e-01 5.548285588933358214e-01 5.453154801705356602e-01 6.233910310324787263e-01 3.534885732346264020e-01 2.097385172669362641e-01 4.094175642691768591e-01
6.289084821154978799e-01 6.489011964810879052e-01 7.232416507076897538e-01 6.535205630331671900e-01 7.425323138576117588e-01 4.867975049663489928e-01 3.931783548331450051e-01
6.532751152227951330e-01 6.829834833180695730e-01 5.866821282466768706e-01 4.890146123536141531e-01 8.026853573070639181e-01 8.513785756598739596e-01 8.273758432734693580e-01
0.000000000000000000e+00 0.000000000000000000e+00 0.000000000000000000e+00 0.000000000000000000e+00 0.000000000000000000e+00 0.000000000000000000e+00 0.000000000000000000e+00
3.653184416982509508e-01 7.088164834474033338e-01 8.857909892319665301e-01 9.166842617977426499e-01 7.724734344340801195e-01 9.514926697246637310e-01 9.830055144389778787e-01
7.061512621117550514e-01 7.577474164579809379e-01 6.946341638962436615e-01 7.176187719406830201e-01 7.194998477131945291e-01 7.710482499481741137e-01 7.991427082795048431e-01
0.000000000000000000e+00 0.000000000000000000e+00 0.000000000000000000e+00 0.000000000000000000e+00 0.000000000000000000e+00 0.000000000000000000e+00 0.000000000000000000e+00
0.000000000000000000e+00 0.000000000000000000e+00 0.000000000000000000e+00 0.000000000000000000e+00 0.000000000000000000e+00 0.000000000000000000e+00 0.000000000000000000e+00
0.000000000000000000e+00 0.000000000000000000e+00 0.000000000000000000e+00 0.000000000000000000e+00 0.000000000000000000e+00 0.000000000000000000e+00 0.000000000000000000e+00
0.000000000000000000e+00 0.000000000000000000e+00 0.000000000000000000e+00 0.000000000000000000e+00 0.000000000000000000e+00 0.000000000000000000e+00 0.000000000000000000e+00
5.897740831327484834e-01 5.268779240756026327e-01 6.794212715246964462e-01 8.037883195460108210e-01 7.411125600334963481e-01 2.246417845500184585e-01 2.071895838469227924e-01
6.601277152258645531e-01 7.545742507202162219e-01 9.050649803710930641e-01 9.362323887955277257e-01 8.887918518193868023e-01 8.550202364529340127e-01 7.954030971214030021e-01
7.880066470851855298e-01 8.535407146294874403e-01 8.326672182356906760e-01 8.844164158220884087e-01 9.152989035484219160e-01 4.685008921883158650e-01 3.175004903165543624e-01
5.678106799431352769e-01 6.627354943474931259e-01 8.702497146638435987e-01 8.110072813019498783e-01 6.835876766060761112e-01 5.929879519017133838e-01 4.274569723812353672e-01
0.000000000000000000e+00 0.000000000000000000e+00 0.000000000000000000e+00 0.000000000000000000e+00 0.000000000000000000e+00 0.000000000000000000e+00 0.000000000000000000e+00
8.126702588620078327e-01 7.805090654140138806e-01 7.139506577593967007e-01 5.070882178173610200e-01 4.427293694574627181e-01 7.446436460253877954e-01 9.107382821604665946e-01
0.000000000000000000e+00 0.000000000000000000e+00 0.000000000000000000e+00 0.000000000000000000e+00 0.000000000000000000e+00 0.000000000000000000e+00 0.000000000000000000e+00
7.188566728637934000e-01 7.966472886505185924e-01 9.352765986479290028e-01 9.381845854525897588e-01 9.341833305101708840e-01 8.648188387813725564e-01 7.247054047282760481e-01
7.191843938495765531e-01 8.286780795402950428e-01 7.479846893660936358e-01 7.037338780890739498e-01 2.745021401542754869e-01 2.419385679117805332e-01 7.696964116705130587e-01
