8.297301814025715982e-01 8.461947422653240958e-01 5.798502078695131345e-01 7.780098042138561265e-01 4.231346438788956554e-01 3.062223345202952918e-01 3.614226057999358477e-01
9.831668984205890194e-01 9.594027169517206355e-01 9.560082145223171013e-01 9.223784539226208556e-01 9.563123286754192653e-01 9.683610076001070155e-01 9.818847474943562803e-01
9.435613304614683949e-01 9.349329651212626713e-01 9.033396939243723001e-01 7.467300016031098719e-01 7.172258150929041731e-01 8.230803956660189824e-01 7.640370901619721877e-01
9.687908653510302059e-01 9.514342434694262884e-01 9.289532828876624349e-01 9.062162927734455087e-01 8.592022109619326109e-01 8.232957422714382023e-01 8.082224552934089701e-01
8.770882424986893300e-01 8.876730440081600504e-01 8.643189604153239669e-01 7.986659696040113721e-01 6.709499718404654534e-01 3.513727862738734165e-01 7.395902606069097995e-01
8.724704533649834115e-01 9.402985895826643237e-01 9.674606852275113855e-01 9.827485420813906192e-01 9.829420476432125797e-01 9.684926692224834488e-01 9.387027265612274407e-01
9.494495451282231047e-01 9.641067885176167751e-01 9.490059647787021380e-01 7.780072199040911629e-01 6.727869109736047681e-01 5.368069905160562927e-01 8.341299272830584588e-01
9.532815356902306636e-01 9.286046873719959738e-01 9.335577635903322680e-01 9.157836264071317345e-01 8.753198419820805709e-01 6.551431127299911505e-01 5.011514497182734118e-01
0.000000000000000000e+00 0.000000000000000000e+00 0.000000000000000000e+00 0.000000000000000000e+00 0.000000000000000000e+00 0.000000000000000000e+00 0.000000000000000000e+00
9.275349084322567217e-01 9.127448598489091847e-01 8.587296346400361546e-01 7.721701889572755162e-01 7.800566003917468461e-01 7.800270356332058563e-01 6.854789467279820414e-01
9.734190727573315272e-01 9.776205125757566616e-01 9.671895509350662001e-01 9.045486614064994768e-01 5.673410539848240397e-01 3.525368919575425086e-01 4.223613287309928022e-01
7.981972445963955165e-01 8.282852725717678721e-01 8.002223988251320197e-01 7.876155080884377213e-01 7.815378398248877811e-01 6.680954403812761067e-01 2.331410593696801592e-01
9.340959061873229663e-01 9.328546159478733335e-01 9.540618697915140833e-01 9.281656896877436003e-01 9.568604338701858225e-01 8.413437606237048616e-01 8.370706512788299580e-01
0.000000000000000000e+00 0.000000000000000000e+00 0.000000000000000000e+00 0.000000000000000000e+00 0.000000000000000000e+00 0.000000000000000000e+00 0.000000000000000000e+00
9.903656419440682868e-01 9.904358497599012878e-01 9.861258908013610380e-01 9.858443596598720493e-01 9.936445994835787499e-01 9.938105468212894422e-01 9.956453296206687620e-01
0.000000000000000000e+00 0.000000000000000000e+00 0.000000000000000000e+00 0.000000000000000000e+00 0.000000000000000000e+00 0.000000000000000000e+00 0.000000000000000000e+00
0.000000000000000000e+00 0.000000000000000000e+00 0.000000000000000000e+00 0.000000000000000000e+00 0.000000000000000000e+00 0.000000000000000000e+00 0.000000000000000000e+00
0.000000000000000000e+00 0.000000000000000000e+00 0.000000000000000000e+00 0.000000000000000000e+00 0.000000000000000000e+00 0.000000000000000000e+00 0.000000000000000000e+00
0.000000000000000000e+00 0.000000000000000000e+00 0.000000000000000000e+00 0.000000000000000000e+00 0.000000000000000000e+00 0.000000000000000000e+00 0.000000000000000000e+00
0.000000000000000000e+00 0.000000000000000000e+00 0.000000000000000000e+00 0.000000000000000000e+00 0.000000000000000000e+00 0.000000000000000000e+00 0.000000000000000000e+00
9.797488272733988479e-01 9.676988541681471601e-01 8.988918837196662182e-01 8.373933911329796143e-01 7.793275194356272806e-01 6.687185637680393979e-01 6.748957099638589474e-01
9.291650552546885100e-01 9.477233765393393572e-01 9.594917649014202965e-01 9.643381967106694486e-01 9.704341630777644223e-01 8.479745672254157540e-01 9.621462542142974472e-01
8.827516620208759601e-01 9.129412077674793347e-01 9.376829782573270489e-01 9.644681707498252710e-01 9.821361025975536840e-01 9.813318434984036331e-01 9.738115000175741054e-01
9.565902650417194009e-01 9.487805785296745675e-01 9.633564194866587327e-01 9.782480185989358423e-01 9.890874630599914008e-01 9.883310646663500121e-01 9.897506541742880914e-01
8.093393894489001594e-01 5.365923024209602321e-01 4.884635765611396452e-01 5.326430877608899772e-01 5.773221094965527156e-01 6.803871773068075335e-01 7.463369424683000686e-01
9.927417513653151726e-01 9.808173966805198152e-01 9.609113562097446604e-01 9.698037179597176483e-01 9.721531118022112006e-01 8.388449649715935541e-01 9.026705170439933701e-01
9.042504875248381646e-01 9.314658829254310879e-01 9.381246175958175559e-01 9.336757845533752986e-01 8.062252991909285571e-01 8.750691315309975238e-01 9.284621319286447960e-01
0.000000000000000000e+00 0.000000000000000000e+00 0.000000000000000000e+00 0.000000000000000000e+00 0.000000000000000000e+00 0.000000000000000000e+00 0.000000000000000000e+00
8.899585138842389664e-01 9.260589733126251000e-01 9.566648731509868053e-01 9.750589436062973014e-01 9.622262170458227848e-01 9.113201804873614087e-01 9.654771346781281238e-01
9.285638397064844840e-01 9.230791485354605808e-01 6.533942734094720928e-01 7.008695176343877620e-01 4.727781167273746310e-01 7.484269966725058953e-01 3.763644839264100317e-01
9.880363641904748029e-01 9.898163688056152987e-01 9.860680580638269133e-01 9.791152789572006299e-01 9.281510814487919925e-01 6.860292889729023846e-01 8.542043040645989072e-01
8.589373498938676077e-01 8.904071709736796070e-01 8.762650623202635769e-01 9.039997658443280626e-01 9.548173625883012994e-01 9.633818739872860304e-01 8.649744913637723576e-01
0.000000000000000000e+00 0.000000000000000000e+00 0.000000000000000000e+00 0.000000000000000000e+00 0.000000000000000000e+00 0.000000000000000000e+00 0.000000000000000000e+00
8.785157218916990196e-01 8.185113339191556481e-01 5.861331289137565737e-01 6.768015208059001697e-01 6.762380177760149991e-01 6.650349239348112285e-01 7.729420837961309410e-01
9.944109575179719274e-01 9.898450852880713580e-01 9.850502610116683710e-01 9.887880578784665753e-01 9.804708479040707969e-01 8.475378008802905150e-01 9.128654715680758480e-01
5.309582635887162283e-01 5.895602953801721835e-01 7.439519459369603460e-01 7.162209166415428596e-01 8.857807698181959788e-01 9.172112810669786898e-01 7.657447618705403025e-01
9.201129141194867023e-01 8.915297605474961085e-01 9.120526151566922257e-01 9.264504886952544815e-01 9.728847431486633557e-01 9.415400616517600740e-01 9.431668181463592759e-01
9.017642144185404884e-01 8.811455519467266129e-01 9.023108004211503053e-01 8.778735220679739770e-01 5.575539490158121225e-01 3.831295390984043037e-01 4.445302221169123436e-01
7.747204465351176239e-01 6.788360936524592271e-01 5.409043910785853448e-01 4.328868678884450483e-01 2.772714371918041376e-01 5.664547767891759955e-01 8.120340111484388723e-01
7.580557467656111603e-01 7.012494828901877364e-01 6.187874251839242667e-01 6.171646301724467154e-01 6.212349914210412161e-01 5.960710127439404760e-01 3.201012997581043629e-01
9.425195964059588372e-01 9.467794915302050196e-01 9.547805310314894101e-01 9.589128574924116188e-01 9.718764387229716917e-01 9.847979828264726843e-01 9.836859594217133296e-01
0.000000000000000000e+00 0.000000000000000000e+00 0.000000000000000000e+00 0.000000000000000000e+00 0.000000000000000000e+00 0.000000000000000000e+00 0.000000000000000000e+00
9.033393374251114105e-01 9.407848820886152152e-01 9.572908935117946383e-01 9.432799964336653353e-01 8.700543910259999070e-01 1.493519860789251641e-01 2.053300250513324376e-01
8.926879124166404722e-01 9.652718800584019210e-01 9.830180407765948258e-01 9.784295319409135328e-01 9.864570866327230236e-01 9.820854734093517058e-01 9.748548884193057873e-01
9.824225251153267946e-01 9.545855423298788001e-01 9.020537801099575148e-01 9.157527179935484041e-01 9.114398236754671645e-01 8.025629975417502004e-01 4.919183594536863380e-01
9.407905082652373574e-01 9.569595339457293015e-01 9.725096647447846188e-01 8.859012989775016944e-01 7.970618214840247129e-01 8.293777176644642202e-01 8.271605397270561655e-01
9.896306265258181245e-01 9.903970121516268987e-01 9.902810804097350594e-01 9.946838001515545535e-01 9.972688223911224670e-01 9.962951738078890118e-01 9.951130493130668775e-01
0.000000000000000000e+00 0.000000000000000000e+00 0.000000000000000000e+00 0.000000000000000000e+00 0.000000000000000000e+00 0.000000000000000000e+00 0.000000000000000000e+00
0.000000000000000000e+00 0.000000000000000000e+00 0.000000000000000000e+00 0.000000000000000000e+00 0.000000000000000000e+00 0.000000000000000000e+00 0.000000000000000000e+00
8.723454812939940295e-01 8.265212994176709405e-01 9.064483049698945916e-01 8.733482315252127925e-01 4.647847890647779923e-01 3.769856797466302201e-01 4.476735094972615903e-01
9.477953683357582815e-01 9.639012611231343453e-01 9.519959231823723611e-01 8.445446444910403860e-01 6.018250822656802113e-01 4.627331972843853336e-01 8.050657416283292234e-01
8.529490120476321824e-01 8.944877313463042157e-01 8.515056349674490210e-01 8.748529513925785706e-01 9.490172768281905924e-01 9.542317621367926161e-01 8.864246863574538615e-01
0.000000000000000000e+00 0.000000000000000000e+00 0.000000000000000000e+00 0.000000000000000000e+00 0.000000000000000000e+00 0.000000000000000000e+00 0.000000000000000000e+00
7.383487247978105517e-01 6.398804952537819890e-01 8.729927949708307100e-01 9.194104396920800282e-01 8.915807542271881880e-01 8.781619390479277198e-01 8.836736851674011906e-01
9.678646405932590513e-01 9.716825953201162491e-01 9.859593082443509626e-01 9.745272685403996160e-01 9.407316752566763363e-01 7.539449662909754046e-01 8.832977698112768339e-01
0.000000000000000000e+00 0.000000000000000000e+00 0.000000000000000000e+00 0.000000000000000000e+00 0.000000000000000000e+00 0.000000000000000000e+00 0.000000000000000000e+00
0.000000000000000000e+00 0.000000000000000000e+00 0.000000000000000000e+00 0.000000000000000000e+00 0.000000000000000000e+00 0.000000000000000000e+00 0.000000000000000000e+00
0.000000000000000000e+00 0.000000000000000000e+00 0.000000000000000000e+00 0.000000000000000000e+00 0.000000000000000000e+00 0.000000000000000000e+00 0.000000000000000000e+00
0.000000000000000000e+00 0.000000000000000000e+00 0.000000000000000000e+00 0.000000000000000000e+00 0.000000000000000000e+00 0.000000000000000000e+00 0.000000000000000000e+00
9.235598457030604891e-01 9.158681093496547909e-01 9.073436495983734362e-01 8.442692292870466186e-01 9.108773135317977943e-01 4.860394967391445942e-01 5.139126985302129302e-01
9.338987193099613782e-01 9.746281062870626455e-01 9.765330265422027534e-01 9.231252055521497191e-01 7.238013702719909848e-01 5.746734645434874444e-01 5.921490846511041628e-01
9.542107488961105721e-01 9.524863175489464151e-01 9.647423173104492378e-01 9.527727236777753239e-01 9.315792708161191316e-01 9.205775793938641982e-01 9.100756535416801851e-01
9.735240084489138468e-01 9.646935378475053335e-01 9.605045034633985512e-01 9.132286023400900676e-01 8.584909069251868141e-01 9.111010331955364805e-01 9.057017477898944291e-01
0.000000000000000000e+00 0.000000000000000000e+00 0.000000000000000000e+00 0.000000000000000000e+00 0.000000000000000000e+00 0.000000000000000000e+00 0.000000000000000000e+00
8.878293577284853688e-01 8.422750245288237458e-01 8.144804340209437221e-01 7.696486718104180724e-01 7.338718080709690783e-01 9.255085740929203109e-01 9.880684108096305929e-01
0.000000000000000000e+00 0.000000000000000000e+00 0.000000000000000000e+00 0.000000000000000000e+00 0.000000000000000000e+00 0.000000000000000000e+00 0.000000000000000000e+00
9.711501067736243442e-01 9.795748804591926095e-01 9.794040326520244699e-01 9.900689536249070999e-01 9.955145064862461757e-01 9.819631631382810255e-01 9.557550879172670433e-01
9.038776968168353854e-01 8.369166115892116009e-01 8.242906095515363241e-01 8.132059346963879110e-01 5.141131556745571762e-01 5.297927484282041188e-01 9.678597660826507854e-01
