3.562883887872256992e+02 3.405383887872256992e+02 3.262883887872256992e+02 5.038388787225713372e+00 4.478838878722571337e+01 5.053838878722571337e+01 5.778838878722571337e+01
4.579403336197174212e+00 4.579403336197174212e+00 1.579403336197174212e+00 3.513294033361971742e+02 3.483294033361971742e+02 5.794033361971742124e-01 3.573294033361971742e+02
4.227818049251141019e+00 1.397781804925114102e+01 2.622781804925114102e+01 3.397781804925114102e+01 5.072781804925114102e+01 1.772781804925114102e+01 3.464778180492511410e+02
2.593247712108791347e+01 2.468247712108791347e+01 1.943247712108791347e+01 1.343247712108791347e+01 1.668247712108791347e+01 1.293247712108791347e+01 1.824771210879134742e-01
1.775028592575461062e+01 1.475028592575461062e+01 8.750285925754610616e+00 5.000285925754610616e+00 2.175028592575461062e+01 5.250028592575461062e+01 3.552502859257546106e+02
3.528985271505742958e+02 3.538985271505742958e+02 3.548985271505742958e+02 3.536485271505742958e+02 3.511485271505742958e+02 3.546485271505742958e+02 1.614852715057429577e+01
3.112524532134693800e+01 2.037524532134693800e+01 1.137524532134693800e+01 1.512524532134693800e+01 3.512524532134693800e+01 5.762524532134693800e+01 3.431252453213469380e+02
2.014137433392562571e+01 1.814137433392562571e+01 1.689137433392562571e+01 1.539137433392562571e+01 2.039137433392562571e+01 3.814137433392562571e+01 4.414137433392562571e+01
0.000000000000000000e+00 0.000000000000000000e+00 0.000000000000000000e+00 0.000000000000000000e+00 0.000000000000000000e+00 0.000000000000000000e+00 0.000000000000000000e+00
5.618233620435603370e+00 1.186823362043560337e+01 1.786823362043560337e+01 1.661823362043560337e+01 4.036823362043560337e+01 2.286823362043560337e+01 3.488682336204356034e+02
2.648433197626593483e+01 3.098433197626593483e+01 3.273433197626593483e+01 2.998433197626593483e+01 4.173433197626593483e+01 7.098433197626593483e+01 7.073433197626593483e+01
2.523649054552765847e+01 3.023649054552765847e+01 1.848649054552765847e+01 2.986490545527658469e+00 1.098649054552765847e+01 3.589864905455276585e+02 5.773649054552765847e+01
2.746036013883053784e+01 2.496036013883053784e+01 4.460360138830537835e+00 3.537103601388305378e+02 6.960360138830537835e+00 1.246036013883053784e+01 3.960360138830537835e+00
0.000000000000000000e+00 0.000000000000000000e+00 0.000000000000000000e+00 0.000000000000000000e+00 0.000000000000000000e+00 0.000000000000000000e+00 0.000000000000000000e+00
3.549706873793737714e+02 3.562206873793737714e+02 3.579706873793737714e+02 3.597206873793737714e+02 3.567206873793737714e+02 3.554706873793737714e+02 3.572206873793737714e+02
0.000000000000000000e+00 0.000000000000000000e+00 0.000000000000000000e+00 0.000000000000000000e+00 0.000000000000000000e+00 0.000000000000000000e+00 0.000000000000000000e+00
0.000000000000000000e+00 0.000000000000000000e+00 0.000000000000000000e+00 0.000000000000000000e+00 0.000000000000000000e+00 0.000000000000000000e+00 0.000000000000000000e+00
0.000000000000000000e+00 0.000000000000000000e+00 0.000000000000000000e+00 0.000000000000000000e+00 0.000000000000000000e+00 0.000000000000000000e+00 0.000000000000000000e+00
0.000000000000000000e+00 0.000000000000000000e+00 0.000000000000000000e+00 0.000000000000000000e+00 0.000000000000000000e+00 0.000000000000000000e+00 0.000000000000000000e+00
0.000000000000000000e+00 0.000000000000000000e+00 0.000000000000000000e+00 0.000000000000000000e+00 0.000000000000000000e+00 0.000000000000000000e+00 0.000000000000000000e+00
1.746801885496222440e+01 2.171801885496222440e+01 3.421801885496222440e+01 3.396801885496222440e+01 4.271801885496222440e+01 5.246801885496222440e+01 2.421801885496222440e+01
7.961724285381592381e+00 5.961724285381592381e+00 7.961724285381592381e+00 1.221172428538159238e+01 1.421172428538159238e+01 1.596172428538159238e+01 7.117242853815923809e-01
3.595506328478116984e+02 9.050632847811698412e+00 2.050632847811698412e+00 3.050632847811698412e+00 4.800632847811698412e+00 2.050632847811698412e+00 8.006328478116984115e-01
4.473179016628932914e+00 3.557231790166289329e+02 3.497231790166289329e+02 3.527231790166289329e+02 3.587231790166289329e+02 3.589731790166289329e+02 3.559731790166289329e+02
3.485064550100699989e+02 3.350064550100699989e+02 3.232564550100699989e+02 3.255064550100699989e+02 3.327564550100699989e+02 3.480064550100699989e+02 3.567564550100699989e+02
2.431466597311668920e-01 3.243146659731166892e+00 5.743146659731166892e+00 3.579931466597311669e+02 3.552431466597311669e+02 3.577431466597311669e+02 4.931466597311668920e-01
3.248104686294137764e+02 3.385604686294137764e+02 3.440604686294137764e+02 3.428104686294137764e+02 3.503104686294137764e+02 3.385604686294137764e+02 3.250604686294137764e+02
0.000000000000000000e+00 0.000000000000000000e+00 0.000000000000000000e+00 0.000000000000000000e+00 0.000000000000000000e+00 0.000000000000000000e+00 0.000000000000000000e+00
3.575509749614082011e+02 3.550509749614082011e+02 3.553009749614082011e+02 3.495509749614082011e+02 3.408009749614082011e+02 3.455509749614082011e+02 3.593009749614082011e+02
3.465998254628749464e+02 3.513498254628749464e+02 3.609982546287493221e+01 5.759982546287494642e+01 6.184982546287494642e+01 2.099825462874932214e+00 2.998498254628749464e+02
1.918734596825402150e+00 3.918734596825402150e+00 1.918734596825402150e+00 3.536687345968254021e+02 3.454187345968254021e+02 1.966873459682540215e+01 6.418734596825402150e+00
3.560994728435964021e+02 3.578494728435964021e+02 4.349472843596387861e+00 3.590994728435964021e+02 3.538494728435964021e+02 3.550994728435964021e+02 3.563494728435964021e+02
0.000000000000000000e+00 0.000000000000000000e+00 0.000000000000000000e+00 0.000000000000000000e+00 0.000000000000000000e+00 0.000000000000000000e+00 0.000000000000000000e+00
7.392949051760695056e+00 3.333929490517606951e+02 2.921429490517606951e+02 2.926429490517606951e+02 3.303929490517606951e+02 2.664294905176069506e+01 2.089294905176069506e+01
3.590254202307389733e+02 5.254202307389448379e-01 1.525420230738944838e+00 2.275420230738944838e+00 2.275420230738944838e+00 3.492754202307389733e+02 3.462754202307389733e+02
3.885386355370741285e+01 4.260386355370741285e+01 2.660386355370741285e+01 2.385386355370741285e+01 6.603863553707398637e+00 3.548538635537074128e+02 1.103863553707398637e+00
3.696695808519314141e+01 2.996695808519314141e+01 3.519669580851931414e+02 3.482169580851931414e+02 3.537169580851931414e+02 2.966958085193141414e+00 3.592169580851931414e+02
2.229723452287367991e+01 2.229723452287367991e+01 2.679723452287367991e+01 1.479723452287367991e+01 3.654723452287367991e+01 6.579723452287367991e+01 7.129723452287367991e+01
2.257435041558773037e+01 2.782435041558773037e+01 1.132435041558773037e+01 2.915743504155877304e+02 3.065743504155877304e+02 3.318243504155877304e+02 3.350743504155877304e+02
1.432181174241634380e+01 3.243218117424163438e+02 3.070718117424163438e+02 3.083218117424163438e+02 3.033218117424163438e+02 2.985718117424163438e+02 3.245718117424163438e+02
3.453308607940683714e+02 3.495808607940683714e+02 3.538308607940683714e+02 3.543308607940683714e+02 3.555808607940683714e+02 3.585808607940683714e+02 3.575808607940683714e+02
0.000000000000000000e+00 0.000000000000000000e+00 0.000000000000000000e+00 0.000000000000000000e+00 0.000000000000000000e+00 0.000000000000000000e+00 0.000000000000000000e+00
2.137793780657943898e+00 1.387793780657943898e+00 3.598877937806579439e+02 1.377937806579438984e-01 1.763779378065794390e+01 5.788779378065794390e+01 1.993877937806579439e+02
3.519664157003225000e+02 5.216415700322471594e+00 3.559664157003225000e+02 3.452164157003225000e+02 3.592164157003225000e+02 1.246641570032247159e+01 3.552164157003225000e+02
3.544842345687773104e+02 3.554842345687773104e+02 8.234234568777310415e+00 5.484234568777310415e+00 3.554842345687773104e+02 3.574842345687773104e+02 3.594842345687773104e+02
3.408241642627514238e+02 3.455741642627514238e+02 5.574164262751423848e+00 3.282416426275142385e+01 3.282416426275142385e+01 3.293241642627514238e+02 3.205741642627514238e+02
2.493439360537081484e+00 3.743439360537081484e+00 4.993439360537081484e+00 1.493439360537081484e+00 3.592434393605370815e+02 3.592434393605370815e+02 3.582434393605370815e+02
0.000000000000000000e+00 0.000000000000000000e+00 0.000000000000000000e+00 0.000000000000000000e+00 0.000000000000000000e+00 0.000000000000000000e+00 0.000000000000000000e+00
0.000000000000000000e+00 0.000000000000000000e+00 0.000000000000000000e+00 0.000000000000000000e+00 0.000000000000000000e+00 0.000000000000000000e+00 0.000000000000000000e+00
2.323477799741539229e+01 3.023477799741539229e+01 2.773477799741539229e+01 1.248477799741539229e+01 4.473477799741539229e+01 7.323477799741539229e+01 7.173477799741539229e+01
3.075818512172406827e+01 2.800818512172406827e+01 2.225818512172406827e+01 1.000818512172406827e+01 1.625818512172406827e+01 6.975818512172406827e+01 3.510081851217240683e+02
1.901807344656748455e+01 3.051807344656748455e+01 4.351807344656748455e+01 3.301807344656748455e+01 2.326807344656748455e+01 2.451807344656748455e+01 3.001807344656748455e+01
0.000000000000000000e+00 0.000000000000000000e+00 0.000000000000000000e+00 0.000000000000000000e+00 0.000000000000000000e+00 0.000000000000000000e+00 0.000000000000000000e+00
4.439256505224477678e+01 3.964256505224477678e+01 3.664256505224477678e+01 2.764256505224477678e+01 2.539256505224477678e+01 2.689256505224477678e+01 1.189256505224477678e+01
3.573263532961869373e+02 3.580763532961869373e+02 3.326353296186937314e+00 3.593263532961869373e+02 3.458263532961869373e+02 3.498263532961869373e+02 1.857635329618693731e+01
0.000000000000000000e+00 0.000000000000000000e+00 0.000000000000000000e+00 0.000000000000000000e+00 0.000000000000000000e+00 0.000000000000000000e+00 0.000000000000000000e+00
0.000000000000000000e+00 0.000000000000000000e+00 0.000000000000000000e+00 0.000000000000000000e+00 0.000000000000000000e+00 0.000000000000000000e+00 0.000000000000000000e+00
0.000000000000000000e+00 0.000000000000000000e+00 0.000000000000000000e+00 0.000000000000000000e+00 0.000000000000000000e+00 0.000000000000000000e+00 0.000000000000000000e+00
0.000000000000000000e+00 0.000000000000000000e+00 0.000000000000000000e+00 0.000000000000000000e+00 0.000000000000000000e+00 0.000000000000000000e+00 0.000000000000000000e+00
2.755906383168428420e+01 3.080906383168428420e+01 2.780906383168428420e+01 2.830906383168428420e+01 1.505906383168428420e+01 5.905906383168428420e+01 4.955906383168428420e+01
3.574729081115313534e+02 3.564729081115313534e+02 3.532229081115313534e+02 3.504729081115313534e+02 3.439729081115313534e+02 7.222908111531353370e+00 8.722908111531353370e+00
1.037091188925217011e+00 3.550370911889252170e+02 3.517870911889252170e+02 3.545370911889252170e+02 3.537870911889252170e+02 3.572870911889252170e+02 3.560370911889252170e+02
3.562875249552141668e+02 3.542875249552141668e+02 3.520375249552141668e+02 3.455375249552141668e+02 2.875249552141383447e-01 1.028752495521413834e+01 5.537524955214138345e+00
0.000000000000000000e+00 0.000000000000000000e+00 0.000000000000000000e+00 0.000000000000000000e+00 0.000000000000000000e+00 0.000000000000000000e+00 0.000000000000000000e+00
2.319829293769839751e+01 3.551982929376983975e+02 6.698292937698397509e+00 7.698292937698397509e+00 3.536982929376983975e+02 3.464482929376983975e+02 3.521982929376983975e+02
0.000000000000000000e+00 0.000000000000000000e+00 0.000000000000000000e+00 0.000000000000000000e+00 0.000000000000000000e+00 0.000000000000000000e+00 0.000000000000000000e+00
2.072448021441283572e+01 1.722448021441283572e+01 9.974480214412835721e+00 5.724480214412835721e+00 8.224480214412835721e+00 9.974480214412835721e+00 1.974480214412835721e+00
3.760623054400741694e+01 2.335623054400741694e+01 6.356230544007416938e+00 2.910623054400741694e+01 5.660623054400741694e+01 3.860623054400741694e+01 7.356230544007416938e+00
