7.167597403167165204e-01 7.967602208129593855e-01 3.451688421478550373e-01 5.175810183453799507e-01 7.339779799105234925e-01 5.969819225125789774e-01 6.974143188023450290e-02
8.388280561302529081e-01 8.923425774933030352e-01 8.982320786288747749e-01 8.535359191515250465e-01 7.153194060997355441e-01 5.956907926609725790e-01 6.447834501466955803e-01
7.730471300865267015e-01 5.306452898473510427e-01 6.321574522819606301e-01 7.672851214708026335e-01 9.023501204299394507e-01 9.454755281577433834e-01 9.614882884831537080e-01
9.310268015679391551e-01 9.556263743021253809e-01 9.237494243376064285e-01 8.214463036807999607e-01 8.310239108968359156e-01 7.197419669988129876e-01 5.288099890542203863e-01
9.724040007802381425e-01 9.726717580768093896e-01 9.445226772707638885e-01 8.607883084121750183e-01 8.164710826629796303e-01 8.432965361918020042e-01 7.341971711181182192e-01
9.432349666692159129e-01 8.712001452029919379e-01 9.028681559588831451e-01 8.949004984691867337e-01 8.525114087827829756e-01 7.146724530390817787e-01 5.009301674245386637e-01
8.878635427758899690e-01 8.532561032938539292e-01 9.070612891925359245e-01 8.892147061225392779e-01 8.844291788104582386e-01 8.800889610906409422e-01 6.902895188835591611e-01
5.379183551547916942e-01 8.460713674894032588e-01 7.886872006462406492e-01 8.132852519266485780e-01 6.937511103245939115e-01 3.067698493763115208e-01 8.190512770870275183e-01
0.000000000000000000e+00 0.000000000000000000e+00 0.000000000000000000e+00 0.000000000000000000e+00 0.000000000000000000e+00 0.000000000000000000e+00 0.000000000000000000e+00
8.898404056552097208e-01 8.129008801097874493e-01 8.440250982914920819e-01 8.651755005607303373e-01 9.444978165405290005e-01 9.598656061194026368e-01 9.697607229307076970e-01
4.503645956432578146e-01 7.979539837255952284e-01 7.000071649943586660e-01 6.478399016308591385e-01 5.871267240282754818e-01 3.230560259724316041e-01 4.555604697004830284e-01
3.521763829344605468e-02 1.000248256778307060e-01 3.331922193150178013e-01 4.296193682774295808e-01 4.095403300870659180e-01 1.793792633062535058e-01 7.187366834565536156e-01
7.858332798944781539e-01 8.875776840269609114e-01 9.171527799072602960e-01 9.373332279262468480e-01 9.249194020441846575e-01 8.082405489819838307e-01 9.257473116943194524e-01
0.000000000000000000e+00 0.000000000000000000e+00 0.000000000000000000e+00 0.000000000000000000e+00 0.000000000000000000e+00 0.000000000000000000e+00 0.000000000000000000e+00
8.956863675863154794e-01 9.284226384836797852e-01 9.452417349004935687e-01 9.274683843571637221e-01 9.624026738054566321e-01 9.760364022937053630e-01 9.578490299700899158e-01
0.000000000000000000e+00 0.000000000000000000e+00 0.000000000000000000e+00 0.000000000000000000e+00 0.000000000000000000e+00 0.000000000000000000e+00 0.000000000000000000e+00
0.000000000000000000e+00 0.000000000000000000e+00 0.000000000000000000e+00 0.000000000000000000e+00 0.000000000000000000e+00 0.000000000000000000e+00 0.000000000000000000e+00
0.000000000000000000e+00 0.000000000000000000e+00 0.000000000000000000e+00 0.000000000000000000e+00 0.000000000000000000e+00 0.000000000000000000e+00 0.000000000000000000e+00
0.000000000000000000e+00 0.000000000000000000e+00 0.000000000000000000e+00 0.000000000000000000e+00 0.000000000000000000e+00 0.000000000000000000e+00 0.000000000000000000e+00
0.000000000000000000e+00 0.000000000000000000e+00 0.000000000000000000e+00 0.000000000000000000e+00 0.000000000000000000e+00 0.000000000000000000e+00 0.000000000000000000e+00
3.572563533491728838e-01 7.160151711659664686e-01 6.119720915210478118e-01 5.420702893264162103e-01 5.293108847234692105e-01 6.239238490146290506e-01 6.782637380973723928e-01
8.286929605792685560e-01 8.593885385353858819e-01 7.291562910104347761e-01 8.037117503192989787e-01 8.586317987942696517e-01 7.983115705232352033e-01 5.532445395078456896e-01
9.042218091031325455e-01 8.359117323817114587e-01 8.597769508804062877e-01 8.966223908362704886e-01 8.400189885571790471e-01 6.433200800530006758e-01 8.205163577755740789e-01
8.809640222196528647e-01 9.318547778798610404e-01 9.506782192567569956e-01 9.694588986753432946e-01 9.588093107260547976e-01 7.278203164650561829e-01 5.625198497944583487e-01
6.355010985128568546e-01 9.004633149436155337e-01 8.862778013627534701e-01 8.398330714977927380e-01 8.159269667723291208e-01 7.459443454634684390e-01 8.795382208903266275e-01
9.163762570820126463e-01 9.447087882358917721e-01 9.462862067961897994e-01 8.978226588142622644e-01 7.335562979412337814e-01 5.525217289711819024e-01 3.490687780047635469e-01
9.218102129119201127e-01 8.922084620471877336e-01 9.163003989562570339e-01 8.860877481349526130e-01 9.833425710656976682e-01 9.795586904284248053e-01 9.340149823118473194e-01
0.000000000000000000e+00 0.000000000000000000e+00 0.000000000000000000e+00 0.000000000000000000e+00 0.000000000000000000e+00 0.000000000000000000e+00 0.000000000000000000e+00
9.484650002039712868e-01 9.478977218475224120e-01 8.550394886807942685e-01 8.475700600988339550e-01 9.007373809766355821e-01 8.122845479635523169e-01 7.913311074800301048e-01
5.344823870249824083e-01 1.868610099761678633e-01 5.098751943251536023e-01 6.082589618756918393e-01 5.050897013448600870e-01 5.567823965792023655e-01 7.353124229661852640e-01
8.806917957780155959e-01 9.144823323360313783e-01 8.764678988465557374e-01 8.044214766659774085e-01 6.887166826198801717e-01 6.118690848858397979e-01 8.062572086672369354e-01
7.679565676534751972e-01 7.983428866955634140e-01 5.968593461640212539e-01 4.936151516287779484e-01 6.245103148300763518e-01 6.415533661740714377e-01 4.966531825230521835e-01
0.000000000000000000e+00 0.000000000000000000e+00 0.000000000000000000e+00 0.000000000000000000e+00 0.000000000000000000e+00 0.000000000000000000e+00 0.000000000000000000e+00
8.975183579784514754e-01 9.255588392838532963e-01 9.632237859653821621e-01 9.637264620267218529e-01 9.723153508637102371e-01 9.761015286350976927e-01 9.787150341737969050e-01
9.008155164389991532e-01 9.588601298058572198e-01 9.373471091814664646e-01 8.969662571959475805e-01 9.062861580034509146e-01 9.168195197197086532e-01 9.044587771656441566e-01
8.412502406557245127e-01 7.407937775048971663e-01 6.708874549019058220e-01 5.682885560818106141e-01 2.597396059664034973e-01 2.439163729638473832e-01 4.740958138215032314e-01
6.500302260698666013e-01 6.184425356325304879e-01 5.477929078394169204e-01 7.778823974822451914e-01 8.488038009838569931e-01 8.508096977591422805e-01 9.114209066302181306e-01
6.245911028289401479e-01 8.206520846706738537e-01 8.001438445660529197e-01 7.468681707354953847e-01 3.136737529459702190e-01 1.593020832813034915e-01 3.493381183934516909e-01
6.602413464786852648e-01 5.511223318277173044e-01 6.312077509592030067e-01 6.849463324947023812e-01 6.442131575368940100e-01 6.902561328610281599e-01 7.922301119764462163e-01
1.800088782867802772e-01 8.482967296876643692e-02 8.631189524314004935e-02 2.237217041388752103e-01 1.966267163321955558e-01 1.972232224900603570e-01 8.248553147180405498e-02
9.526476537518181464e-01 9.708798168767291958e-01 9.588949573037859331e-01 9.380450269782698580e-01 8.197764510678344774e-01 6.752661595967237584e-01 7.197030974771310152e-01
0.000000000000000000e+00 0.000000000000000000e+00 0.000000000000000000e+00 0.000000000000000000e+00 0.000000000000000000e+00 0.000000000000000000e+00 0.000000000000000000e+00
9.466833451136269506e-01 9.494479657321748256e-01 9.054433671664714467e-01 7.830760619029801806e-01 6.249108777903172873e-01 4.146474763279290321e-01 5.421397137079483342e-01
4.434695567230573232e-01 5.375323083518518397e-01 3.593475063547691972e-01 5.563046493686084615e-01 1.235887196917419828e-01 1.197444407393237903e-01 1.967671267552659753e-01
5.278859511494273793e-01 4.073776869603968342e-01 4.382024352133264689e-01 2.571820734635626993e-01 5.232588550246239922e-01 3.914941653654686604e-01 4.367321655720398654e-01
5.913748275760374318e-01 4.343013972415569190e-01 5.459881387146400256e-01 5.954203096570339637e-01 6.117730481477293702e-01 3.789811376913592711e-01 1.638647760146230148e-01
8.781767908148454538e-01 8.392637435721257422e-01 9.311140169978683323e-01 8.581979448691280377e-01 6.841692999413996334e-01 8.068261585649457723e-01 8.741196094906203973e-01
0.000000000000000000e+00 0.000000000000000000e+00 0.000000000000000000e+00 0.000000000000000000e+00 0.000000000000000000e+00 0.000000000000000000e+00 0.000000000000000000e+00
0.000000000000000000e+00 0.000000000000000000e+00 0.000000000000000000e+00 0.000000000000000000e+00 0.000000000000000000e+00 0.000000000000000000e+00 0.000000000000000000e+00
7.002648374266188247e-01 8.454157840067864083e-01 8.861328656666507264e-01 8.123519991502822224e-01 4.157444318250950177e-01 2.018262657499334811e-01 5.227489589724821917e-01
8.463684641761654026e-01 8.979668258086244137e-01 7.745431842178178705e-01 7.145348308059092934e-01 8.384116499222747931e-01 5.570373976785741865e-01 8.618995191924001542e-01
6.385342467434634850e-01 5.192317509879421644e-01 5.935982101181563886e-01 4.851370493957130603e-01 5.286402391368604237e-01 7.107918848492695840e-01 5.672627229352635858e-01
0.000000000000000000e+00 0.000000000000000000e+00 0.000000000000000000e+00 0.000000000000000000e+00 0.000000000000000000e+00 0.000000000000000000e+00 0.000000000000000000e+00
6.795826677272820415e-01 8.558826584195591280e-01 7.708805063221847442e-01 6.230713847086716273e-01 5.624263759559460230e-01 3.030432670652165594e-01 3.942617618255110368e-01
5.732857303257519188e-01 5.438070914928193611e-01 7.266194001628336618e-01 5.646538186395544390e-01 2.955377919681003163e-01 2.890561041845125523e-01 4.478669574378923435e-01
0.000000000000000000e+00 0.000000000000000000e+00 0.000000000000000000e+00 0.000000000000000000e+00 0.000000000000000000e+00 0.000000000000000000e+00 0.000000000000000000e+00
0.000000000000000000e+00 0.000000000000000000e+00 0.000000000000000000e+00 0.000000000000000000e+00 0.000000000000000000e+00 0.000000000000000000e+00 0.000000000000000000e+00
0.000000000000000000e+00 0.000000000000000000e+00 0.000000000000000000e+00 0.000000000000000000e+00 0.000000000000000000e+00 0.000000000000000000e+00 0.000000000000000000e+00
0.000000000000000000e+00 0.000000000000000000e+00 0.000000000000000000e+00 0.000000000000000000e+00 0.000000000000000000e+00 0.000000000000000000e+00 0.000000000000000000e+00
7.218301782281100198e-01 7.015281037265342912e-01 8.663052357487281974e-01 8.515841947088069741e-01 7.517133772694557514e-01 5.557582642044751609e-01 2.077094616115596759e-01
2.447474746580696192e-01 1.120907372426190735e-01 6.875815042626796103e-01 5.828947112323237256e-01 5.952718487680574988e-01 6.677773533353607016e-01 5.787096755330018993e-01
9.215136211801490118e-01 9.312260850312567007e-01 9.216255174080936197e-01 9.078203765730914476e-01 7.055822239856153200e-01 5.405325551125050865e-01 3.152001538619415011e-01
8.249934540995187415e-01 8.561336616294324964e-01 8.650106488127219384e-01 8.547395796917350852e-01 6.430018246162454432e-01 3.514781318967275525e-01 3.296911111035911723e-01
0.000000000000000000e+00 0.000000000000000000e+00 0.000000000000000000e+00 0.000000000000000000e+00 0.000000000000000000e+00 0.000000000000000000e+00 0.000000000000000000e+00
5.543955643151826651e-01 6.466442991426852860e-01 6.639653764461559415e-01 7.901343977398459506e-01 8.823878717449710196e-01 9.302896098539663594e-01 8.619661236465953058e-01
0.000000000000000000e+00 0.000000000000000000e+00 0.000000000000000000e+00 0.000000000000000000e+00 0.000000000000000000e+00 0.000000000000000000e+00 0.000000000000000000e+00
9.183880341136898551e-01 9.451201771801486240e-01 9.457783429930844976e-01 9.598677664029940937e-01 9.515415438380893098e-01 9.050665686504998364e-01 5.318945836695869733e-01
8.274864162013885194e-01 8.585069559391687033e-01 6.727937786362279127e-01 5.275279337167290139e-01 5.783539652849951640e-01 5.737568644377110116e-01 5.113484402539653084e-01
