6.288388787225699161e+00 1.178838878722569916e+01 5.038388787225699161e+00 9.703838878722569916e+01 7.878838878722569916e+01 4.903838878722569916e+01 2.978838878722569916e+01
3.385794033361971742e+02 8.294033361971742124e-01 1.082940333619717421e+01 9.079403336197174212e+00 3.588294033361971742e+02 8.294033361971742124e-01 4.579403336197174212e+00
3.382278180492511410e+02 3.579778180492511410e+02 3.514778180492511410e+02 3.559778180492511410e+02 3.522278180492511410e+02 3.547278180492511410e+02 3.572278180492511410e+02
3.293247712108791347e+01 1.793247712108791347e+01 1.824771210879134742e-01 3.584324771210879135e+02 1.618247712108791347e+01 2.143247712108791347e+01 3.256824771210879135e+02
3.225028592575461062e+01 2.150028592575461062e+01 5.750285925754610616e+00 2.250285925754610616e+00 3.567502859257546106e+02 3.535002859257546106e+02 3.237502859257546106e+02
1.314852715057429577e+01 2.898527150574295774e+00 1.898527150574295774e+00 3.985271505742957743e-01 3.648527150574295774e+00 1.489852715057429577e+01 1.514852715057429577e+01
2.662524532134693800e+01 1.687524532134693800e+01 2.087524532134693800e+01 2.112524532134693800e+01 1.612524532134693800e+01 1.862524532134693800e+01 3.331252453213469380e+02
2.089137433392562571e+01 3.064137433392562571e+01 1.189137433392562571e+01 2.064137433392562571e+01 2.089137433392562571e+01 3.064137433392562571e+01 1.039137433392562571e+01
0.000000000000000000e+00 0.000000000000000000e+00 0.000000000000000000e+00 0.000000000000000000e+00 0.000000000000000000e+00 0.000000000000000000e+00 0.000000000000000000e+00
6.182336204356033704e-01 3.306182336204356034e+02 3.138682336204356034e+02 3.341182336204356034e+02 3.481182336204356034e+02 3.541182336204356034e+02 3.573682336204356034e+02
2.173433197626593483e+01 2.798433197626593483e+01 2.298433197626593483e+01 5.123433197626593483e+01 5.298433197626593483e+01 1.523433197626593483e+01 3.469843319762659348e+02
1.479864905455276585e+02 2.267364905455276585e+02 1.552364905455276585e+02 1.312364905455276585e+02 7.148649054552765847e+01 5.486490545527658469e+00 1.912364905455276585e+02
3.021036013883053784e+01 3.671036013883053784e+01 3.596036013883053784e+01 3.521036013883053784e+01 2.546036013883053784e+01 1.021036013883053784e+01 2.460360138830537835e+00
0.000000000000000000e+00 0.000000000000000000e+00 0.000000000000000000e+00 0.000000000000000000e+00 0.000000000000000000e+00 0.000000000000000000e+00 0.000000000000000000e+00
3.307206873793737714e+02 3.452206873793737714e+02 3.489706873793737714e+02 3.542206873793737714e+02 4.970687379373771364e+00 1.022068737937377136e+01 1.397068737937377136e+01
0.000000000000000000e+00 0.000000000000000000e+00 0.000000000000000000e+00 0.000000000000000000e+00 0.000000000000000000e+00 0.000000000000000000e+00 0.000000000000000000e+00
0.000000000000000000e+00 0.000000000000000000e+00 0.000000000000000000e+00 0.000000000000000000e+00 0.000000000000000000e+00 0.000000000000000000e+00 0.000000000000000000e+00
0.000000000000000000e+00 0.000000000000000000e+00 0.000000000000000000e+00 0.000000000000000000e+00 0.000000000000000000e+00 0.000000000000000000e+00 0.000000000000000000e+00
0.000000000000000000e+00 0.000000000000000000e+00 0.000000000000000000e+00 0.000000000000000000e+00 0.000000000000000000e+00 0.000000000000000000e+00 0.000000000000000000e+00
0.000000000000000000e+00 0.000000000000000000e+00 0.000000000000000000e+00 0.000000000000000000e+00 0.000000000000000000e+00 0.000000000000000000e+00 0.000000000000000000e+00
4.921801885496222440e+01 2.996801885496222440e+01 3.559680188549622244e+02 3.212180188549622244e+02 3.282180188549622244e+02 3.567180188549622244e+02 2.794680188549622244e+02
3.474617242853815924e+02 3.389617242853815924e+02 3.442117242853815924e+02 3.489617242853815924e+02 8.461724285381592381e+00 3.961724285381592381e+00 3.211724285381592381e+00
4.550632847811698412e+00 1.300632847811698412e+00 9.550632847811698412e+00 3.300632847811698412e+00 4.300632847811698412e+00 1.805063284781169841e+01 2.730063284781169841e+01
5.723179016628932914e+00 1.072317901662893291e+01 4.723179016628932914e+00 1.223179016628932914e+00 3.512231790166289329e+02 3.464731790166289329e+02 1.072317901662893291e+01
1.825645501006999893e+01 3.422564550100699989e+02 3.515064550100699989e+02 5.006455010069998934e+00 8.756455010069998934e+00 3.582564550100699989e+02 2.756455010069998934e+00
3.562431466597311669e+02 3.499931466597311669e+02 3.397431466597311669e+02 3.432431466597311669e+02 3.494931466597311669e+02 3.499931466597311669e+02 3.114931466597311669e+02
3.181046862941377640e+01 1.981046862941377640e+01 3.506046862941377640e+01 8.310468629413776398e+00 8.104686294137763980e-01 1.560468629413776398e+00 6.810468629413776398e+00
0.000000000000000000e+00 0.000000000000000000e+00 0.000000000000000000e+00 0.000000000000000000e+00 0.000000000000000000e+00 0.000000000000000000e+00 0.000000000000000000e+00
1.800974961408201125e+00 5.300974961408201125e+00 3.518009749614082011e+02 3.535509749614082011e+02 1.550974961408201125e+00 3.488009749614082011e+02 3.330509749614082011e+02
8.498254628749464246e-01 1.133498254628749464e+02 1.798498254628749464e+02 1.780998254628749464e+02 2.015998254628749464e+02 2.513498254628749464e+02 3.270998254628749464e+02
3.511687345968254021e+02 3.496687345968254021e+02 3.419187345968254021e+02 3.299187345968254021e+02 3.459187345968254021e+02 1.441873459682540215e+01 2.091873459682540215e+01
1.909947284359640207e+01 2.959947284359640207e+01 3.234947284359640207e+01 1.634947284359640207e+01 3.145994728435964021e+02 3.253494728435964021e+02 1.709947284359640207e+01
0.000000000000000000e+00 0.000000000000000000e+00 0.000000000000000000e+00 0.000000000000000000e+00 0.000000000000000000e+00 0.000000000000000000e+00 0.000000000000000000e+00
3.553929490517606951e+02 3.526429490517606951e+02 3.551429490517606951e+02 3.566429490517606951e+02 3.593929490517606951e+02 7.142949051760695056e+00 8.392949051760695056e+00
3.437754202307389733e+02 3.392754202307389733e+02 3.465254202307389733e+02 3.425254202307389733e+02 3.555254202307389733e+02 1.802542023073897326e+01 4.525420230738973260e+00
3.408538635537074128e+02 3.521038635537074128e+02 5.603863553707412848e+00 3.353863553707412848e+00 3.483538635537074128e+02 3.561038635537074128e+02 1.185386355370741285e+01
3.407169580851931414e+02 3.966958085193141414e+00 3.966958085193141414e+00 3.504669580851931414e+02 3.359669580851931414e+02 3.482169580851931414e+02 3.584669580851931414e+02
1.329723452287367991e+01 2.404723452287367991e+01 5.797234522873679907e+00 1.054723452287367991e+01 3.472972345228736799e+02 3.572972345228736799e+02 3.095472345228736799e+02
1.507435041558778721e+01 2.882435041558778721e+01 4.382435041558778721e+01 2.032435041558778721e+01 2.182435041558778721e+01 8.574350415587787211e+00 3.503243504155877872e+02
2.808218117424163438e+02 2.358218117424163438e+02 2.968218117424163438e+02 9.932181174241634380e+01 1.233218117424163438e+02 2.895718117424163438e+02 2.818218117424163438e+02
3.570808607940683714e+02 3.565808607940683714e+02 4.080860794068371433e+00 3.533308607940683714e+02 3.490808607940683714e+02 3.358308607940683714e+02 3.260808607940683714e+02
0.000000000000000000e+00 0.000000000000000000e+00 0.000000000000000000e+00 0.000000000000000000e+00 0.000000000000000000e+00 0.000000000000000000e+00 0.000000000000000000e+00
8.877937806579438984e-01 3.558877937806579439e+02 3.553877937806579439e+02 3.637793780657943898e+00 1.463779378065794390e+01 1.338779378065794390e+01 3.306377937806579439e+02
4.346641570032250002e+01 4.146641570032250002e+01 3.522164157003225000e+02 5.716415700322500015e+00 2.994664157003225000e+02 3.154664157003225000e+02 5.971641570032250002e+01
1.123423456877731041e+01 1.623423456877731041e+01 4.873423456877731041e+01 5.173423456877731041e+01 1.623423456877731041e+01 1.423423456877731041e+01 2.259842345687773104e+02
3.293241642627514238e+02 3.430741642627514238e+02 3.023241642627514238e+02 3.050741642627514238e+02 3.258241642627514238e+02 3.932416426275142385e+01 5.957416426275142385e+01
3.512434393605370815e+02 3.447434393605370815e+02 3.414934393605370815e+02 3.369934393605370815e+02 3.567434393605370815e+02 8.493439360537081484e+00 2.099343936053708148e+01
0.000000000000000000e+00 0.000000000000000000e+00 0.000000000000000000e+00 0.000000000000000000e+00 0.000000000000000000e+00 0.000000000000000000e+00 0.000000000000000000e+00
0.000000000000000000e+00 0.000000000000000000e+00 0.000000000000000000e+00 0.000000000000000000e+00 0.000000000000000000e+00 0.000000000000000000e+00 0.000000000000000000e+00
3.234777997415392292e+00 4.984777997415392292e+00 7.734777997415392292e+00 1.673477799741539229e+01 3.373477799741539229e+01 7.984777997415392292e+00 3.457347779974153923e+02
3.750818512172406827e+01 3.950818512172406827e+01 1.425818512172406827e+01 5.081851217240682672e-01 3.532581851217240683e+02 2.875818512172406827e+01 2.758185121724068267e+00
2.701807344656748455e+01 4.401807344656748455e+01 1.726807344656748455e+01 2.376807344656748455e+01 3.951807344656748455e+01 2.076807344656748455e+01 4.518073446567484552e+00
0.000000000000000000e+00 0.000000000000000000e+00 0.000000000000000000e+00 0.000000000000000000e+00 0.000000000000000000e+00 0.000000000000000000e+00 0.000000000000000000e+00
3.066425650522447768e+02 3.266425650522447768e+02 3.308925650522447768e+02 3.598925650522447768e+02 5.392565052244776780e+00 8.064256505224477678e+01 3.433925650522447768e+02
3.507635329618693731e+01 3.390763532961869373e+02 1.826353296186937314e+00 2.957635329618693731e+01 1.073263532961869373e+02 9.482635329618693731e+01 3.257635329618693731e+01
0.000000000000000000e+00 0.000000000000000000e+00 0.000000000000000000e+00 0.000000000000000000e+00 0.000000000000000000e+00 0.000000000000000000e+00 0.000000000000000000e+00
0.000000000000000000e+00 0.000000000000000000e+00 0.000000000000000000e+00 0.000000000000000000e+00 0.000000000000000000e+00 0.000000000000000000e+00 0.000000000000000000e+00
0.000000000000000000e+00 0.000000000000000000e+00 0.000000000000000000e+00 0.000000000000000000e+00 0.000000000000000000e+00 0.000000000000000000e+00 0.000000000000000000e+00
0.000000000000000000e+00 0.000000000000000000e+00 0.000000000000000000e+00 0.000000000000000000e+00 0.000000000000000000e+00 0.000000000000000000e+00 0.000000000000000000e+00
5.680906383168428420e+01 3.380906383168428420e+01 2.430906383168428420e+01 2.580906383168428420e+01 2.130906383168428420e+01 2.530906383168428420e+01 3.485590638316842842e+02
6.172290811153135337e+01 3.549729081115313534e+02 3.347229081115313534e+02 3.574729081115313534e+02 3.577229081115313534e+02 3.252229081115313534e+02 3.337229081115313534e+02
6.037091188925217011e+00 1.753709118892521701e+01 1.778709118892521701e+01 6.037091188925217011e+00 3.135370911889252170e+02 2.825370911889252170e+02 2.757870911889252170e+02
3.402875249552141668e+02 3.495375249552141668e+02 3.355375249552141668e+02 3.262875249552141668e+02 3.437875249552141668e+02 3.395375249552141668e+02 8.787524955214166766e+00
0.000000000000000000e+00 0.000000000000000000e+00 0.000000000000000000e+00 0.000000000000000000e+00 0.000000000000000000e+00 0.000000000000000000e+00 0.000000000000000000e+00
1.094829293769839751e+01 3.579482929376983975e+02 3.231982929376983975e+02 3.324482929376983975e+02 3.511982929376983975e+02 1.198292937698397509e+00 6.698292937698397509e+00
0.000000000000000000e+00 0.000000000000000000e+00 0.000000000000000000e+00 0.000000000000000000e+00 0.000000000000000000e+00 0.000000000000000000e+00 0.000000000000000000e+00
3.224480214412835721e+00 3.579744802144128357e+02 3.482244802144128357e+02 3.572244802144128357e+02 2.224480214412835721e+00 1.247448021441283572e+01 3.097448021441283572e+01
3.553562305440074169e+02 1.860623054400741694e+01 3.568562305440074169e+02 3.583562305440074169e+02 8.060623054400741694e+01 7.335623054400741694e+01 2.085623054400741694e+01
