2.094822896561565528e+01 2.444822896561565528e+01 3.471982289656156695e+02 2.816982289656156695e+02 2.819482289656156695e+02 5.894822896561565528e+01 4.094822896561565528e+01
3.564703466446119364e+02 3.537203466446119364e+02 3.382203466446119364e+02 3.424703466446119364e+02 3.592203466446119364e+02 3.720346644611936426e+00 9.703466446119364264e-01
3.424441538113974275e+02 3.391941538113974275e+02 3.409441538113974275e+02 3.541941538113974275e+02 8.694153811397427489e+00 3.769415381139742749e+01 1.844415381139742749e+01
3.893704997514760180e+00 4.143704997514760180e+00 5.643704997514760180e+00 8.893704997514760180e+00 2.893704997514760180e+00 3.568937049975147602e+02 3.536437049975147602e+02
3.964119514002049982e+00 4.714119514002049982e+00 8.714119514002049982e+00 9.964119514002049982e+00 3.547141195140020500e+02 1.021411951400204998e+01 3.509641195140020500e+02
3.541770111574827524e+02 3.561770111574827524e+02 3.579270111574827524e+02 1.770111574827524237e-01 5.177011157482752424e+00 4.927011157482752424e+00 6.427011157482752424e+00
3.363437577572028658e+00 3.598634375775720287e+02 3.543634375775720287e+02 3.536134375775720287e+02 3.613437577572028658e+00 1.286343757757202866e+01 3.428634375775720287e+02
9.198612748431571617e+00 9.448612748431571617e+00 9.448612748431571617e+00 9.198612748431571617e+00 1.544861274843157162e+01 3.994861274843157162e+01 2.994861274843157162e+01
0.000000000000000000e+00 0.000000000000000000e+00 0.000000000000000000e+00 0.000000000000000000e+00 0.000000000000000000e+00 0.000000000000000000e+00 0.000000000000000000e+00
3.428358680750362737e+02 3.433358680750362737e+02 3.525858680750362737e+02 3.580858680750362737e+02 3.505858680750362737e+02 2.483586807503630212e+01 1.758586807503630212e+01
1.010264593954178736e+01 1.135264593954178736e+01 1.235264593954178736e+01 1.085264593954178736e+01 2.260264593954178736e+01 5.935264593954178736e+01 5.510264593954178736e+01
7.230727854055828629e+00 3.524807278540558286e+02 3.282307278540558286e+02 3.369807278540558286e+02 3.437307278540558286e+02 3.434807278540558286e+02 9.807278540558286295e-01
1.548235601574515385e+01 1.848235601574515385e+01 2.048235601574515385e+01 1.498235601574515385e+01 1.232356015745153854e+00 3.449823560157451539e+02 3.434823560157451539e+02
0.000000000000000000e+00 0.000000000000000000e+00 0.000000000000000000e+00 0.000000000000000000e+00 0.000000000000000000e+00 0.000000000000000000e+00 0.000000000000000000e+00
3.575664440834030415e+02 3.558164440834030415e+02 3.535664440834030415e+02 3.500664440834030415e+02 3.535664440834030415e+02 3.573164440834030415e+02 3.595664440834030415e+02
0.000000000000000000e+00 0.000000000000000000e+00 0.000000000000000000e+00 0.000000000000000000e+00 0.000000000000000000e+00 0.000000000000000000e+00 0.000000000000000000e+00
0.000000000000000000e+00 0.000000000000000000e+00 0.000000000000000000e+00 0.000000000000000000e+00 0.000000000000000000e+00 0.000000000000000000e+00 0.000000000000000000e+00
0.000000000000000000e+00 0.000000000000000000e+00 0.000000000000000000e+00 0.000000000000000000e+00 0.000000000000000000e+00 0.000000000000000000e+00 0.000000000000000000e+00
0.000000000000000000e+00 0.000000000000000000e+00 0.000000000000000000e+00 0.000000000000000000e+00 0.000000000000000000e+00 0.000000000000000000e+00 0.000000000000000000e+00
0.000000000000000000e+00 0.000000000000000000e+00 0.000000000000000000e+00 0.000000000000000000e+00 0.000000000000000000e+00 0.000000000000000000e+00 0.000000000000000000e+00
1.821483515923233654e+01 1.571483515923233654e+01 9.214835159232336537e+00 3.572148351592323365e+02 1.346483515923233654e+01 2.571483515923233654e+01 3.537148351592323365e+02
3.565075036067067913e+02 3.585075036067067913e+02 1.007503606706791288e+00 2.007503606706791288e+00 3.540075036067067913e+02 3.462575036067067913e+02 3.527575036067067913e+02
3.338508409045487042e+02 3.418508409045487042e+02 3.461008409045487042e+02 3.428508409045487042e+02 3.411008409045487042e+02 3.443508409045487042e+02 3.556008409045487042e+02
0.000000000000000000e+00 0.000000000000000000e+00 0.000000000000000000e+00 0.000000000000000000e+00 0.000000000000000000e+00 0.000000000000000000e+00 0.000000000000000000e+00
0.000000000000000000e+00 0.000000000000000000e+00 0.000000000000000000e+00 0.000000000000000000e+00 0.000000000000000000e+00 0.000000000000000000e+00 0.000000000000000000e+00
0.000000000000000000e+00 0.000000000000000000e+00 0.000000000000000000e+00 0.000000000000000000e+00 0.000000000000000000e+00 0.000000000000000000e+00 0.000000000000000000e+00
0.000000000000000000e+00 0.000000000000000000e+00 0.000000000000000000e+00 0.000000000000000000e+00 0.000000000000000000e+00 0.000000000000000000e+00 0.000000000000000000e+00
0.000000000000000000e+00 0.000000000000000000e+00 0.000000000000000000e+00 0.000000000000000000e+00 0.000000000000000000e+00 0.000000000000000000e+00 0.000000000000000000e+00
0.000000000000000000e+00 0.000000000000000000e+00 0.000000000000000000e+00 0.000000000000000000e+00 0.000000000000000000e+00 0.000000000000000000e+00 0.000000000000000000e+00
0.000000000000000000e+00 0.000000000000000000e+00 0.000000000000000000e+00 0.000000000000000000e+00 0.000000000000000000e+00 0.000000000000000000e+00 0.000000000000000000e+00
0.000000000000000000e+00 0.000000000000000000e+00 0.000000000000000000e+00 0.000000000000000000e+00 0.000000000000000000e+00 0.000000000000000000e+00 0.000000000000000000e+00
0.000000000000000000e+00 0.000000000000000000e+00 0.000000000000000000e+00 0.000000000000000000e+00 0.000000000000000000e+00 0.000000000000000000e+00 0.000000000000000000e+00
0.000000000000000000e+00 0.000000000000000000e+00 0.000000000000000000e+00 0.000000000000000000e+00 0.000000000000000000e+00 0.000000000000000000e+00 0.000000000000000000e+00
0.000000000000000000e+00 0.000000000000000000e+00 0.000000000000000000e+00 0.000000000000000000e+00 0.000000000000000000e+00 0.000000000000000000e+00 0.000000000000000000e+00
0.000000000000000000e+00 0.000000000000000000e+00 0.000000000000000000e+00 0.000000000000000000e+00 0.000000000000000000e+00 0.000000000000000000e+00 0.000000000000000000e+00
0.000000000000000000e+00 0.000000000000000000e+00 0.000000000000000000e+00 0.000000000000000000e+00 0.000000000000000000e+00 0.000000000000000000e+00 0.000000000000000000e+00
0.000000000000000000e+00 0.000000000000000000e+00 0.000000000000000000e+00 0.000000000000000000e+00 0.000000000000000000e+00 0.000000000000000000e+00 0.000000000000000000e+00
0.000000000000000000e+00 0.000000000000000000e+00 0.000000000000000000e+00 0.000000000000000000e+00 0.000000000000000000e+00 0.000000000000000000e+00 0.000000000000000000e+00
0.000000000000000000e+00 0.000000000000000000e+00 0.000000000000000000e+00 0.000000000000000000e+00 0.000000000000000000e+00 0.000000000000000000e+00 0.000000000000000000e+00
