2.878104271428676952e+01 3.203104271428676952e+01 2.628104271428676952e+01 2.078104271428676952e+01 2.428104271428676952e+01 2.878104271428676952e+01 2.678104271428676952e+01
2.401657639300418623e+01 2.226657639300418623e+01 2.101657639300418623e+01 2.501657639300418623e+01 2.951657639300418623e+01 1.501657639300418623e+01 6.766576393004186230e+00
0.000000000000000000e+00 0.000000000000000000e+00 0.000000000000000000e+00 0.000000000000000000e+00 0.000000000000000000e+00 0.000000000000000000e+00 0.000000000000000000e+00
0.000000000000000000e+00 0.000000000000000000e+00 0.000000000000000000e+00 0.000000000000000000e+00 0.000000000000000000e+00 0.000000000000000000e+00 0.000000000000000000e+00
3.386950367907772943e+02 3.566950367907772943e+02 4.994503679077732272e+01 7.644503679077732272e+01 3.894503679077732272e+01 3.584450367907772943e+02 4.594503679077732272e+01
0.000000000000000000e+00 0.000000000000000000e+00 0.000000000000000000e+00 0.000000000000000000e+00 0.000000000000000000e+00 0.000000000000000000e+00 0.000000000000000000e+00
4.075935054049978135e+01 3.125935054049978135e+01 2.675935054049978135e+01 4.350935054049978135e+01 4.325935054049978135e+01 2.950935054049978135e+01 4.175935054049978135e+01
2.969745558941954755e+01 3.569745558941954755e+01 4.369745558941954755e+01 4.894745558941954755e+01 3.994745558941954755e+01 3.599474555894195191e+02 3.306974555894195191e+02
0.000000000000000000e+00 0.000000000000000000e+00 0.000000000000000000e+00 0.000000000000000000e+00 0.000000000000000000e+00 0.000000000000000000e+00 0.000000000000000000e+00
0.000000000000000000e+00 0.000000000000000000e+00 0.000000000000000000e+00 0.000000000000000000e+00 0.000000000000000000e+00 0.000000000000000000e+00 0.000000000000000000e+00
3.086474153211348153e+02 3.231474153211348153e+02 3.076474153211348153e+02 3.243974153211348153e+02 7.147415321134801047e+00 4.139741532113480105e+01 1.183974153211348153e+02
2.862148785505831938e+02 2.882148785505831938e+02 4.464878550583222250e+00 2.546487855058322225e+01 7.946487855058322225e+01 1.129648785505832222e+02 6.871487855058322225e+01
2.575530855928977303e+01 2.325530855928977303e+01 2.125530855928977303e+01 2.275530855928977303e+01 2.500530855928977303e+01 2.550530855928977303e+01 2.125530855928977303e+01
2.822700780661085673e+01 2.522700780661085673e+01 2.347700780661085673e+01 2.197700780661085673e+01 1.797700780661085673e+01 9.977007806610856733e+00 1.472700780661085673e+01
2.973258078497906354e+01 2.473258078497906354e+01 2.173258078497906354e+01 1.748258078497906354e+01 1.273258078497906354e+01 7.482580784979063537e+00 1.823258078497906354e+01
0.000000000000000000e+00 0.000000000000000000e+00 0.000000000000000000e+00 0.000000000000000000e+00 0.000000000000000000e+00 0.000000000000000000e+00 0.000000000000000000e+00
0.000000000000000000e+00 0.000000000000000000e+00 0.000000000000000000e+00 0.000000000000000000e+00 0.000000000000000000e+00 0.000000000000000000e+00 0.000000000000000000e+00
3.523008801028970538e+01 3.498008801028970538e+01 3.423008801028970538e+01 3.123008801028970538e+01 2.348008801028970538e+01 1.048008801028970538e+01 1.348008801028970538e+01
2.585527817507440318e+01 2.460527817507440318e+01 2.260527817507440318e+01 2.085527817507440318e+01 1.985527817507440318e+01 2.105278175074403180e+00 3.408552781750744316e+02
0.000000000000000000e+00 0.000000000000000000e+00 0.000000000000000000e+00 0.000000000000000000e+00 0.000000000000000000e+00 0.000000000000000000e+00 0.000000000000000000e+00
0.000000000000000000e+00 0.000000000000000000e+00 0.000000000000000000e+00 0.000000000000000000e+00 0.000000000000000000e+00 0.000000000000000000e+00 0.000000000000000000e+00
3.581736423367959787e+01 3.531736423367959787e+01 3.406736423367959787e+01 3.006736423367959787e+01 2.756736423367959787e+01 1.856736423367959787e+01 1.031736423367959787e+01
2.824366565563053655e+01 2.824366565563053655e+01 2.974366565563053655e+01 9.243665655630536548e+00 3.389936656556305365e+02 3.374936656556305365e+02 2.749366565563053655e+01
0.000000000000000000e+00 0.000000000000000000e+00 0.000000000000000000e+00 0.000000000000000000e+00 0.000000000000000000e+00 0.000000000000000000e+00 0.000000000000000000e+00
8.689112106068307639e+00 6.689112106068307639e+00 6.189112106068307639e+00 3.464391121060683076e+02 2.689112106068307639e+00 6.443911210606830764e+01 5.693911210606830764e+01
2.541460846315897015e+01 2.191460846315897015e+01 1.841460846315897015e+01 1.491460846315897015e+01 2.091460846315897015e+01 2.316460846315897015e+01 1.366460846315897015e+01
0.000000000000000000e+00 0.000000000000000000e+00 0.000000000000000000e+00 0.000000000000000000e+00 0.000000000000000000e+00 0.000000000000000000e+00 0.000000000000000000e+00
0.000000000000000000e+00 0.000000000000000000e+00 0.000000000000000000e+00 0.000000000000000000e+00 0.000000000000000000e+00 0.000000000000000000e+00 0.000000000000000000e+00
4.849347811507487904e+01 3.499347811507487904e+01 3.299347811507487904e+01 4.049347811507487904e+01 5.474347811507487904e+01 3.429934781150748790e+02 2.774347811507487904e+01
2.928162595709568450e+01 3.560316259570956845e+02 3.395316259570956845e+02 3.482816259570956845e+02 3.592816259570956845e+02 8.781625957095673840e+00 1.353162595709567384e+01
0.000000000000000000e+00 0.000000000000000000e+00 0.000000000000000000e+00 0.000000000000000000e+00 0.000000000000000000e+00 0.000000000000000000e+00 0.000000000000000000e+00
3.526518319566199011e+02 5.765183195661990112e+01 4.651831956619901121e+00 3.464018319566199011e+02 3.589018319566199011e+02 2.151831956619901121e+00 2.440183195661990112e+01
0.000000000000000000e+00 0.000000000000000000e+00 0.000000000000000000e+00 0.000000000000000000e+00 0.000000000000000000e+00 0.000000000000000000e+00 0.000000000000000000e+00
1.785173949243397828e+01 1.885173949243397828e+01 2.310173949243397828e+01 2.985173949243397828e+01 1.785173949243397828e+01 6.101739492433978285e+00 1.960173949243397828e+01
1.324868889936954020e+01 1.299868889936954020e+01 1.174868889936954020e+01 1.324868889936954020e+01 3.174868889936954020e+01 2.949868889936954020e+01 2.499868889936954020e+01
2.628381158325612432e+01 2.578381158325612432e+01 2.428381158325612432e+01 2.253381158325612432e+01 1.953381158325612432e+01 5.533811583256124322e+00 1.253381158325612432e+01
2.352878687157522108e+01 2.252878687157522108e+01 2.152878687157522108e+01 2.052878687157522108e+01 2.077878687157522108e+01 1.977878687157522108e+01 2.102878687157522108e+01
2.207638403972998731e+01 1.957638403972998731e+01 1.482638403972998731e+01 1.582638403972998731e+01 2.132638403972998731e+01 2.307638403972998731e+01 2.057638403972998731e+01
4.363569245399327201e+01 4.288569245399327201e+01 3.863569245399327201e+01 3.263569245399327201e+01 3.063569245399327201e+01 2.038569245399327201e+01 1.613569245399327201e+01
0.000000000000000000e+00 0.000000000000000000e+00 0.000000000000000000e+00 0.000000000000000000e+00 0.000000000000000000e+00 0.000000000000000000e+00 0.000000000000000000e+00
2.501656104629913102e+01 2.576656104629913102e+01 2.426656104629913102e+01 2.251656104629913102e+01 2.001656104629913102e+01 1.401656104629913102e+01 1.901656104629913102e+01
0.000000000000000000e+00 0.000000000000000000e+00 0.000000000000000000e+00 0.000000000000000000e+00 0.000000000000000000e+00 0.000000000000000000e+00 0.000000000000000000e+00
0.000000000000000000e+00 0.000000000000000000e+00 0.000000000000000000e+00 0.000000000000000000e+00 0.000000000000000000e+00 0.000000000000000000e+00 0.000000000000000000e+00
4.492859965564258573e+01 4.167859965564258573e+01 5.792859965564258573e+01 7.917859965564258573e+01 7.642859965564258573e+01 1.067859965564258573e+01 1.917859965564258573e+01
1.071327521093175505e+01 3.579632752109317835e+02 3.544632752109317835e+02 3.963275210931755055e+00 2.796327521093175505e+01 2.996327521093175505e+01 1.646327521093175505e+01
9.071902652797689370e+00 9.071902652797689370e+00 5.821902652797689370e+00 1.182190265279768937e+01 1.982190265279768937e+01 1.557190265279768937e+01 1.157190265279768937e+01
2.385666328734384933e+01 3.251066632873438493e+02 3.131066632873438493e+02 3.463566632873438493e+02 3.526066632873438493e+02 3.121066632873438493e+02 3.536066632873438493e+02
3.565669835096652491e+02 3.253169835096652491e+02 3.233169835096652491e+02 1.031698350966524913e+01 3.588169835096652491e+02 3.188169835096652491e+02 3.598169835096652491e+02
3.753531008465080276e+01 3.653531008465080276e+01 3.453531008465080276e+01 3.353531008465080276e+01 2.678531008465080276e+01 2.528531008465080276e+01 2.328531008465080276e+01
0.000000000000000000e+00 0.000000000000000000e+00 0.000000000000000000e+00 0.000000000000000000e+00 0.000000000000000000e+00 0.000000000000000000e+00 0.000000000000000000e+00
3.023607647694842626e+01 3.298607647694842626e+01 3.298607647694842626e+01 2.498607647694842626e+01 2.123607647694842626e+01 1.498607647694842626e+01 2.148607647694842626e+01
1.538555115019460118e+01 1.563555115019460118e+01 2.738555115019460118e+01 4.663555115019460118e+01 3.538555115019460118e+01 5.885551150194601178e+00 2.313555115019460118e+01
5.471096036354998660e+01 3.871096036354998660e+01 2.071096036354998660e+01 7.460960363549986596e+00 9.210960363549986596e+00 2.021096036354998660e+01 2.396096036354998660e+01
2.123269784295001728e+01 1.723269784295001728e+01 3.557326978429500173e+02 3.454826978429500173e+02 2.298269784295001728e+01 3.498269784295001728e+01 2.398269784295001728e+01
2.432732927449569615e+01 2.357732927449569615e+01 2.132732927449569615e+01 1.632732927449569615e+01 7.577329274495696154e+00 3.523273292744956962e+02 2.077329274495696154e+00
3.267854358009083171e+01 3.017854358009083171e+01 2.617854358009083171e+01 2.567854358009083171e+01 2.742854358009083171e+01 1.792854358009083171e+01 4.428543580090831711e+00
6.317609537361903449e+00 6.317609537361903449e+00 8.067609537361903449e+00 1.006760953736190345e+01 1.081760953736190345e+01 1.681760953736190345e+01 3.106760953736190345e+01
5.902571213164549135e+00 5.902571213164549135e+00 7.652571213164549135e+00 9.652571213164549135e+00 1.040257121316454914e+01 1.640257121316454914e+01 3.065257121316454914e+01
0.000000000000000000e+00 0.000000000000000000e+00 0.000000000000000000e+00 0.000000000000000000e+00 0.000000000000000000e+00 0.000000000000000000e+00 0.000000000000000000e+00
2.958935149712448265e+01 2.683935149712448265e+01 2.333935149712448265e+01 8.589351497124482648e+00 3.415893514971244826e+02 3.555893514971244826e+02 2.108935149712448265e+01
0.000000000000000000e+00 0.000000000000000000e+00 0.000000000000000000e+00 0.000000000000000000e+00 0.000000000000000000e+00 0.000000000000000000e+00 0.000000000000000000e+00
1.484545723885057100e+01 1.709545723885057100e+01 1.609545723885057100e+01 2.134545723885057100e+01 2.534545723885057100e+01 2.359545723885057100e+01 1.959545723885057100e+01
0.000000000000000000e+00 0.000000000000000000e+00 0.000000000000000000e+00 0.000000000000000000e+00 0.000000000000000000e+00 0.000000000000000000e+00 0.000000000000000000e+00
0.000000000000000000e+00 0.000000000000000000e+00 0.000000000000000000e+00 0.000000000000000000e+00 0.000000000000000000e+00 0.000000000000000000e+00 0.000000000000000000e+00
0.000000000000000000e+00 0.000000000000000000e+00 0.000000000000000000e+00 0.000000000000000000e+00 0.000000000000000000e+00 0.000000000000000000e+00 0.000000000000000000e+00
0.000000000000000000e+00 0.000000000000000000e+00 0.000000000000000000e+00 0.000000000000000000e+00 0.000000000000000000e+00 0.000000000000000000e+00 0.000000000000000000e+00
3.704014379301645477e+01 3.604014379301645477e+01 3.454014379301645477e+01 3.054014379301645477e+01 2.554014379301645477e+01 7.790143793016454765e+00 1.429014379301645477e+01
2.452545426311698407e+01 2.202545426311698407e+01 3.677545426311698407e+01 4.177545426311698407e+01 3.777545426311698407e+01 2.527545426311698407e+01 2.452545426311698407e+01
3.466269403124903192e+01 3.141269403124903192e+01 2.616269403124903192e+01 3.166269403124903192e+01 4.716269403124903192e+01 4.691269403124903192e+01 2.666269403124903192e+01
0.000000000000000000e+00 0.000000000000000000e+00 0.000000000000000000e+00 0.000000000000000000e+00 0.000000000000000000e+00 0.000000000000000000e+00 0.000000000000000000e+00
3.315757416723312190e+01 3.315757416723312190e+01 2.965757416723312190e+01 2.715757416723312190e+01 2.165757416723312190e+01 1.540757416723312190e+01 2.340757416723312190e+01
0.000000000000000000e+00 0.000000000000000000e+00 0.000000000000000000e+00 0.000000000000000000e+00 0.000000000000000000e+00 0.000000000000000000e+00 0.000000000000000000e+00
0.000000000000000000e+00 0.000000000000000000e+00 0.000000000000000000e+00 0.000000000000000000e+00 0.000000000000000000e+00 0.000000000000000000e+00 0.000000000000000000e+00
3.879260353785156212e+01 3.379260353785156212e+01 2.579260353785156212e+01 2.379260353785156212e+01 3.954260353785156212e+01 4.379260353785156212e+01 2.454260353785156212e+01
0.000000000000000000e+00 0.000000000000000000e+00 0.000000000000000000e+00 0.000000000000000000e+00 0.000000000000000000e+00 0.000000000000000000e+00 0.000000000000000000e+00
1.313493928537428701e+01 1.688493928537428701e+01 1.888493928537428701e+01 2.413493928537428701e+01 4.463493928537428701e+01 3.488493928537428701e+01 6.634939285374287010e+00
3.992654015572293247e+01 3.667654015572293247e+01 4.317654015572293247e+01 6.117654015572293247e+01 3.367654015572293247e+01 2.292654015572293247e+01 5.642654015572293247e+01
4.254520786221820572e+01 4.179520786221820572e+01 4.179520786221820572e+01 5.279520786221820572e+01 3.054520786221820572e+01 1.854520786221820572e+01 3.754520786221820572e+01
4.201854018194512719e+01 2.851854018194512719e+01 3.518540181945144951e+00 2.768540181945144951e+00 2.076854018194514495e+01 1.551854018194514495e+01 5.185401819451449512e-01
4.389869243829758716e+01 5.389869243829758716e+01 4.989869243829758716e+01 5.539869243829758716e+01 5.789869243829758716e+01 5.539869243829758716e+01 4.214869243829758716e+01
0.000000000000000000e+00 0.000000000000000000e+00 0.000000000000000000e+00 0.000000000000000000e+00 0.000000000000000000e+00 0.000000000000000000e+00 0.000000000000000000e+00
2.016602855068794042e+01 2.416602855068794042e+01 3.516602855068794042e+01 1.766602855068794042e+01 7.416028550687940424e+00 1.816602855068794042e+01 1.491602855068794042e+01
1.523548603092504550e+01 1.273548603092504550e+01 1.873548603092504550e+01 1.948548603092504550e+01 1.423548603092504550e+01 9.235486030925045497e+00 3.487354860309250171e+02
2.992290216567607786e+01 2.442290216567607786e+01 1.992290216567607786e+01 1.642290216567607786e+01 1.517290216567607786e+01 1.767290216567607786e+01 1.792290216567607786e+01
4.543263119985330434e+01 3.843263119985330434e+01 1.468263119985330434e+01 1.668263119985330434e+01 4.118263119985330434e+01 3.643263119985330434e+01 2.118263119985330434e+01
3.722129588252334997e+01 3.372129588252334997e+01 2.897129588252334997e+01 2.997129588252334997e+01 2.897129588252334997e+01 2.372129588252334997e+01 2.497129588252334997e+01
3.711362851505958815e+01 3.361362851505958815e+01 2.861362851505958815e+01 2.986362851505958815e+01 2.936362851505958815e+01 2.411362851505958815e+01 2.511362851505958815e+01
3.418962551490506030e+01 4.018962551490506030e+01 4.143962551490506030e+01 2.843962551490506030e+01 2.143962551490506030e+01 1.993962551490506030e+01 4.689625514905060299e+00
0.000000000000000000e+00 0.000000000000000000e+00 0.000000000000000000e+00 0.000000000000000000e+00 0.000000000000000000e+00 0.000000000000000000e+00 0.000000000000000000e+00
0.000000000000000000e+00 0.000000000000000000e+00 0.000000000000000000e+00 0.000000000000000000e+00 0.000000000000000000e+00 0.000000000000000000e+00 0.000000000000000000e+00
0.000000000000000000e+00 0.000000000000000000e+00 0.000000000000000000e+00 0.000000000000000000e+00 0.000000000000000000e+00 0.000000000000000000e+00 0.000000000000000000e+00
2.517362844341626271e+01 4.917362844341626271e+01 7.067362844341626271e+01 3.109236284434162485e+02 3.324236284434162485e+02 7.923628443416262712e+00 4.917362844341626271e+01
6.930037970575315853e+01 7.455037970575315853e+01 1.680037970575315853e+01 2.955503797057531301e+02 7.155037970575315853e+01 3.130037970575315853e+01 3.465503797057531301e+02
2.589054191554509998e+00 3.588390541915545100e+02 3.545890541915545100e+02 9.589054191554509998e+00 2.183905419155451000e+01 1.758905419155451000e+01 1.733905419155451000e+01
0.000000000000000000e+00 0.000000000000000000e+00 0.000000000000000000e+00 0.000000000000000000e+00 0.000000000000000000e+00 0.000000000000000000e+00 0.000000000000000000e+00
2.296622532494666302e+01 2.246622532494666302e+01 2.371622532494666302e+01 2.746622532494666302e+01 2.771622532494666302e+01 1.796622532494666302e+01 1.696622532494666302e+01
4.038968094252879837e+00 1.003896809425287984e+01 1.178896809425287984e+01 2.278896809425287984e+01 2.728896809425287984e+01 1.453896809425287984e+01 8.788968094252879837e+00
2.710261122785708210e+01 6.852611227857082099e+00 3.573526112278570963e+02 3.541026112278570963e+02 8.526112278570820990e-01 2.535261122785708210e+01 2.860261122785708210e+01
5.139298784560719469e+01 4.514298784560719469e+01 3.589298784560719469e+01 3.864298784560719469e+01 3.289298784560719469e+01 2.189298784560719469e+01 2.014298784560719469e+01
3.529862433907178456e+02 4.862433907178171921e-01 3.582362433907178456e+02 2.236243390717817192e+00 1.923624339071781719e+01 1.298624339071781719e+01 1.873624339071781719e+01
3.504922922905552696e+02 3.572422922905552696e+02 3.554922922905552696e+02 3.557422922905552696e+02 4.742292290555241152e+00 9.242292290555241152e+00 1.699229229055524115e+01
3.524011674885113621e+02 3.651167488511362080e+00 3.559011674885113621e+02 3.546511674885113621e+02 2.651167488511362080e+00 5.901167488511362080e+00 1.315116748851136208e+01
3.715681546549654968e+01 2.715681546549654968e+01 3.165681546549654968e+01 4.415681546549654968e+01 3.315681546549654968e+01 1.990681546549654968e+01 2.065681546549654968e+01
4.393634013884076239e+01 3.468634013884076239e+01 1.843634013884076239e+01 1.168634013884076239e+01 2.043634013884076239e+01 3.768634013884076239e+01 5.943634013884076239e+01
3.139490019485029393e+01 3.114490019485029393e+01 2.789490019485029393e+01 4.714490019485029393e+01 4.489490019485029393e+01 2.814490019485029393e+01 2.414490019485029393e+01
0.000000000000000000e+00 0.000000000000000000e+00 0.000000000000000000e+00 0.000000000000000000e+00 0.000000000000000000e+00 0.000000000000000000e+00 0.000000000000000000e+00
4.504365332542136002e+00 1.004365332542136002e+00 5.504365332542136002e+00 1.200436533254213600e+01 3.430043653325421360e+02 2.920043653325421360e+02 2.762543653325421360e+02
5.376858900853284240e+01 6.326858900853284240e+01 5.101858900853284240e+01 4.976858900853284240e+01 4.026858900853284240e+01 6.326858900853284240e+01 7.126858900853284240e+01
4.541777450136237348e+00 8.541777450136237348e+00 1.404177745013623735e+01 1.804177745013623735e+01 1.404177745013623735e+01 4.041777450136237348e+00 5.041777450136237348e+00
4.255569442383051637e+01 3.605569442383051637e+01 4.005569442383051637e+01 3.880569442383051637e+01 1.230569442383051637e+01 7.055694423830516371e+00 2.005569442383051637e+01
2.967133304155023552e+02 3.292133304155023552e+02 3.532133304155023552e+02 9.963330415502355208e+00 7.963330415502355208e+00 7.713330415502355208e+00 1.963330415502355208e+00
0.000000000000000000e+00 0.000000000000000000e+00 0.000000000000000000e+00 0.000000000000000000e+00 0.000000000000000000e+00 0.000000000000000000e+00 0.000000000000000000e+00
0.000000000000000000e+00 0.000000000000000000e+00 0.000000000000000000e+00 0.000000000000000000e+00 0.000000000000000000e+00 0.000000000000000000e+00 0.000000000000000000e+00
9.303561713556405266e+00 2.430356171355640527e+01 2.630356171355640527e+01 2.755356171355640527e+01 5.055356171355640527e+01 6.405356171355640527e+01 3.680356171355640527e+01
0.000000000000000000e+00 0.000000000000000000e+00 0.000000000000000000e+00 0.000000000000000000e+00 0.000000000000000000e+00 0.000000000000000000e+00 0.000000000000000000e+00
3.854082380328458157e+01 4.004082380328458157e+01 4.154082380328458157e+01 4.004082380328458157e+01 3.529082380328458157e+01 3.229082380328458157e+01 2.079082380328458157e+01
3.653329516474218508e+01 3.503329516474218508e+01 2.803329516474218508e+01 2.703329516474218508e+01 2.803329516474218508e+01 3.728329516474218508e+01 7.903329516474218508e+01
2.642808274856349726e+01 2.542808274856349726e+01 2.342808274856349726e+01 2.017808274856349726e+01 1.442808274856349726e+01 3.409280827485634973e+02 3.106780827485634973e+02
0.000000000000000000e+00 0.000000000000000000e+00 0.000000000000000000e+00 0.000000000000000000e+00 0.000000000000000000e+00 0.000000000000000000e+00 0.000000000000000000e+00
2.362406972983373521e+01 2.462406972983373521e+01 2.387406972983373521e+01 1.812406972983373521e+01 1.287406972983373521e+01 3.516240697298337636e+02 8.624069729833735209e+00
2.465397533400185637e+02 2.322897533400185637e+02 2.350397533400185637e+02 2.375397533400185637e+02 2.412897533400185637e+02 1.800397533400185637e+02 2.150397533400185637e+02
3.012999083420572788e+01 2.487999083420572788e+01 2.062999083420572788e+01 2.462999083420572788e+01 3.862999083420572788e+01 3.637999083420572788e+01 2.087999083420572788e+01
2.799651109283885830e+01 1.824651109283885830e+01 1.024651109283885830e+01 3.529965110928388867e+02 3.519965110928388867e+02 2.496511092838858303e+00 1.324651109283885830e+01
2.844361756521152529e+00 2.184436175652115253e+01 3.134436175652115253e+01 1.734436175652115253e+01 2.344361756521152529e+00 7.094361756521152529e+00 1.009436175652115253e+01
4.911234026411790410e+00 5.911234026411790410e+00 1.666123402641179041e+01 2.616123402641179041e+01 2.266123402641179041e+01 1.866123402641179041e+01 1.866123402641179041e+01
2.078838267444405119e+01 2.328838267444405119e+01 2.628838267444405119e+01 2.928838267444405119e+01 2.803838267444405119e+01 3.003838267444405119e+01 2.828838267444405119e+01
5.165792924007524789e+01 3.690792924007524789e+01 3.640792924007524789e+01 3.615792924007524789e+01 3.115792924007524789e+01 3.765792924007524789e+01 3.715792924007524789e+01
8.911177880234902204e+00 8.661177880234902204e+00 6.911177880234902204e+00 5.161177880234902204e+00 1.066117788023490220e+01 1.041117788023490220e+01 4.911177880234902204e+00
1.863563438341422085e+01 3.813563438341424217e+01 4.113563438341424217e+01 1.513563438341422085e+01 1.388563438341422085e+01 1.563563438341422085e+01 2.088563438341422085e+01
4.454402199150285924e+01 3.654402199150285924e+01 3.079402199150285924e+01 2.829402199150285924e+01 3.504402199150285924e+01 3.179402199150285924e+01 6.044021991502859237e+00
2.772378027612660389e+01 2.797378027612660389e+01 2.797378027612660389e+01 2.747378027612660389e+01 2.547378027612660389e+01 2.347378027612660389e+01 2.097378027612660389e+01
2.550329628533673088e+01 2.600329628533673088e+01 2.150329628533673088e+01 9.253296285336730875e+00 7.503296285336730875e+00 2.375329628533673088e+01 3.275329628533673088e+01
4.846942278600494092e+00 3.503469422786005225e+02 3.535969422786005225e+02 3.596942278600494092e+00 2.534694227860049409e+01 5.684694227860049409e+01 5.259694227860049409e+01
1.633486090082402598e+01 7.084860900824025975e+00 5.084860900824025975e+00 1.008486090082402598e+01 2.333486090082402598e+01 8.084860900824025975e+00 1.683486090082402598e+01
2.519887145617390445e+01 1.619887145617390445e+01 9.948871456173904448e+00 2.019887145617390445e+01 1.569887145617390445e+01 3.519887145617390445e+01 2.969887145617390445e+01
0.000000000000000000e+00 0.000000000000000000e+00 0.000000000000000000e+00 0.000000000000000000e+00 0.000000000000000000e+00 0.000000000000000000e+00 0.000000000000000000e+00
4.207543461854220368e+01 5.432543461854220368e+01 6.357543461854220368e+01 5.632543461854220368e+01 3.657543461854220368e+01 3.448254346185422037e+02 3.598254346185422037e+02
5.407038852627960068e+01 6.307038852627960068e+01 5.982038852627960068e+01 5.382038852627960068e+01 4.407038852627960068e+01 1.482038852627960068e+01 3.493203885262796007e+02
2.838800501602008808e+01 2.913800501602008808e+01 2.438800501602008808e+01 2.113800501602008808e+01 4.563800501602008808e+01 4.363800501602008808e+01 1.413800501602008808e+01
0.000000000000000000e+00 0.000000000000000000e+00 0.000000000000000000e+00 0.000000000000000000e+00 0.000000000000000000e+00 0.000000000000000000e+00 0.000000000000000000e+00
2.088775432841953261e+01 1.888775432841953261e+01 1.763775432841953261e+01 1.788775432841953261e+01 1.888775432841953261e+01 2.063775432841953261e+01 2.613775432841953261e+01
0.000000000000000000e+00 0.000000000000000000e+00 0.000000000000000000e+00 0.000000000000000000e+00 0.000000000000000000e+00 0.000000000000000000e+00 0.000000000000000000e+00
5.527472182626070207e+01 6.402472182626070207e+01 5.152472182626070207e+01 2.720247218262607021e+02 2.912747218262607021e+02 4.052472182626070207e+01 3.465247218262607021e+02
2.471752994838411155e+01 2.421752994838411155e+01 2.221752994838411155e+01 1.046752994838411155e+01 3.484675299483841400e+02 3.129675299483841400e+02 3.242175299483841400e+02
0.000000000000000000e+00 0.000000000000000000e+00 0.000000000000000000e+00 0.000000000000000000e+00 0.000000000000000000e+00 0.000000000000000000e+00 0.000000000000000000e+00
5.534138975546653683e+00 2.284138975546653683e+00 2.034138975546653683e+00 1.053413897554665368e+01 2.178413897554665368e+01 5.034138975546653683e+00 2.678413897554665368e+01
0.000000000000000000e+00 0.000000000000000000e+00 0.000000000000000000e+00 0.000000000000000000e+00 0.000000000000000000e+00 0.000000000000000000e+00 0.000000000000000000e+00
2.460021943831293356e+01 2.110021943831293356e+01 2.210021943831293356e+01 2.735021943831293356e+01 3.135021943831293356e+01 2.960021943831293356e+01 2.035021943831293356e+01
0.000000000000000000e+00 0.000000000000000000e+00 0.000000000000000000e+00 0.000000000000000000e+00 0.000000000000000000e+00 0.000000000000000000e+00 0.000000000000000000e+00
3.285053316436222985e+02 3.362553316436222985e+02 3.470053316436222985e+02 3.592553316436222985e+02 2.200533164362230565e+01 2.500533164362230565e+01 2.200533164362230565e+01
0.000000000000000000e+00 0.000000000000000000e+00 0.000000000000000000e+00 0.000000000000000000e+00 0.000000000000000000e+00 0.000000000000000000e+00 0.000000000000000000e+00
3.665052975770857557e+01 2.765052975770857557e+01 6.900529757708575573e+00 3.571505297577085685e+02 1.150529757708575573e+00 9.400529757708575573e+00 1.440052975770857557e+01
4.099223563656437364e+01 3.399223563656437364e+01 2.424223563656437364e+01 1.474223563656437364e+01 7.422356365643736353e-01 3.492235636564373635e+00 6.099223563656437364e+01
1.236013753004556293e+01 3.286101375300455629e+02 3.108601375300455629e+02 3.103601375300455629e+02 3.381101375300455629e+02 1.161013753004556293e+01 4.860137530045562926e+00
3.358433991858936452e+01 2.058433991858936452e+01 1.633433991858936452e+01 1.833433991858936452e+01 2.033433991858936452e+01 2.533433991858936452e+01 2.108433991858936452e+01
4.297646158154680052e+01 3.672646158154680052e+01 1.672646158154680052e+01 3.534764615815468005e+02 3.322264615815468005e+02 3.262264615815468005e+02 6.726461581546800517e+00
2.791498131483660927e+01 3.316498131483660927e+01 3.491498131483660927e+01 3.041498131483660927e+01 1.914981314836609272e+00 3.241498131483660927e+01 2.691498131483660927e+01
2.213715776533501867e+01 2.113715776533501867e+01 2.138715776533501867e+01 2.188715776533501867e+01 1.638715776533501867e+01 4.637157765335018667e+00 2.588715776533501867e+01
0.000000000000000000e+00 0.000000000000000000e+00 0.000000000000000000e+00 0.000000000000000000e+00 0.000000000000000000e+00 0.000000000000000000e+00 0.000000000000000000e+00
0.000000000000000000e+00 0.000000000000000000e+00 0.000000000000000000e+00 0.000000000000000000e+00 0.000000000000000000e+00 0.000000000000000000e+00 0.000000000000000000e+00
2.906978900556208600e+01 3.256978900556208600e+01 3.256978900556208600e+01 2.606978900556208600e+01 3.468197890055620860e+02 1.731978900556208600e+01 5.556978900556208600e+01
2.683346791044914426e+01 3.183346791044914426e+01 3.308346791044914426e+01 2.833346791044914426e+01 1.333467910449144256e+00 2.433346791044914426e+01 3.208346791044914426e+01
0.000000000000000000e+00 0.000000000000000000e+00 0.000000000000000000e+00 0.000000000000000000e+00 0.000000000000000000e+00 0.000000000000000000e+00 0.000000000000000000e+00
0.000000000000000000e+00 0.000000000000000000e+00 0.000000000000000000e+00 0.000000000000000000e+00 0.000000000000000000e+00 0.000000000000000000e+00 0.000000000000000000e+00
0.000000000000000000e+00 0.000000000000000000e+00 0.000000000000000000e+00 0.000000000000000000e+00 0.000000000000000000e+00 0.000000000000000000e+00 0.000000000000000000e+00
6.786968501923325903e+00 3.597869685019232975e+02 3.460369685019232975e+02 3.560369685019232975e+02 1.853696850192332590e+01 5.786968501923325903e+00 3.278696850192332590e+01
2.615724384917535872e+01 1.540724384917535872e+01 8.907243849175358719e+00 1.165724384917535872e+01 2.815724384917535872e+01 4.465724384917535872e+01 3.940724384917535872e+01
3.598902741067413444e+02 6.890274106741372862e+00 3.586402741067413444e+02 3.378902741067413444e+02 3.348902741067413444e+02 6.402741067413728615e-01 2.839027410674137286e+01
0.000000000000000000e+00 0.000000000000000000e+00 0.000000000000000000e+00 0.000000000000000000e+00 0.000000000000000000e+00 0.000000000000000000e+00 0.000000000000000000e+00
3.381261107391605947e+01 3.206261107391605947e+01 2.831261107391605947e+01 1.906261107391605947e+01 1.531261107391605947e+01 1.062611073916059468e+00 3.356261107391605947e+01
2.042010274851492113e+01 2.092010274851492113e+01 1.992010274851492113e+01 2.417010274851492113e+01 2.392010274851492113e+01 1.117010274851492113e+01 2.142010274851492113e+01
2.916252134381045380e+01 3.166252134381045380e+01 3.341252134381045380e+01 2.716252134381045380e+01 8.912521343810453800e+00 3.319125213438104538e+02 3.316252134381045380e+01
0.000000000000000000e+00 0.000000000000000000e+00 0.000000000000000000e+00 0.000000000000000000e+00 0.000000000000000000e+00 0.000000000000000000e+00 0.000000000000000000e+00
0.000000000000000000e+00 0.000000000000000000e+00 0.000000000000000000e+00 0.000000000000000000e+00 0.000000000000000000e+00 0.000000000000000000e+00 0.000000000000000000e+00
2.462179183344997568e+01 2.212179183344997568e+01 2.037179183344997568e+01 1.762179183344997568e+01 8.871791833449975684e+00 3.431217918334499473e+02 3.313717918334499473e+02
1.974750208355521863e+01 2.424750208355521863e+01 4.424750208355521863e+01 6.424750208355521863e+01 3.304975020835552186e+02 1.864975020835552186e+02 1.782475020835552186e+02
3.262250663932297812e+01 3.312250663932297812e+01 3.262250663932297812e+01 2.962250663932297812e+01 3.987250663932297812e+01 5.487250663932297812e+01 4.362250663932297812e+01
2.165220025162523143e+01 2.065220025162523143e+01 2.165220025162523143e+01 3.519022002516252314e+02 3.094022002516252314e+02 2.994022002516252314e+02 3.031522002516252314e+02
0.000000000000000000e+00 0.000000000000000000e+00 0.000000000000000000e+00 0.000000000000000000e+00 0.000000000000000000e+00 0.000000000000000000e+00 0.000000000000000000e+00
1.374175697319142841e+01 1.274175697319142841e+01 1.324175697319142841e+01 1.399175697319142841e+01 1.499175697319142841e+01 2.149175697319142841e+01 3.924175697319142841e+01
2.374581793473134894e+01 1.974581793473134894e+01 1.724581793473134894e+01 1.899581793473134894e+01 1.649581793473134894e+01 2.274581793473134894e+01 2.049581793473134894e+01
0.000000000000000000e+00 0.000000000000000000e+00 0.000000000000000000e+00 0.000000000000000000e+00 0.000000000000000000e+00 0.000000000000000000e+00 0.000000000000000000e+00
0.000000000000000000e+00 0.000000000000000000e+00 0.000000000000000000e+00 0.000000000000000000e+00 0.000000000000000000e+00 0.000000000000000000e+00 0.000000000000000000e+00
3.539586652777674658e+01 3.764586652777674658e+01 3.089586652777674658e+01 2.439586652777674658e+01 3.614586652777674658e+01 3.814586652777674658e+01 3.114586652777674658e+01
6.234455091968661122e+01 7.084455091968661122e+01 4.184455091968661122e+01 2.880945509196866396e+02 3.033445509196866396e+02 4.734455091968661122e+01 3.458445509196866396e+02
3.562530838698194202e+02 3.500030838698194202e+02 3.302530838698194202e+02 3.502530838698194202e+02 5.000308386981944864e+01 9.575308386981944864e+01 9.175308386981944864e+01
4.977778261850062336e+00 3.579777782618500623e+02 1.227778261850062336e+00 8.977778261850062336e+00 1.422777826185006234e+01 1.197777826185006234e+01 1.247777826185006234e+01
2.599705102903084253e+01 2.399705102903084253e+01 2.274705102903084253e+01 2.299705102903084253e+01 2.149705102903084253e+01 8.747051029030842528e+00 3.142470510290308425e+02
0.000000000000000000e+00 0.000000000000000000e+00 0.000000000000000000e+00 0.000000000000000000e+00 0.000000000000000000e+00 0.000000000000000000e+00 0.000000000000000000e+00
0.000000000000000000e+00 0.000000000000000000e+00 0.000000000000000000e+00 0.000000000000000000e+00 0.000000000000000000e+00 0.000000000000000000e+00 0.000000000000000000e+00
