0.000000000000000000e+00 0.000000000000000000e+00 0.000000000000000000e+00 0.000000000000000000e+00 0.000000000000000000e+00 0.000000000000000000e+00 0.000000000000000000e+00
0.000000000000000000e+00 0.000000000000000000e+00 0.000000000000000000e+00 0.000000000000000000e+00 0.000000000000000000e+00 0.000000000000000000e+00 0.000000000000000000e+00
0.000000000000000000e+00 0.000000000000000000e+00 0.000000000000000000e+00 0.000000000000000000e+00 0.000000000000000000e+00 0.000000000000000000e+00 0.000000000000000000e+00
0.000000000000000000e+00 0.000000000000000000e+00 0.000000000000000000e+00 0.000000000000000000e+00 0.000000000000000000e+00 0.000000000000000000e+00 0.000000000000000000e+00
0.000000000000000000e+00 0.000000000000000000e+00 0.000000000000000000e+00 0.000000000000000000e+00 0.000000000000000000e+00 0.000000000000000000e+00 0.000000000000000000e+00
0.000000000000000000e+00 0.000000000000000000e+00 0.000000000000000000e+00 0.000000000000000000e+00 0.000000000000000000e+00 0.000000000000000000e+00 0.000000000000000000e+00
0.000000000000000000e+00 0.000000000000000000e+00 0.000000000000000000e+00 0.000000000000000000e+00 0.000000000000000000e+00 0.000000000000000000e+00 0.000000000000000000e+00
0.000000000000000000e+00 0.000000000000000000e+00 0.000000000000000000e+00 0.000000000000000000e+00 0.000000000000000000e+00 0.000000000000000000e+00 0.000000000000000000e+00
0.000000000000000000e+00 0.000000000000000000e+00 0.000000000000000000e+00 0.000000000000000000e+00 0.000000000000000000e+00 0.000000000000000000e+00 0.000000000000000000e+00
0.000000000000000000e+00 0.000000000000000000e+00 0.000000000000000000e+00 0.000000000000000000e+00 0.000000000000000000e+00 0.000000000000000000e+00 0.000000000000000000e+00
0.000000000000000000e+00 0.000000000000000000e+00 0.000000000000000000e+00 0.000000000000000000e+00 0.000000000000000000e+00 0.000000000000000000e+00 0.000000000000000000e+00
0.000000000000000000e+00 0.000000000000000000e+00 0.000000000000000000e+00 0.000000000000000000e+00 0.000000000000000000e+00 0.000000000000000000e+00 0.000000000000000000e+00
0.000000000000000000e+00 0.000000000000000000e+00 0.000000000000000000e+00 0.000000000000000000e+00 0.000000000000000000e+00 0.000000000000000000e+00 0.000000000000000000e+00
0.000000000000000000e+00 0.000000000000000000e+00 0.000000000000000000e+00 0.000000000000000000e+00 0.000000000000000000e+00 0.000000000000000000e+00 0.000000000000000000e+00
0.000000000000000000e+00 0.000000000000000000e+00 0.000000000000000000e+00 0.000000000000000000e+00 0.000000000000000000e+00 0.000000000000000000e+00 0.000000000000000000e+00
0.000000000000000000e+00 0.000000000000000000e+00 0.000000000000000000e+00 0.000000000000000000e+00 0.000000000000000000e+00 0.000000000000000000e+00 0.000000000000000000e+00
0.000000000000000000e+00 0.000000000000000000e+00 0.000000000000000000e+00 0.000000000000000000e+00 0.000000000000000000e+00 0.000000000000000000e+00 0.000000000000000000e+00
0.000000000000000000e+00 0.000000000000000000e+00 0.000000000000000000e+00 0.000000000000000000e+00 0.000000000000000000e+00 0.000000000000000000e+00 0.000000000000000000e+00
0.000000000000000000e+00 0.000000000000000000e+00 0.000000000000000000e+00 0.000000000000000000e+00 0.000000000000000000e+00 0.000000000000000000e+00 0.000000000000000000e+00
0.000000000000000000e+00 0.000000000000000000e+00 0.000000000000000000e+00 0.000000000000000000e+00 0.000000000000000000e+00 0.000000000000000000e+00 0.000000000000000000e+00
0.000000000000000000e+00 0.000000000000000000e+00 0.000000000000000000e+00 0.000000000000000000e+00 0.000000000000000000e+00 0.000000000000000000e+00 0.000000000000000000e+00
0.000000000000000000e+00 0.000000000000000000e+00 0.000000000000000000e+00 0.000000000000000000e+00 0.000000000000000000e+00 0.000000000000000000e+00 0.000000000000000000e+00
0.000000000000000000e+00 0.000000000000000000e+00 0.000000000000000000e+00 0.000000000000000000e+00 0.000000000000000000e+00 0.000000000000000000e+00 0.000000000000000000e+00
3.521605559872162985e+02 3.561605559872162985e+02 3.589105559872162985e+02 3.549105559872162985e+02 3.569105559872162985e+02 3.506605559872162985e+02 3.529105559872162985e+02
3.542480971931215663e+02 9.980971931215947279e-01 3.592480971931215663e+02 8.998097193121594728e+00 4.199809719312159473e+01 6.748097193121594728e+00 3.564980971931215663e+02
8.807169502235296932e+00 4.557169502235296932e+00 3.071695022352969318e-01 3.565571695022352969e+02 3.550571695022352969e+02 1.557169502235296932e+00 6.057169502235296932e+00
3.485293445993100931e+02 3.500293445993100931e+02 3.490293445993100931e+02 3.462793445993100931e+02 3.452793445993100931e+02 3.385293445993100931e+02 3.052934459931006472e+01
0.000000000000000000e+00 0.000000000000000000e+00 0.000000000000000000e+00 0.000000000000000000e+00 0.000000000000000000e+00 0.000000000000000000e+00 0.000000000000000000e+00
3.518647488360951456e+02 3.526147488360951456e+02 3.556147488360951456e+02 3.591147488360951456e+02 3.566147488360951456e+02 3.548647488360951456e+02 3.588647488360951456e+02
3.565607369280710941e+02 5.607369280711154147e-01 2.931073692807111541e+01 5.306073692807109410e+01 6.731073692807109410e+01 7.306073692807109410e+01 3.831073692807111541e+01
3.267316915136888156e+00 2.767316915136888156e+00 2.517316915136888156e+00 4.767316915136888156e+00 3.767316915136888156e+00 3.222673169151369166e+02 2.917673169151369166e+02
1.743572756446326366e+00 6.493572756446326366e+00 1.649357275644632637e+01 1.899357275644632637e+01 8.993572756446326366e+00 2.993572756446326366e+00 3.517435727564463264e+02
0.000000000000000000e+00 0.000000000000000000e+00 0.000000000000000000e+00 0.000000000000000000e+00 0.000000000000000000e+00 0.000000000000000000e+00 0.000000000000000000e+00
1.026225030204176392e+01 2.901225030204176392e+01 6.012250302041763916e+00 3.557622503020417639e+02 3.555122503020417639e+02 5.122503020417639163e-01 2.012250302041763916e+00
7.714587937664845185e+00 9.964587937664845185e+00 7.464587937664845185e+00 5.714587937664845185e+00 3.464587937664845185e+00 3.402145879376648736e+02 3.547145879376648736e+02
1.555484333165696853e+01 2.505484333165696853e+01 5.548433316569685303e-01 3.578048433316569685e+02 5.804843331656968530e+00 1.880484333165696853e+01 4.355484333165696853e+01
2.726917564068997990e+01 2.476917564068997990e+01 1.951917564068997990e+01 9.519175640689979900e+00 3.555191756406899799e+02 3.570191756406899799e+02 3.769175640689979900e+00
1.010957291118313606e+01 1.460957291118313606e+01 2.385957291118313606e+01 1.285957291118313606e+01 3.463595729111831361e+02 3.543595729111831361e+02 8.109572911183136057e+00
2.810687658804147304e+01 2.410687658804147304e+01 2.485687658804147304e+01 2.735687658804147304e+01 6.710687658804147304e+01 7.685687658804147304e+01 6.835687658804147304e+01
