0.000000000000000000e+00 0.000000000000000000e+00 0.000000000000000000e+00 0.000000000000000000e+00 0.000000000000000000e+00 0.000000000000000000e+00 0.000000000000000000e+00
0.000000000000000000e+00 0.000000000000000000e+00 0.000000000000000000e+00 0.000000000000000000e+00 0.000000000000000000e+00 0.000000000000000000e+00 0.000000000000000000e+00
0.000000000000000000e+00 0.000000000000000000e+00 0.000000000000000000e+00 0.000000000000000000e+00 0.000000000000000000e+00 0.000000000000000000e+00 0.000000000000000000e+00
0.000000000000000000e+00 0.000000000000000000e+00 0.000000000000000000e+00 0.000000000000000000e+00 0.000000000000000000e+00 0.000000000000000000e+00 0.000000000000000000e+00
0.000000000000000000e+00 0.000000000000000000e+00 0.000000000000000000e+00 0.000000000000000000e+00 0.000000000000000000e+00 0.000000000000000000e+00 0.000000000000000000e+00
0.000000000000000000e+00 0.000000000000000000e+00 0.000000000000000000e+00 0.000000000000000000e+00 0.000000000000000000e+00 0.000000000000000000e+00 0.000000000000000000e+00
0.000000000000000000e+00 0.000000000000000000e+00 0.000000000000000000e+00 0.000000000000000000e+00 0.000000000000000000e+00 0.000000000000000000e+00 0.000000000000000000e+00
0.000000000000000000e+00 0.000000000000000000e+00 0.000000000000000000e+00 0.000000000000000000e+00 0.000000000000000000e+00 0.000000000000000000e+00 0.000000000000000000e+00
0.000000000000000000e+00 0.000000000000000000e+00 0.000000000000000000e+00 0.000000000000000000e+00 0.000000000000000000e+00 0.000000000000000000e+00 0.000000000000000000e+00
0.000000000000000000e+00 0.000000000000000000e+00 0.000000000000000000e+00 0.000000000000000000e+00 0.000000000000000000e+00 0.000000000000000000e+00 0.000000000000000000e+00
0.000000000000000000e+00 0.000000000000000000e+00 0.000000000000000000e+00 0.000000000000000000e+00 0.000000000000000000e+00 0.000000000000000000e+00 0.000000000000000000e+00
0.000000000000000000e+00 0.000000000000000000e+00 0.000000000000000000e+00 0.000000000000000000e+00 0.000000000000000000e+00 0.000000000000000000e+00 0.000000000000000000e+00
0.000000000000000000e+00 0.000000000000000000e+00 0.000000000000000000e+00 0.000000000000000000e+00 0.000000000000000000e+00 0.000000000000000000e+00 0.000000000000000000e+00
0.000000000000000000e+00 0.000000000000000000e+00 0.000000000000000000e+00 0.000000000000000000e+00 0.000000000000000000e+00 0.000000000000000000e+00 0.000000000000000000e+00
0.000000000000000000e+00 0.000000000000000000e+00 0.000000000000000000e+00 0.000000000000000000e+00 0.000000000000000000e+00 0.000000000000000000e+00 0.000000000000000000e+00
0.000000000000000000e+00 0.000000000000000000e+00 0.000000000000000000e+00 0.000000000000000000e+00 0.000000000000000000e+00 0.000000000000000000e+00 0.000000000000000000e+00
0.000000000000000000e+00 0.000000000000000000e+00 0.000000000000000000e+00 0.000000000000000000e+00 0.000000000000000000e+00 0.000000000000000000e+00 0.000000000000000000e+00
0.000000000000000000e+00 0.000000000000000000e+00 0.000000000000000000e+00 0.000000000000000000e+00 0.000000000000000000e+00 0.000000000000000000e+00 0.000000000000000000e+00
0.000000000000000000e+00 0.000000000000000000e+00 0.000000000000000000e+00 0.000000000000000000e+00 0.000000000000000000e+00 0.000000000000000000e+00 0.000000000000000000e+00
0.000000000000000000e+00 0.000000000000000000e+00 0.000000000000000000e+00 0.000000000000000000e+00 0.000000000000000000e+00 0.000000000000000000e+00 0.000000000000000000e+00
0.000000000000000000e+00 0.000000000000000000e+00 0.000000000000000000e+00 0.000000000000000000e+00 0.000000000000000000e+00 0.000000000000000000e+00 0.000000000000000000e+00
0.000000000000000000e+00 0.000000000000000000e+00 0.000000000000000000e+00 0.000000000000000000e+00 0.000000000000000000e+00 0.000000000000000000e+00 0.000000000000000000e+00
0.000000000000000000e+00 0.000000000000000000e+00 0.000000000000000000e+00 0.000000000000000000e+00 0.000000000000000000e+00 0.000000000000000000e+00 0.000000000000000000e+00
7.053732309051105043e-01 7.554843487387765677e-01 8.078021946252097463e-01 9.116839792414167531e-01 8.194673955116271724e-01 2.511871120468495699e-01 3.507860971381497883e-01
6.993724825834258807e-01 8.385321568200634346e-01 9.351331668923426044e-01 9.267652781535437034e-01 8.500276483308678577e-01 9.238761943860147596e-01 8.118906058149019112e-01
6.847159408083128840e-01 8.627966557146186100e-01 8.623843678338984908e-01 8.371158619109259069e-01 7.471096703643553827e-01 4.999249074756192401e-01 5.819950779799856200e-01
4.564222940128597750e-01 5.133666554427461781e-01 8.269969148699740646e-01 9.561956542382521462e-01 9.691331709783010950e-01 9.289702038153107022e-01 7.318302874686440918e-01
0.000000000000000000e+00 0.000000000000000000e+00 0.000000000000000000e+00 0.000000000000000000e+00 0.000000000000000000e+00 0.000000000000000000e+00 0.000000000000000000e+00
7.835954153276146750e-01 8.365249909478885693e-01 8.766585130513223634e-01 8.233857860373630100e-01 8.873034517860916015e-01 6.496976479603123744e-01 3.947423481739547602e-01
2.701244851966907445e-01 2.142484016070098363e-01 1.887669398501081730e-01 4.037505186979122307e-01 4.861925005291430901e-01 1.284153386480169079e-01 5.379104038434731061e-01
6.390215081659551544e-01 7.351376663378935694e-01 7.070512121207574996e-01 3.827688329235390263e-01 4.652190500606565027e-01 5.199956308183166787e-01 3.425583290400048830e-01
9.032698862111372407e-01 9.225475491489661950e-01 9.382857790744481008e-01 9.312324306352417480e-01 8.721448351187338632e-01 6.001938820900993843e-01 6.453017024071465713e-01
0.000000000000000000e+00 0.000000000000000000e+00 0.000000000000000000e+00 0.000000000000000000e+00 0.000000000000000000e+00 0.000000000000000000e+00 0.000000000000000000e+00
6.944361080231413741e-01 7.980893737384210374e-01 8.457600885033448312e-01 9.286995570296976421e-01 9.846875343965898475e-01 9.878508065498634583e-01 9.928186716435012382e-01
8.754142016576320628e-01 9.207349423326820492e-01 8.158824493708324299e-01 7.610359221386552298e-01 7.404175727555480924e-01 5.750266644174042430e-01 3.455231536149483418e-01
7.969408105953389443e-01 7.377749181284255497e-01 7.686357864724849831e-01 8.390323300169487686e-01 8.672749162804198608e-01 5.043344418392075035e-01 5.306795529080057250e-01
8.575635653514191992e-01 7.151933860347027272e-01 5.313262307984659705e-01 5.713552709467923929e-01 7.080146982005037781e-01 7.885588252179523971e-01 9.123877968057102494e-01
6.826720447307887962e-01 7.429350151528651969e-01 5.206097477616292712e-01 2.459308130618035049e-01 4.471007433817930088e-01 3.051013675561680127e-01 3.902283400471894814e-01
6.691134384903902887e-01 5.771385506078268168e-01 5.758574724134246647e-01 5.765996940944930760e-01 8.057087046252640050e-01 8.923988291397676464e-01 8.380199305054519821e-01
