1.816505418565849794e+01 1.491505418565849794e+01 8.665054185658497943e+00 3.574150541856585050e+02 8.415054185658497943e+00 2.016505418565849794e+01 3.556650541856585050e+02
3.461554945049691696e+02 3.486554945049691696e+02 3.541554945049691696e+02 3.589054945049691696e+02 1.554945049691696113e-01 3.466554945049691696e+02 3.414054945049691696e+02
0.000000000000000000e+00 0.000000000000000000e+00 0.000000000000000000e+00 0.000000000000000000e+00 0.000000000000000000e+00 0.000000000000000000e+00 0.000000000000000000e+00
0.000000000000000000e+00 0.000000000000000000e+00 0.000000000000000000e+00 0.000000000000000000e+00 0.000000000000000000e+00 0.000000000000000000e+00 0.000000000000000000e+00
2.953598203329778471e+02 3.056098203329778471e+02 3.338598203329778471e+02 2.510982033297784710e+01 2.435982033297784710e+01 3.503598203329778471e+02 3.588598203329778471e+02
0.000000000000000000e+00 0.000000000000000000e+00 0.000000000000000000e+00 0.000000000000000000e+00 0.000000000000000000e+00 0.000000000000000000e+00 0.000000000000000000e+00
1.219519872237009395e+01 9.195198722370093947e+00 5.695198722370093947e+00 1.294519872237009395e+01 1.244519872237009395e+01 2.445198722370093947e+00 1.695198722370093947e+00
4.749350404555343630e-01 3.459749350404555344e+02 3.072249350404555344e+02 2.852249350404555344e+02 3.224935040455534363e+00 8.974935040455534363e+00 1.697493504045553436e+01
0.000000000000000000e+00 0.000000000000000000e+00 0.000000000000000000e+00 0.000000000000000000e+00 0.000000000000000000e+00 0.000000000000000000e+00 0.000000000000000000e+00
0.000000000000000000e+00 0.000000000000000000e+00 0.000000000000000000e+00 0.000000000000000000e+00 0.000000000000000000e+00 0.000000000000000000e+00 0.000000000000000000e+00
3.451021590926272324e+02 3.521590926272324396e-01 4.160215909262723244e+01 3.560215909262723244e+01 3.563521590926272324e+02 3.413521590926272324e+02 3.253521590926272324e+02
2.197022911542595409e+02 2.329522911542595409e+02 3.367022911542595693e+02 5.070229115425954092e+01 7.195229115425954092e+01 8.020229115425954092e+01 8.920229115425954092e+01
3.335589213844356777e+02 3.413089213844356777e+02 3.503089213844356777e+02 3.555589213844356777e+02 3.595589213844356777e+02 3.595589213844356777e+02 3.590589213844356777e+02
3.392851055489874170e+02 3.447851055489874170e+02 3.487851055489874170e+02 3.512851055489874170e+02 3.552851055489874170e+02 3.542851055489874170e+02 3.552851055489874170e+02
3.450378981339799225e+02 3.497878981339799225e+02 3.507878981339799225e+02 3.490378981339799225e+02 3.467878981339799225e+02 3.457878981339799225e+02 3.465378981339799225e+02
0.000000000000000000e+00 0.000000000000000000e+00 0.000000000000000000e+00 0.000000000000000000e+00 0.000000000000000000e+00 0.000000000000000000e+00 0.000000000000000000e+00
0.000000000000000000e+00 0.000000000000000000e+00 0.000000000000000000e+00 0.000000000000000000e+00 0.000000000000000000e+00 0.000000000000000000e+00 0.000000000000000000e+00
2.676420584719875251e+01 2.701420584719875251e+01 2.476420584719875251e+01 1.451420584719875251e+01 6.764205847198752508e+00 5.142058471987525081e-01 3.557642058471987525e+02
3.495609713403277397e+02 3.515609713403277397e+02 3.560609713403277397e+02 3.575609713403277397e+02 3.498109713403277397e+02 3.295609713403277397e+02 3.148109713403277397e+02
0.000000000000000000e+00 0.000000000000000000e+00 0.000000000000000000e+00 0.000000000000000000e+00 0.000000000000000000e+00 0.000000000000000000e+00 0.000000000000000000e+00
0.000000000000000000e+00 0.000000000000000000e+00 0.000000000000000000e+00 0.000000000000000000e+00 0.000000000000000000e+00 0.000000000000000000e+00 0.000000000000000000e+00
9.049642198880974320e+00 8.299642198880974320e+00 5.049642198880974320e+00 3.549642198880974320e+00 4.964219888097431976e-02 3.575496421988809743e+02 3.530496421988809743e+02
3.543144194087014966e+02 3.583144194087014966e+02 3.423144194087014966e+02 3.198144194087014966e+02 3.240644194087014966e+02 5.644194087014966499e-01 6.064419408701496650e+00
0.000000000000000000e+00 0.000000000000000000e+00 0.000000000000000000e+00 0.000000000000000000e+00 0.000000000000000000e+00 0.000000000000000000e+00 0.000000000000000000e+00
0.000000000000000000e+00 0.000000000000000000e+00 0.000000000000000000e+00 0.000000000000000000e+00 0.000000000000000000e+00 0.000000000000000000e+00 0.000000000000000000e+00
3.423292058660730959e+02 3.458292058660730959e+02 3.500792058660730959e+02 3.528292058660730959e+02 3.500792058660730959e+02 3.470792058660730959e+02 3.410792058660730959e+02
0.000000000000000000e+00 0.000000000000000000e+00 0.000000000000000000e+00 0.000000000000000000e+00 0.000000000000000000e+00 0.000000000000000000e+00 0.000000000000000000e+00
0.000000000000000000e+00 0.000000000000000000e+00 0.000000000000000000e+00 0.000000000000000000e+00 0.000000000000000000e+00 0.000000000000000000e+00 0.000000000000000000e+00
1.815219484471180067e+01 2.290219484471180067e+01 2.340219484471180067e+01 2.840219484471180067e+01 3.990219484471180067e+01 4.640219484471180067e+01 6.515219484471180067e+01
1.435971621073679927e+01 1.760971621073679216e+01 1.910971621073679216e+01 3.516097162107367922e+02 3.541097162107367922e+02 4.609716210736799269e+00 3.581097162107367922e+02
0.000000000000000000e+00 0.000000000000000000e+00 0.000000000000000000e+00 0.000000000000000000e+00 0.000000000000000000e+00 0.000000000000000000e+00 0.000000000000000000e+00
3.416996953438228957e+02 3.544496953438228957e+02 3.289496953438228957e+02 3.234496953438228957e+02 3.366996953438228957e+02 1.569969534382289567e+01 4.519969534382289567e+01
0.000000000000000000e+00 0.000000000000000000e+00 0.000000000000000000e+00 0.000000000000000000e+00 0.000000000000000000e+00 0.000000000000000000e+00 0.000000000000000000e+00
7.359784317437913614e+00 9.109784317437913614e+00 1.335978431743791361e+01 2.785978431743791361e+01 2.710978431743791361e+01 6.335978431743791361e+01 4.485978431743791361e+01
3.598728645858390678e+02 8.872864585839067786e+00 9.872864585839067786e+00 9.872864585839067786e+00 7.872864585839067786e+00 3.593728645858390678e+02 3.568728645858390678e+02
3.521158773755408902e+02 3.551158773755408902e+02 3.571158773755408902e+02 3.571158773755408902e+02 3.576158773755408902e+02 3.466158773755408902e+02 3.491158773755408902e+02
3.425284803605184720e+02 3.490284803605184720e+02 3.565284803605184720e+02 2.848036051847202543e-02 1.028480360518472025e+00 3.528480360518472025e+00 5.028480360518472025e+00
3.450309142562725810e+02 3.487809142562725810e+02 3.490309142562725810e+02 3.437809142562725810e+02 3.422809142562725810e+02 3.422809142562725810e+02 3.430309142562725810e+02
1.550128630817658859e+01 7.251286308176588591e+00 3.595012863081765886e+02 1.751286308176588591e+00 1.200128630817658859e+01 1.050128630817658859e+01 1.251286308176588591e+00
0.000000000000000000e+00 0.000000000000000000e+00 0.000000000000000000e+00 0.000000000000000000e+00 0.000000000000000000e+00 0.000000000000000000e+00 0.000000000000000000e+00
3.404748717793172545e+02 3.467248717793172545e+02 3.549748717793172545e+02 9.748717793172545498e-01 2.224871779317254550e+00 3.574748717793172545e+02 3.534748717793172545e+02
0.000000000000000000e+00 0.000000000000000000e+00 0.000000000000000000e+00 0.000000000000000000e+00 0.000000000000000000e+00 0.000000000000000000e+00 0.000000000000000000e+00
0.000000000000000000e+00 0.000000000000000000e+00 0.000000000000000000e+00 0.000000000000000000e+00 0.000000000000000000e+00 0.000000000000000000e+00 0.000000000000000000e+00
3.426385485625441447e+02 3.113885485625441447e+02 2.853885485625441447e+02 2.971385485625441447e+02 3.213885485625441447e+02 3.263885485625441447e+02 3.451385485625441447e+02
3.526037300285478295e+02 3.546037300285478295e+02 1.103730028547801112e+00 4.103730028547801112e+00 8.537300285478011119e-01 3.103730028547801112e+00 2.103730028547801112e+00
3.308495966722987305e+02 3.265995966722987305e+02 3.310995966722987305e+02 3.565995966722987305e+02 2.384959667229875890e+01 2.384959667229875890e+01 1.284959667229875890e+01
3.259015178430753394e+02 3.439015178430753394e+02 6.151517843075339442e+00 5.690151784307533944e+01 7.390151784307533944e+01 2.990151784307533944e+01 3.201515178430753394e+02
3.316780296346832415e+02 3.426780296346832415e+02 3.499280296346832415e+02 4.392802963468324151e+01 6.692802963468324151e+01 8.678029634683241511e+00 3.189280296346832415e+02
9.353433803959660509e+00 3.103433803959660509e+00 3.568534338039596605e+02 1.034338039596605086e-01 1.160343380395966051e+01 5.603433803959660509e+00 2.603433803959660509e+00
0.000000000000000000e+00 0.000000000000000000e+00 0.000000000000000000e+00 0.000000000000000000e+00 0.000000000000000000e+00 0.000000000000000000e+00 0.000000000000000000e+00
3.452154784954142315e+02 3.477154784954142315e+02 3.499654784954142315e+02 3.527154784954142315e+02 3.589654784954142315e+02 1.965478495414231475e+00 3.465478495414231475e+00
3.553705770933074177e+02 1.205770933074177265e-01 1.120577093307417726e+00 3.551205770933074177e+02 6.620577093307417726e+00 3.576205770933074177e+02 3.551205770933074177e+02
1.238864141809830244e+01 2.088864141809830244e+01 2.438864141809830244e+01 1.963864141809830244e+01 3.388641418098302438e+00 3.526386414180983024e+02 3.536386414180983024e+02
4.257120096717173396e+00 7.120096717173396428e-03 3.595071200967171876e+02 1.507120096717173396e+00 3.462571200967171876e+02 3.535071200967171876e+02 1.025712009671717340e+01
3.459515929102452105e+02 3.479515929102452105e+02 3.519515929102452105e+02 3.594515929102452105e+02 4.515929102452105326e-01 3.437015929102452105e+02 3.299515929102452105e+02
1.422758941769609464e+01 9.727589417696094642e+00 3.977589417696094642e+00 2.977589417696094642e+00 3.227589417696094642e+00 1.622758941769609464e+01 3.477589417696094642e+00
3.475459546829576993e+02 3.447959546829576993e+02 3.440459546829576993e+02 3.487959546829576993e+02 3.565459546829576993e+02 7.959546829576993332e-01 3.585459546829576993e+02
3.471443484520619904e+02 3.446443484520619904e+02 3.436443484520619904e+02 3.483943484520619904e+02 3.561443484520619904e+02 3.943484520620188505e-01 3.581443484520619904e+02
0.000000000000000000e+00 0.000000000000000000e+00 0.000000000000000000e+00 0.000000000000000000e+00 0.000000000000000000e+00 0.000000000000000000e+00 0.000000000000000000e+00
3.400684834384945248e+02 3.480684834384945248e+02 1.131848343849452476e+01 3.288184834384945248e+02 3.050684834384945248e+02 3.048184834384945248e+02 3.390684834384945248e+02
0.000000000000000000e+00 0.000000000000000000e+00 0.000000000000000000e+00 0.000000000000000000e+00 0.000000000000000000e+00 0.000000000000000000e+00 0.000000000000000000e+00
3.362962740837435263e+02 3.420462740837435263e+02 3.532962740837435263e+02 1.929627408374352626e+01 8.546274083743526262e+00 3.540462740837435263e+02 2.962740837435262620e-01
0.000000000000000000e+00 0.000000000000000000e+00 0.000000000000000000e+00 0.000000000000000000e+00 0.000000000000000000e+00 0.000000000000000000e+00 0.000000000000000000e+00
3.100465064684567551e+02 3.392965064684567551e+02 9.046506468456755101e+00 2.004650646845675510e+01 3.204650646845675510e+01 3.445465064684567551e+02 2.930465064684567551e+02
0.000000000000000000e+00 0.000000000000000000e+00 0.000000000000000000e+00 0.000000000000000000e+00 0.000000000000000000e+00 0.000000000000000000e+00 0.000000000000000000e+00
0.000000000000000000e+00 0.000000000000000000e+00 0.000000000000000000e+00 0.000000000000000000e+00 0.000000000000000000e+00 0.000000000000000000e+00 0.000000000000000000e+00
1.859312572582973644e+01 2.359312572582973644e+01 2.309312572582973644e+01 1.834312572582973644e+01 3.595931257258297364e+02 2.734312572582973644e+01 4.659312572582973644e+01
3.597334523910305961e+02 7.334523910305676964e-01 3.489834523910305961e+02 3.459834523910305961e+02 3.557334523910305961e+02 3.569834523910305961e+02 3.592334523910305961e+02
5.625394846186566156e+00 1.462539484618656616e+01 3.087539484618656616e+01 3.112539484618656616e+01 2.812539484618656616e+01 6.587539484618656616e+01 8.087539484618656616e+01
0.000000000000000000e+00 0.000000000000000000e+00 0.000000000000000000e+00 0.000000000000000000e+00 0.000000000000000000e+00 0.000000000000000000e+00 0.000000000000000000e+00
1.314465422886786428e+01 1.139465422886786428e+01 9.644654228867864276e+00 1.139465422886786428e+01 2.414465422886786428e+01 2.144654228867864276e+00 1.644654228867864276e+00
0.000000000000000000e+00 0.000000000000000000e+00 0.000000000000000000e+00 0.000000000000000000e+00 0.000000000000000000e+00 0.000000000000000000e+00 0.000000000000000000e+00
0.000000000000000000e+00 0.000000000000000000e+00 0.000000000000000000e+00 0.000000000000000000e+00 0.000000000000000000e+00 0.000000000000000000e+00 0.000000000000000000e+00
3.539138342278339451e+02 3.569138342278339451e+02 8.163834227833945079e+00 3.913834227833945079e+00 3.529138342278339451e+02 1.166383422783394508e+01 2.691383422783394508e+01
0.000000000000000000e+00 0.000000000000000000e+00 0.000000000000000000e+00 0.000000000000000000e+00 0.000000000000000000e+00 0.000000000000000000e+00 0.000000000000000000e+00
1.156568973574655956e+01 1.631568973574655956e+01 2.131568973574655956e+01 2.256568973574655956e+01 1.831568973574655956e+01 9.315689735746559563e+00 3.598156897357465596e+02
1.904252098878816923e+01 3.454252098878816923e+01 3.504252098878816923e+01 3.204252098878816923e+01 2.854252098878816923e+01 2.554252098878816923e+01 3.204252098878816923e+01
2.440029501192231010e+01 2.965029501192231010e+01 1.965029501192231010e+01 2.915029501192231010e+01 2.540029501192231010e+01 2.440029501192231010e+01 2.515029501192231010e+01
1.448777081631169494e+01 3.574877708163116949e+02 3.489877708163116949e+02 3.287377708163116949e+02 3.032377708163116949e+02 3.504877708163116949e+02 3.582377708163116949e+02
1.687655113348199620e+01 8.376551133481996203e+00 3.193765511334819962e+02 3.203765511334819962e+02 1.587655113348199620e+01 7.312655113348199620e+01 5.937655113348199620e+01
0.000000000000000000e+00 0.000000000000000000e+00 0.000000000000000000e+00 0.000000000000000000e+00 0.000000000000000000e+00 0.000000000000000000e+00 0.000000000000000000e+00
1.954254401371599670e+00 7.704254401371599670e+00 1.295425440137159967e+01 1.520425440137159967e+01 1.370425440137159967e+01 1.145425440137159967e+01 5.204254401371599670e+00
3.359689055988856126e+02 3.419689055988856126e+02 3.549689055988856126e+02 5.968905598885640984e+00 3.507189055988856126e+02 3.549689055988856126e+02 3.407189055988856126e+02
1.871102381366006284e+01 1.446102381366006284e+01 6.211023813660062842e+00 3.211023813660062842e+00 3.589610238136600628e+02 3.587110238136600628e+02 3.554610238136600628e+02
3.498027948808048109e+02 3.363027948808048109e+02 3.323027948808048109e+02 3.530527948808048109e+02 5.279488080481087309e-02 2.680279488080481087e+01 2.530279488080481087e+01
1.186802400924011636e+01 7.618024009240116357e+00 3.581180240092401164e+02 2.036802400924011636e+01 2.186802400924011636e+01 3.521180240092401164e+02 3.598680240092401164e+02
1.176242115887305317e+01 7.262421158873053173e+00 3.590124211588730532e+02 2.251242115887305317e+01 2.351242115887305317e+01 3.517624211588730532e+02 2.624211588730531730e-01
1.295313752638003280e+01 1.195313752638003280e+01 2.703137526380032796e+00 3.527031375263800328e+02 3.559531375263800328e+02 3.482031375263800328e+02 3.482031375263800328e+02
0.000000000000000000e+00 0.000000000000000000e+00 0.000000000000000000e+00 0.000000000000000000e+00 0.000000000000000000e+00 0.000000000000000000e+00 0.000000000000000000e+00
0.000000000000000000e+00 0.000000000000000000e+00 0.000000000000000000e+00 0.000000000000000000e+00 0.000000000000000000e+00 0.000000000000000000e+00 0.000000000000000000e+00
0.000000000000000000e+00 0.000000000000000000e+00 0.000000000000000000e+00 0.000000000000000000e+00 0.000000000000000000e+00 0.000000000000000000e+00 0.000000000000000000e+00
3.349930550476427698e+02 3.993055047642741329e+00 3.949305504764274133e+01 5.049305504764274133e+01 5.324305504764274133e+01 3.174930550476427698e+02 2.849930550476427698e+02
3.157833515342427972e+02 3.435333515342427972e+02 1.503335153424276882e+01 3.365333515342427972e+02 2.822833515342427972e+02 5.128335153424276882e+01 3.370333515342427972e+02
0.000000000000000000e+00 0.000000000000000000e+00 0.000000000000000000e+00 0.000000000000000000e+00 0.000000000000000000e+00 0.000000000000000000e+00 0.000000000000000000e+00
0.000000000000000000e+00 0.000000000000000000e+00 0.000000000000000000e+00 0.000000000000000000e+00 0.000000000000000000e+00 0.000000000000000000e+00 0.000000000000000000e+00
0.000000000000000000e+00 0.000000000000000000e+00 0.000000000000000000e+00 0.000000000000000000e+00 0.000000000000000000e+00 0.000000000000000000e+00 0.000000000000000000e+00
0.000000000000000000e+00 0.000000000000000000e+00 0.000000000000000000e+00 0.000000000000000000e+00 0.000000000000000000e+00 0.000000000000000000e+00 0.000000000000000000e+00
0.000000000000000000e+00 0.000000000000000000e+00 0.000000000000000000e+00 0.000000000000000000e+00 0.000000000000000000e+00 0.000000000000000000e+00 0.000000000000000000e+00
0.000000000000000000e+00 0.000000000000000000e+00 0.000000000000000000e+00 0.000000000000000000e+00 0.000000000000000000e+00 0.000000000000000000e+00 0.000000000000000000e+00
0.000000000000000000e+00 0.000000000000000000e+00 0.000000000000000000e+00 0.000000000000000000e+00 0.000000000000000000e+00 0.000000000000000000e+00 0.000000000000000000e+00
0.000000000000000000e+00 0.000000000000000000e+00 0.000000000000000000e+00 0.000000000000000000e+00 0.000000000000000000e+00 0.000000000000000000e+00 0.000000000000000000e+00
0.000000000000000000e+00 0.000000000000000000e+00 0.000000000000000000e+00 0.000000000000000000e+00 0.000000000000000000e+00 0.000000000000000000e+00 0.000000000000000000e+00
0.000000000000000000e+00 0.000000000000000000e+00 0.000000000000000000e+00 0.000000000000000000e+00 0.000000000000000000e+00 0.000000000000000000e+00 0.000000000000000000e+00
0.000000000000000000e+00 0.000000000000000000e+00 0.000000000000000000e+00 0.000000000000000000e+00 0.000000000000000000e+00 0.000000000000000000e+00 0.000000000000000000e+00
0.000000000000000000e+00 0.000000000000000000e+00 0.000000000000000000e+00 0.000000000000000000e+00 0.000000000000000000e+00 0.000000000000000000e+00 0.000000000000000000e+00
0.000000000000000000e+00 0.000000000000000000e+00 0.000000000000000000e+00 0.000000000000000000e+00 0.000000000000000000e+00 0.000000000000000000e+00 0.000000000000000000e+00
0.000000000000000000e+00 0.000000000000000000e+00 0.000000000000000000e+00 0.000000000000000000e+00 0.000000000000000000e+00 0.000000000000000000e+00 0.000000000000000000e+00
0.000000000000000000e+00 0.000000000000000000e+00 0.000000000000000000e+00 0.000000000000000000e+00 0.000000000000000000e+00 0.000000000000000000e+00 0.000000000000000000e+00
0.000000000000000000e+00 0.000000000000000000e+00 0.000000000000000000e+00 0.000000000000000000e+00 0.000000000000000000e+00 0.000000000000000000e+00 0.000000000000000000e+00
0.000000000000000000e+00 0.000000000000000000e+00 0.000000000000000000e+00 0.000000000000000000e+00 0.000000000000000000e+00 0.000000000000000000e+00 0.000000000000000000e+00
0.000000000000000000e+00 0.000000000000000000e+00 0.000000000000000000e+00 0.000000000000000000e+00 0.000000000000000000e+00 0.000000000000000000e+00 0.000000000000000000e+00
0.000000000000000000e+00 0.000000000000000000e+00 0.000000000000000000e+00 0.000000000000000000e+00 0.000000000000000000e+00 0.000000000000000000e+00 0.000000000000000000e+00
0.000000000000000000e+00 0.000000000000000000e+00 0.000000000000000000e+00 0.000000000000000000e+00 0.000000000000000000e+00 0.000000000000000000e+00 0.000000000000000000e+00
0.000000000000000000e+00 0.000000000000000000e+00 0.000000000000000000e+00 0.000000000000000000e+00 0.000000000000000000e+00 0.000000000000000000e+00 0.000000000000000000e+00
0.000000000000000000e+00 0.000000000000000000e+00 0.000000000000000000e+00 0.000000000000000000e+00 0.000000000000000000e+00 0.000000000000000000e+00 0.000000000000000000e+00
0.000000000000000000e+00 0.000000000000000000e+00 0.000000000000000000e+00 0.000000000000000000e+00 0.000000000000000000e+00 0.000000000000000000e+00 0.000000000000000000e+00
0.000000000000000000e+00 0.000000000000000000e+00 0.000000000000000000e+00 0.000000000000000000e+00 0.000000000000000000e+00 0.000000000000000000e+00 0.000000000000000000e+00
0.000000000000000000e+00 0.000000000000000000e+00 0.000000000000000000e+00 0.000000000000000000e+00 0.000000000000000000e+00 0.000000000000000000e+00 0.000000000000000000e+00
0.000000000000000000e+00 0.000000000000000000e+00 0.000000000000000000e+00 0.000000000000000000e+00 0.000000000000000000e+00 0.000000000000000000e+00 0.000000000000000000e+00
0.000000000000000000e+00 0.000000000000000000e+00 0.000000000000000000e+00 0.000000000000000000e+00 0.000000000000000000e+00 0.000000000000000000e+00 0.000000000000000000e+00
0.000000000000000000e+00 0.000000000000000000e+00 0.000000000000000000e+00 0.000000000000000000e+00 0.000000000000000000e+00 0.000000000000000000e+00 0.000000000000000000e+00
0.000000000000000000e+00 0.000000000000000000e+00 0.000000000000000000e+00 0.000000000000000000e+00 0.000000000000000000e+00 0.000000000000000000e+00 0.000000000000000000e+00
0.000000000000000000e+00 0.000000000000000000e+00 0.000000000000000000e+00 0.000000000000000000e+00 0.000000000000000000e+00 0.000000000000000000e+00 0.000000000000000000e+00
0.000000000000000000e+00 0.000000000000000000e+00 0.000000000000000000e+00 0.000000000000000000e+00 0.000000000000000000e+00 0.000000000000000000e+00 0.000000000000000000e+00
0.000000000000000000e+00 0.000000000000000000e+00 0.000000000000000000e+00 0.000000000000000000e+00 0.000000000000000000e+00 0.000000000000000000e+00 0.000000000000000000e+00
0.000000000000000000e+00 0.000000000000000000e+00 0.000000000000000000e+00 0.000000000000000000e+00 0.000000000000000000e+00 0.000000000000000000e+00 0.000000000000000000e+00
0.000000000000000000e+00 0.000000000000000000e+00 0.000000000000000000e+00 0.000000000000000000e+00 0.000000000000000000e+00 0.000000000000000000e+00 0.000000000000000000e+00
0.000000000000000000e+00 0.000000000000000000e+00 0.000000000000000000e+00 0.000000000000000000e+00 0.000000000000000000e+00 0.000000000000000000e+00 0.000000000000000000e+00
0.000000000000000000e+00 0.000000000000000000e+00 0.000000000000000000e+00 0.000000000000000000e+00 0.000000000000000000e+00 0.000000000000000000e+00 0.000000000000000000e+00
0.000000000000000000e+00 0.000000000000000000e+00 0.000000000000000000e+00 0.000000000000000000e+00 0.000000000000000000e+00 0.000000000000000000e+00 0.000000000000000000e+00
0.000000000000000000e+00 0.000000000000000000e+00 0.000000000000000000e+00 0.000000000000000000e+00 0.000000000000000000e+00 0.000000000000000000e+00 0.000000000000000000e+00
0.000000000000000000e+00 0.000000000000000000e+00 0.000000000000000000e+00 0.000000000000000000e+00 0.000000000000000000e+00 0.000000000000000000e+00 0.000000000000000000e+00
0.000000000000000000e+00 0.000000000000000000e+00 0.000000000000000000e+00 0.000000000000000000e+00 0.000000000000000000e+00 0.000000000000000000e+00 0.000000000000000000e+00
0.000000000000000000e+00 0.000000000000000000e+00 0.000000000000000000e+00 0.000000000000000000e+00 0.000000000000000000e+00 0.000000000000000000e+00 0.000000000000000000e+00
0.000000000000000000e+00 0.000000000000000000e+00 0.000000000000000000e+00 0.000000000000000000e+00 0.000000000000000000e+00 0.000000000000000000e+00 0.000000000000000000e+00
0.000000000000000000e+00 0.000000000000000000e+00 0.000000000000000000e+00 0.000000000000000000e+00 0.000000000000000000e+00 0.000000000000000000e+00 0.000000000000000000e+00
0.000000000000000000e+00 0.000000000000000000e+00 0.000000000000000000e+00 0.000000000000000000e+00 0.000000000000000000e+00 0.000000000000000000e+00 0.000000000000000000e+00
0.000000000000000000e+00 0.000000000000000000e+00 0.000000000000000000e+00 0.000000000000000000e+00 0.000000000000000000e+00 0.000000000000000000e+00 0.000000000000000000e+00
0.000000000000000000e+00 0.000000000000000000e+00 0.000000000000000000e+00 0.000000000000000000e+00 0.000000000000000000e+00 0.000000000000000000e+00 0.000000000000000000e+00
0.000000000000000000e+00 0.000000000000000000e+00 0.000000000000000000e+00 0.000000000000000000e+00 0.000000000000000000e+00 0.000000000000000000e+00 0.000000000000000000e+00
0.000000000000000000e+00 0.000000000000000000e+00 0.000000000000000000e+00 0.000000000000000000e+00 0.000000000000000000e+00 0.000000000000000000e+00 0.000000000000000000e+00
0.000000000000000000e+00 0.000000000000000000e+00 0.000000000000000000e+00 0.000000000000000000e+00 0.000000000000000000e+00 0.000000000000000000e+00 0.000000000000000000e+00
0.000000000000000000e+00 0.000000000000000000e+00 0.000000000000000000e+00 0.000000000000000000e+00 0.000000000000000000e+00 0.000000000000000000e+00 0.000000000000000000e+00
0.000000000000000000e+00 0.000000000000000000e+00 0.000000000000000000e+00 0.000000000000000000e+00 0.000000000000000000e+00 0.000000000000000000e+00 0.000000000000000000e+00
0.000000000000000000e+00 0.000000000000000000e+00 0.000000000000000000e+00 0.000000000000000000e+00 0.000000000000000000e+00 0.000000000000000000e+00 0.000000000000000000e+00
0.000000000000000000e+00 0.000000000000000000e+00 0.000000000000000000e+00 0.000000000000000000e+00 0.000000000000000000e+00 0.000000000000000000e+00 0.000000000000000000e+00
0.000000000000000000e+00 0.000000000000000000e+00 0.000000000000000000e+00 0.000000000000000000e+00 0.000000000000000000e+00 0.000000000000000000e+00 0.000000000000000000e+00
0.000000000000000000e+00 0.000000000000000000e+00 0.000000000000000000e+00 0.000000000000000000e+00 0.000000000000000000e+00 0.000000000000000000e+00 0.000000000000000000e+00
0.000000000000000000e+00 0.000000000000000000e+00 0.000000000000000000e+00 0.000000000000000000e+00 0.000000000000000000e+00 0.000000000000000000e+00 0.000000000000000000e+00
0.000000000000000000e+00 0.000000000000000000e+00 0.000000000000000000e+00 0.000000000000000000e+00 0.000000000000000000e+00 0.000000000000000000e+00 0.000000000000000000e+00
0.000000000000000000e+00 0.000000000000000000e+00 0.000000000000000000e+00 0.000000000000000000e+00 0.000000000000000000e+00 0.000000000000000000e+00 0.000000000000000000e+00
0.000000000000000000e+00 0.000000000000000000e+00 0.000000000000000000e+00 0.000000000000000000e+00 0.000000000000000000e+00 0.000000000000000000e+00 0.000000000000000000e+00
0.000000000000000000e+00 0.000000000000000000e+00 0.000000000000000000e+00 0.000000000000000000e+00 0.000000000000000000e+00 0.000000000000000000e+00 0.000000000000000000e+00
0.000000000000000000e+00 0.000000000000000000e+00 0.000000000000000000e+00 0.000000000000000000e+00 0.000000000000000000e+00 0.000000000000000000e+00 0.000000000000000000e+00
0.000000000000000000e+00 0.000000000000000000e+00 0.000000000000000000e+00 0.000000000000000000e+00 0.000000000000000000e+00 0.000000000000000000e+00 0.000000000000000000e+00
0.000000000000000000e+00 0.000000000000000000e+00 0.000000000000000000e+00 0.000000000000000000e+00 0.000000000000000000e+00 0.000000000000000000e+00 0.000000000000000000e+00
0.000000000000000000e+00 0.000000000000000000e+00 0.000000000000000000e+00 0.000000000000000000e+00 0.000000000000000000e+00 0.000000000000000000e+00 0.000000000000000000e+00
0.000000000000000000e+00 0.000000000000000000e+00 0.000000000000000000e+00 0.000000000000000000e+00 0.000000000000000000e+00 0.000000000000000000e+00 0.000000000000000000e+00
0.000000000000000000e+00 0.000000000000000000e+00 0.000000000000000000e+00 0.000000000000000000e+00 0.000000000000000000e+00 0.000000000000000000e+00 0.000000000000000000e+00
0.000000000000000000e+00 0.000000000000000000e+00 0.000000000000000000e+00 0.000000000000000000e+00 0.000000000000000000e+00 0.000000000000000000e+00 0.000000000000000000e+00
0.000000000000000000e+00 0.000000000000000000e+00 0.000000000000000000e+00 0.000000000000000000e+00 0.000000000000000000e+00 0.000000000000000000e+00 0.000000000000000000e+00
0.000000000000000000e+00 0.000000000000000000e+00 0.000000000000000000e+00 0.000000000000000000e+00 0.000000000000000000e+00 0.000000000000000000e+00 0.000000000000000000e+00
0.000000000000000000e+00 0.000000000000000000e+00 0.000000000000000000e+00 0.000000000000000000e+00 0.000000000000000000e+00 0.000000000000000000e+00 0.000000000000000000e+00
0.000000000000000000e+00 0.000000000000000000e+00 0.000000000000000000e+00 0.000000000000000000e+00 0.000000000000000000e+00 0.000000000000000000e+00 0.000000000000000000e+00
0.000000000000000000e+00 0.000000000000000000e+00 0.000000000000000000e+00 0.000000000000000000e+00 0.000000000000000000e+00 0.000000000000000000e+00 0.000000000000000000e+00
0.000000000000000000e+00 0.000000000000000000e+00 0.000000000000000000e+00 0.000000000000000000e+00 0.000000000000000000e+00 0.000000000000000000e+00 0.000000000000000000e+00
0.000000000000000000e+00 0.000000000000000000e+00 0.000000000000000000e+00 0.000000000000000000e+00 0.000000000000000000e+00 0.000000000000000000e+00 0.000000000000000000e+00
0.000000000000000000e+00 0.000000000000000000e+00 0.000000000000000000e+00 0.000000000000000000e+00 0.000000000000000000e+00 0.000000000000000000e+00 0.000000000000000000e+00
0.000000000000000000e+00 0.000000000000000000e+00 0.000000000000000000e+00 0.000000000000000000e+00 0.000000000000000000e+00 0.000000000000000000e+00 0.000000000000000000e+00
0.000000000000000000e+00 0.000000000000000000e+00 0.000000000000000000e+00 0.000000000000000000e+00 0.000000000000000000e+00 0.000000000000000000e+00 0.000000000000000000e+00
0.000000000000000000e+00 0.000000000000000000e+00 0.000000000000000000e+00 0.000000000000000000e+00 0.000000000000000000e+00 0.000000000000000000e+00 0.000000000000000000e+00
0.000000000000000000e+00 0.000000000000000000e+00 0.000000000000000000e+00 0.000000000000000000e+00 0.000000000000000000e+00 0.000000000000000000e+00 0.000000000000000000e+00
0.000000000000000000e+00 0.000000000000000000e+00 0.000000000000000000e+00 0.000000000000000000e+00 0.000000000000000000e+00 0.000000000000000000e+00 0.000000000000000000e+00
0.000000000000000000e+00 0.000000000000000000e+00 0.000000000000000000e+00 0.000000000000000000e+00 0.000000000000000000e+00 0.000000000000000000e+00 0.000000000000000000e+00
0.000000000000000000e+00 0.000000000000000000e+00 0.000000000000000000e+00 0.000000000000000000e+00 0.000000000000000000e+00 0.000000000000000000e+00 0.000000000000000000e+00
0.000000000000000000e+00 0.000000000000000000e+00 0.000000000000000000e+00 0.000000000000000000e+00 0.000000000000000000e+00 0.000000000000000000e+00 0.000000000000000000e+00
0.000000000000000000e+00 0.000000000000000000e+00 0.000000000000000000e+00 0.000000000000000000e+00 0.000000000000000000e+00 0.000000000000000000e+00 0.000000000000000000e+00
0.000000000000000000e+00 0.000000000000000000e+00 0.000000000000000000e+00 0.000000000000000000e+00 0.000000000000000000e+00 0.000000000000000000e+00 0.000000000000000000e+00
0.000000000000000000e+00 0.000000000000000000e+00 0.000000000000000000e+00 0.000000000000000000e+00 0.000000000000000000e+00 0.000000000000000000e+00 0.000000000000000000e+00
0.000000000000000000e+00 0.000000000000000000e+00 0.000000000000000000e+00 0.000000000000000000e+00 0.000000000000000000e+00 0.000000000000000000e+00 0.000000000000000000e+00
0.000000000000000000e+00 0.000000000000000000e+00 0.000000000000000000e+00 0.000000000000000000e+00 0.000000000000000000e+00 0.000000000000000000e+00 0.000000000000000000e+00
0.000000000000000000e+00 0.000000000000000000e+00 0.000000000000000000e+00 0.000000000000000000e+00 0.000000000000000000e+00 0.000000000000000000e+00 0.000000000000000000e+00
0.000000000000000000e+00 0.000000000000000000e+00 0.000000000000000000e+00 0.000000000000000000e+00 0.000000000000000000e+00 0.000000000000000000e+00 0.000000000000000000e+00
0.000000000000000000e+00 0.000000000000000000e+00 0.000000000000000000e+00 0.000000000000000000e+00 0.000000000000000000e+00 0.000000000000000000e+00 0.000000000000000000e+00
0.000000000000000000e+00 0.000000000000000000e+00 0.000000000000000000e+00 0.000000000000000000e+00 0.000000000000000000e+00 0.000000000000000000e+00 0.000000000000000000e+00
0.000000000000000000e+00 0.000000000000000000e+00 0.000000000000000000e+00 0.000000000000000000e+00 0.000000000000000000e+00 0.000000000000000000e+00 0.000000000000000000e+00
0.000000000000000000e+00 0.000000000000000000e+00 0.000000000000000000e+00 0.000000000000000000e+00 0.000000000000000000e+00 0.000000000000000000e+00 0.000000000000000000e+00
0.000000000000000000e+00 0.000000000000000000e+00 0.000000000000000000e+00 0.000000000000000000e+00 0.000000000000000000e+00 0.000000000000000000e+00 0.000000000000000000e+00
0.000000000000000000e+00 0.000000000000000000e+00 0.000000000000000000e+00 0.000000000000000000e+00 0.000000000000000000e+00 0.000000000000000000e+00 0.000000000000000000e+00
0.000000000000000000e+00 0.000000000000000000e+00 0.000000000000000000e+00 0.000000000000000000e+00 0.000000000000000000e+00 0.000000000000000000e+00 0.000000000000000000e+00
