4.617210319752473424e+00 3.117210319752473424e+00 3.568672103197524734e+02 3.466172103197524734e+02 3.513672103197524734e+02 3.491172103197524734e+02 6.117210319752473424e+00
5.299543011941182158e+00 3.545495430119411822e+02 1.254954301194118216e+01 2.654954301194118216e+01 2.279954301194118216e+01 3.254954301194118216e+01 7.799543011941182158e+00
0.000000000000000000e+00 0.000000000000000000e+00 0.000000000000000000e+00 0.000000000000000000e+00 0.000000000000000000e+00 0.000000000000000000e+00 0.000000000000000000e+00
0.000000000000000000e+00 0.000000000000000000e+00 0.000000000000000000e+00 0.000000000000000000e+00 0.000000000000000000e+00 0.000000000000000000e+00 0.000000000000000000e+00
3.535017059495800140e+02 7.751705949580014021e+00 3.592517059495800140e+02 3.355017059495800140e+02 3.001705949580014021e+00 3.350017059495800140e+02 3.190017059495800140e+02
0.000000000000000000e+00 0.000000000000000000e+00 0.000000000000000000e+00 0.000000000000000000e+00 0.000000000000000000e+00 0.000000000000000000e+00 0.000000000000000000e+00
3.156071876294037111e+02 3.223571876294037111e+02 5.085718762940371107e+01 2.485718762940371107e+01 3.035718762940371107e+01 2.560718762940371107e+01 4.935718762940371107e+01
1.681986346733458504e+01 2.319863467334585039e+00 3.565698634673345850e+02 3.555698634673345850e+02 3.553198634673345850e+02 7.319863467334585039e+00 1.406986346733458504e+01
0.000000000000000000e+00 0.000000000000000000e+00 0.000000000000000000e+00 0.000000000000000000e+00 0.000000000000000000e+00 0.000000000000000000e+00 0.000000000000000000e+00
0.000000000000000000e+00 0.000000000000000000e+00 0.000000000000000000e+00 0.000000000000000000e+00 0.000000000000000000e+00 0.000000000000000000e+00 0.000000000000000000e+00
1.335393467872415840e+01 1.335393467872415840e+01 7.103934678724158402e+00 3.583539346787241584e+02 3.406039346787241584e+02 3.293539346787241584e+02 3.408539346787241584e+02
6.052531670421956278e+01 6.827531670421956278e+01 7.452531670421956278e+01 3.467753167042195628e+02 3.387753167042195628e+02 6.525316704219562780e+00 3.592753167042195628e+02
3.482682383190050928e+02 3.375182383190050928e+02 4.018238319005092762e+00 4.768238319005092762e+00 3.542682383190050928e+02 3.532682383190050928e+02 3.580182383190050928e+02
2.410705264788362001e-01 3.547410705264788362e+02 3.492410705264788362e+02 3.507410705264788362e+02 3.554910705264788362e+02 4.910705264788362001e-01 9.991070526478836200e+00
1.199597710346637314e+01 1.199597710346637314e+01 3.572459771034663731e+02 3.497459771034663731e+02 3.552459771034663731e+02 4.495977103466373137e+00 2.995977103466373137e+00
0.000000000000000000e+00 0.000000000000000000e+00 0.000000000000000000e+00 0.000000000000000000e+00 0.000000000000000000e+00 0.000000000000000000e+00 0.000000000000000000e+00
0.000000000000000000e+00 0.000000000000000000e+00 0.000000000000000000e+00 0.000000000000000000e+00 0.000000000000000000e+00 0.000000000000000000e+00 0.000000000000000000e+00
3.592597247759508150e+02 3.510097247759508150e+02 4.259724775950815001e+00 3.537597247759508150e+02 2.700972477595081500e+01 6.259724775950815001e+00 3.759724775950815001e+00
3.568541886313316240e+02 3.563541886313316240e+02 3.466041886313316240e+02 3.511041886313316240e+02 1.354188631331624038e+00 3.598541886313316240e+02 5.354188631331624038e+00
0.000000000000000000e+00 0.000000000000000000e+00 0.000000000000000000e+00 0.000000000000000000e+00 0.000000000000000000e+00 0.000000000000000000e+00 0.000000000000000000e+00
0.000000000000000000e+00 0.000000000000000000e+00 0.000000000000000000e+00 0.000000000000000000e+00 0.000000000000000000e+00 0.000000000000000000e+00 0.000000000000000000e+00
1.396961864116894958e+01 1.071961864116894958e+01 2.371961864116894958e+01 3.369696186411689496e+02 3.559696186411689496e+02 3.467196186411689496e+02 6.719618641168949580e+00
8.464044626234795032e+00 3.564640446262347950e+02 3.572140446262347950e+02 2.964044626234795032e+00 3.579640446262347950e+02 3.494640446262347950e+02 3.432140446262347950e+02
0.000000000000000000e+00 0.000000000000000000e+00 0.000000000000000000e+00 0.000000000000000000e+00 0.000000000000000000e+00 0.000000000000000000e+00 0.000000000000000000e+00
3.593052712601829057e+02 3.520552712601829057e+02 5.305271260182905735e+00 3.555271260182905735e+00 3.460552712601829057e+02 3.285552712601829057e+02 3.520552712601829057e+02
3.524075726833400495e+02 1.657572683340049480e+00 3.399075726833400495e+02 3.479075726833400495e+02 1.240757268334004948e+01 2.365757268334004948e+01 9.907572683340049480e+00
0.000000000000000000e+00 0.000000000000000000e+00 0.000000000000000000e+00 0.000000000000000000e+00 0.000000000000000000e+00 0.000000000000000000e+00 0.000000000000000000e+00
0.000000000000000000e+00 0.000000000000000000e+00 0.000000000000000000e+00 0.000000000000000000e+00 0.000000000000000000e+00 0.000000000000000000e+00 0.000000000000000000e+00
3.332415427264666050e+02 3.394915427264666050e+02 3.549915427264666050e+02 3.534915427264666050e+02 3.432415427264666050e+02 3.429915427264666050e+02 3.564915427264666050e+02
3.466134694801629621e+02 3.536134694801629621e+02 1.363469480162933678e+00 1.386346948016293368e+01 3.363469480162933678e+00 3.613469480162933678e+00 3.568634694801629621e+02
0.000000000000000000e+00 0.000000000000000000e+00 0.000000000000000000e+00 0.000000000000000000e+00 0.000000000000000000e+00 0.000000000000000000e+00 0.000000000000000000e+00
3.597342034954504015e+02 3.577342034954504015e+02 3.437342034954504015e+02 3.484842034954504015e+02 3.479842034954504015e+02 3.472342034954504015e+02 7.234203495450429955e+00
0.000000000000000000e+00 0.000000000000000000e+00 0.000000000000000000e+00 0.000000000000000000e+00 0.000000000000000000e+00 0.000000000000000000e+00 0.000000000000000000e+00
3.590758763116173213e+02 2.757587631161732133e+01 9.325876311617321335e+00 3.370758763116173213e+02 3.235758763116173213e+02 3.535758763116173213e+02 8.325876311617321335e+00
1.932946825027397608e+01 3.585794682502739761e+02 3.553294682502739761e+02 6.329468250273976082e+00 9.829468250273976082e+00 7.329468250273976082e+00 4.829468250273976082e+00
1.482024189978574213e+00 1.423202418997857421e+01 5.982024189978574213e+00 3.527320241899785742e+02 3.514820241899785742e+02 3.547320241899785742e+02 4.820241899785742135e-01
3.450608619272360897e+02 3.490608619272360897e+02 3.418108619272360897e+02 3.498108619272360897e+02 3.310861927236089741e+00 1.060861927236089741e+00 5.560861927236089741e+00
6.307351225176034859e+00 6.807351225176034859e+00 2.030735122517603486e+01 3.545573512251760349e+02 3.575573512251760349e+02 1.807351225176034859e+00 6.307351225176034859e+00
6.526288532113682095e+01 4.176288532113682095e+01 6.012885321136820949e+00 1.651288532113682095e+01 1.601288532113682095e+01 1.576288532113682095e+01 1.951288532113682095e+01
0.000000000000000000e+00 0.000000000000000000e+00 0.000000000000000000e+00 0.000000000000000000e+00 0.000000000000000000e+00 0.000000000000000000e+00 0.000000000000000000e+00
3.561108633717711882e+02 2.110863371771188213e+00 1.108633717711882127e-01 2.860863371771188213e+00 8.860863371771188213e+00 5.860863371771188213e+00 3.860863371771188213e+00
0.000000000000000000e+00 0.000000000000000000e+00 0.000000000000000000e+00 0.000000000000000000e+00 0.000000000000000000e+00 0.000000000000000000e+00 0.000000000000000000e+00
0.000000000000000000e+00 0.000000000000000000e+00 0.000000000000000000e+00 0.000000000000000000e+00 0.000000000000000000e+00 0.000000000000000000e+00 0.000000000000000000e+00
2.226857054741032016e+01 4.268570547410320160e+00 2.826857054741032016e+01 3.551857054741032016e+01 3.651857054741032016e+01 2.518570547410320160e+00 7.268570547410320160e+00
4.804555661593042259e+00 3.493045556615930423e+02 3.540545556615930423e+02 3.598045556615930423e+02 3.540545556615930423e+02 3.513045556615930423e+02 3.538045556615930423e+02
4.177438127122741207e+00 3.446774381271227412e+02 3.566774381271227412e+02 1.427438127122741207e+00 1.427438127122741207e+00 3.571774381271227412e+02 3.544274381271227412e+02
1.230532830825370638e+01 2.355532830825370638e+01 4.505532830825370638e+01 4.805532830825370638e+01 3.305328308253706382e+00 2.430532830825370638e+01 1.530532830825370638e+01
1.780240121840733991e+01 7.302401218407339911e+00 3.598024012184073399e+02 5.680240121840733991e+01 3.630240121840733991e+01 2.155240121840733991e+01 3.390524012184073399e+02
4.345446098359570897e+01 4.320446098359570897e+01 3.795446098359570897e+01 3.920446098359570897e+01 2.195446098359570897e+01 3.569544609835957090e+02 3.469544609835957090e+02
0.000000000000000000e+00 0.000000000000000000e+00 0.000000000000000000e+00 0.000000000000000000e+00 0.000000000000000000e+00 0.000000000000000000e+00 0.000000000000000000e+00
3.574796045193292002e+02 3.577296045193292002e+02 2.296045193292002295e-01 3.584796045193292002e+02 3.557296045193292002e+02 3.559796045193292002e+02 3.729604519329200230e+00
2.806413604177384968e+01 1.081413604177384968e+01 1.056413604177384968e+01 1.931413604177384968e+01 2.431413604177384968e+01 3.156413604177384968e+01 3.543141360417738497e+02
3.390165358225499403e+02 3.567665358225499403e+02 3.490165358225499403e+02 3.370165358225499403e+02 3.532665358225499403e+02 1.766535822549940349e+00 2.516535822549940349e+00
1.255303627414343737e+01 8.803036274143437367e+00 2.553036274143437367e+00 3.565530362741434374e+02 3.548030362741434374e+02 2.303036274143437367e+00 2.053036274143437367e+00
1.535768224633505952e+01 1.985768224633505952e+01 4.110768224633505952e+01 3.410768224633505952e+01 3.210768224633505952e+01 3.060768224633505952e+01 3.010768224633505952e+01
2.497804749780249267e+01 9.780474978024926713e-01 3.544780474978024927e+02 3.572280474978024927e+02 3.572280474978024927e+02 5.478047497802492671e+00 2.747804749780249267e+01
3.528316554246738406e+02 3.510816554246738406e+02 3.350816554246738406e+02 3.538316554246738406e+02 3.588316554246738406e+02 3.583316554246738406e+02 3.518316554246738406e+02
3.514250522779831840e+02 3.506750522779831840e+02 3.351750522779831840e+02 3.534250522779831840e+02 3.584250522779831840e+02 3.579250522779831840e+02 3.516750522779831840e+02
0.000000000000000000e+00 0.000000000000000000e+00 0.000000000000000000e+00 0.000000000000000000e+00 0.000000000000000000e+00 0.000000000000000000e+00 0.000000000000000000e+00
5.833998974134601667e+00 3.548339989741346017e+02 3.498339989741346017e+02 3.485839989741346017e+02 3.563339989741346017e+02 3.593339989741346017e+02 1.108399897413460167e+01
0.000000000000000000e+00 0.000000000000000000e+00 0.000000000000000000e+00 0.000000000000000000e+00 0.000000000000000000e+00 0.000000000000000000e+00 0.000000000000000000e+00
1.134991170625863788e+01 8.849911706258637878e+00 3.499117062586378779e-01 7.099911706258637878e+00 1.849911706258637878e+00 7.849911706258637878e+00 5.099911706258637878e+00
0.000000000000000000e+00 0.000000000000000000e+00 0.000000000000000000e+00 0.000000000000000000e+00 0.000000000000000000e+00 0.000000000000000000e+00 0.000000000000000000e+00
1.508143076764838497e+00 5.008143076764838497e+00 3.485081430767648385e+02 3.405081430767648385e+02 3.470081430767648385e+02 2.725814307676483850e+01 3.455081430767648385e+02
0.000000000000000000e+00 0.000000000000000000e+00 0.000000000000000000e+00 0.000000000000000000e+00 0.000000000000000000e+00 0.000000000000000000e+00 0.000000000000000000e+00
0.000000000000000000e+00 0.000000000000000000e+00 0.000000000000000000e+00 0.000000000000000000e+00 0.000000000000000000e+00 0.000000000000000000e+00 0.000000000000000000e+00
2.419992255809404469e+01 3.894992255809404469e+01 1.719992255809404469e+01 3.494499225580940447e+02 3.276999225580940447e+02 3.084499225580940447e+02 2.649499225580940447e+02
3.014908250729619112e+02 2.502408250729619112e+02 2.772408250729619112e+02 3.032408250729619112e+02 3.307408250729619112e+02 3.522408250729619112e+02 7.490825072961911246e+00
3.469109868790680480e+02 3.514109868790680480e+02 3.404109868790680480e+02 1.609868790680479833e-01 3.551609868790680480e+02 6.660986879068047983e+00 3.741098687906804798e+01
0.000000000000000000e+00 0.000000000000000000e+00 0.000000000000000000e+00 0.000000000000000000e+00 0.000000000000000000e+00 0.000000000000000000e+00 0.000000000000000000e+00
1.156061617701982414e+01 1.806061617701982414e+01 1.856061617701982414e+01 1.856061617701982414e+01 3.568106161770198241e+02 3.583106161770198241e+02 3.528106161770198241e+02
0.000000000000000000e+00 0.000000000000000000e+00 0.000000000000000000e+00 0.000000000000000000e+00 0.000000000000000000e+00 0.000000000000000000e+00 0.000000000000000000e+00
0.000000000000000000e+00 0.000000000000000000e+00 0.000000000000000000e+00 0.000000000000000000e+00 0.000000000000000000e+00 0.000000000000000000e+00 0.000000000000000000e+00
1.004169715785963035e+01 1.029169715785963035e+01 1.404169715785963035e+01 2.041697157859630352e+00 3.207916971578596304e+02 3.025416971578596304e+02 3.485416971578596304e+02
0.000000000000000000e+00 0.000000000000000000e+00 0.000000000000000000e+00 0.000000000000000000e+00 0.000000000000000000e+00 0.000000000000000000e+00 0.000000000000000000e+00
1.294219663532038567e+01 2.394219663532038567e+01 3.584421966353203857e+02 3.564421966353203857e+02 8.442196635320385667e+00 8.692196635320385667e+00 3.564421966353203857e+02
1.235313781682003764e+01 3.358531378168200376e+02 3.281031378168200376e+02 2.876031378168200376e+02 2.686031378168200376e+02 2.848531378168200376e+02 3.176031378168200376e+02
5.446067580779526907e+01 6.971067580779526907e+01 9.521067580779526907e+01 1.052106758077952691e+02 3.094606758077952691e+02 3.084606758077952691e+02 3.577106758077952691e+02
2.324246478236375424e+00 6.074246478236375424e+00 3.550742464782363754e+02 3.515742464782363754e+02 3.510742464782363754e+02 3.540742464782363754e+02 2.824246478236375424e+00
4.281626488416634402e+00 9.531626488416634402e+00 1.531626488416634402e+00 3.565316264884166344e+02 1.753162648841663440e+01 2.328162648841663440e+01 3.547816264884166344e+02
0.000000000000000000e+00 0.000000000000000000e+00 0.000000000000000000e+00 0.000000000000000000e+00 0.000000000000000000e+00 0.000000000000000000e+00 0.000000000000000000e+00
3.592198348512072812e+02 3.547198348512072812e+02 1.121983485120728119e+01 1.621983485120728119e+01 8.469834851207281190e+00 4.719834851207281190e+00 3.599698348512072812e+02
3.414606716540534990e+02 3.377106716540534990e+02 1.271067165405349897e+01 1.496067165405349897e+01 5.960671654053498969e+00 3.594606716540534990e+02 4.346067165405349897e+01
7.761908007361398631e+00 3.545119080073613986e+02 3.587619080073613986e+02 4.011908007361398631e+00 2.011908007361398631e+00 2.261908007361398631e+00 9.011908007361398631e+00
1.267931998079575351e+01 1.842931998079575351e+01 2.342931998079575351e+01 1.767931998079575351e+01 3.319293199807957535e+02 3.389293199807957535e+02 2.929319980795753509e+00
2.034883298248928440e+00 5.034883298248928440e+00 4.128488329824892844e+01 1.203488329824892844e+01 1.253488329824892844e+01 1.928488329824892844e+01 2.953488329824892844e+01
1.428437505743033853e+00 5.678437505743033853e+00 4.242843750574303385e+01 1.317843750574303385e+01 1.267843750574303385e+01 1.867843750574303385e+01 2.842843750574303385e+01
3.567027907645116329e+02 6.452790764511632915e+00 2.520279076451163291e+01 3.597027907645116329e+02 3.514527907645116329e+02 1.095279076451163291e+01 4.395279076451163291e+01
0.000000000000000000e+00 0.000000000000000000e+00 0.000000000000000000e+00 0.000000000000000000e+00 0.000000000000000000e+00 0.000000000000000000e+00 0.000000000000000000e+00
0.000000000000000000e+00 0.000000000000000000e+00 0.000000000000000000e+00 0.000000000000000000e+00 0.000000000000000000e+00 0.000000000000000000e+00 0.000000000000000000e+00
0.000000000000000000e+00 0.000000000000000000e+00 0.000000000000000000e+00 0.000000000000000000e+00 0.000000000000000000e+00 0.000000000000000000e+00 0.000000000000000000e+00
6.433958997945012470e+00 1.293395899794501247e+01 1.218395899794501247e+01 3.506839589979450125e+02 3.499339589979450125e+02 3.243395899794501247e+01 6.683958997945012470e+00
3.529590083596426666e+02 9.209008359642666619e+00 3.209008359642666619e+00 8.845900835964266662e+01 9.595900835964266662e+01 3.137090083596426666e+02 3.270900835964266662e+01
3.472960250396959054e+02 3.450460250396959054e+02 3.595460250396959054e+02 3.535460250396959054e+02 3.565460250396959054e+02 1.796025039695905434e+00 3.525460250396959054e+02
0.000000000000000000e+00 0.000000000000000000e+00 0.000000000000000000e+00 0.000000000000000000e+00 0.000000000000000000e+00 0.000000000000000000e+00 0.000000000000000000e+00
1.411041939105871279e+00 8.411041939105871279e+00 3.599110419391058713e+02 3.489110419391058713e+02 3.501610419391058713e+02 1.161041939105871279e+00 3.444110419391058713e+02
3.582118019544441836e+02 3.961801954444183593e+00 3.557118019544441836e+02 3.427118019544441836e+02 3.327118019544441836e+02 3.504618019544441836e+02 3.519618019544441836e+02
4.420521852508659322e+01 4.920521852508659322e+01 9.145521852508659322e+01 3.429552185250865932e+02 3.479552185250865932e+02 3.492052185250865932e+02 9.455218525086593218e+00
1.041227527740140317e+02 2.291227527740140317e+02 1.853727527740140317e+02 1.481227527740140317e+02 3.987275277401403173e+01 3.727527740140317292e-01 3.118727527740140317e+02
3.499750015579942897e+02 7.250015579942896693e-01 1.397500155799428967e+01 3.582250015579942897e+02 3.589750015579942897e+02 3.225001557994289669e+00 3.554750015579942897e+02
3.592085860967277995e+02 9.458586096727799486e+00 3.577085860967277995e+02 3.597085860967277995e+02 3.597085860967277995e+02 3.592085860967277995e+02 3.534585860967277995e+02
1.661230760166080245e+01 2.862307601660802447e+00 3.563623076016608024e+02 3.448623076016608024e+02 3.491123076016608024e+02 3.586123076016608024e+02 3.536123076016608024e+02
4.766410324514998820e+01 1.716410324514998820e+01 3.511641032451499882e+02 3.289141032451499882e+02 3.414141032451499882e+02 3.079141032451499882e+02 3.369141032451499882e+02
9.070991350833367051e+00 3.553209913508333671e+02 3.433209913508333671e+02 3.473209913508333671e+02 3.555709913508333671e+02 3.558209913508333671e+02 3.545709913508333671e+02
2.423693000788250629e+01 9.486930007882506288e+00 1.486930007882506288e+00 3.584869300078825063e+02 3.509869300078825063e+02 1.986930007882506288e+00 3.529869300078825063e+02
0.000000000000000000e+00 0.000000000000000000e+00 0.000000000000000000e+00 0.000000000000000000e+00 0.000000000000000000e+00 0.000000000000000000e+00 0.000000000000000000e+00
4.576558967484061213e+00 3.558265589674840612e+02 2.082655896748406121e+01 8.076558967484061213e+00 3.325765589674840612e+02 3.035765589674840612e+02 3.445765589674840612e+02
1.399997786869408856e+01 3.324997786869408856e+01 3.949997786869408856e+01 3.774997786869408856e+01 3.849997786869408856e+01 2.599997786869408856e+01 1.624997786869408856e+01
3.421356108193098748e+02 3.488856108193098748e+02 1.588561081930987484e+01 1.388561081930987484e+01 9.885610819309874842e+00 1.288561081930987484e+01 3.593856108193098748e+02
3.483406344845009244e+02 1.590634484500924373e+00 1.309063448450092437e+01 3.555906344845009244e+02 3.593406344845009244e+02 3.090634484500924373e+00 6.590634484500924373e+00
8.753014076243789532e+01 7.953014076243789532e+01 5.078014076243789532e+01 3.628014076243789532e+01 3.537801407624378953e+02 3.475301407624378953e+02 3.592801407624378953e+02
0.000000000000000000e+00 0.000000000000000000e+00 0.000000000000000000e+00 0.000000000000000000e+00 0.000000000000000000e+00 0.000000000000000000e+00 0.000000000000000000e+00
0.000000000000000000e+00 0.000000000000000000e+00 0.000000000000000000e+00 0.000000000000000000e+00 0.000000000000000000e+00 0.000000000000000000e+00 0.000000000000000000e+00
6.080358104309198097e+00 5.830358104309198097e+00 1.008035810430919810e+01 2.080358104309198097e+00 3.435803581043091981e+02 3.465803581043091981e+02 3.478303581043091981e+02
0.000000000000000000e+00 0.000000000000000000e+00 0.000000000000000000e+00 0.000000000000000000e+00 0.000000000000000000e+00 0.000000000000000000e+00 0.000000000000000000e+00
3.262757069364683957e+02 4.525706936468395725e+00 3.542757069364683957e+02 3.342757069364683957e+02 2.897757069364683957e+02 3.132757069364683957e+02 1.702570693646839572e+01
3.308046019436660004e+02 3.360546019436660004e+02 3.475546019436660004e+02 3.553046019436660004e+02 3.425546019436660004e+02 3.408046019436660004e+02 3.053046019436660004e+02
3.436716727984827457e+02 3.326716727984827457e+02 3.354216727984827457e+02 1.242167279848274575e+01 2.092167279848274575e+01 3.429216727984827457e+02 3.486716727984827457e+02
0.000000000000000000e+00 0.000000000000000000e+00 0.000000000000000000e+00 0.000000000000000000e+00 0.000000000000000000e+00 0.000000000000000000e+00 0.000000000000000000e+00
5.199127008565483266e+00 6.199127008565483266e+00 1.069912700856548327e+01 7.949127008565483266e+00 1.094912700856548327e+01 2.319912700856548327e+01 1.744912700856548327e+01
1.356389421743699586e+00 3.473563894217436996e+02 3.178563894217436996e+02 3.191063894217436996e+02 3.288563894217436996e+02 9.606389421743699586e+00 3.371063894217436996e+02
3.518750990419939058e+02 3.421250990419939058e+02 3.388750990419939058e+02 3.526250990419939058e+02 3.451250990419939058e+02 3.538750990419939058e+02 2.937509904199390576e+01
3.584985730375009894e+02 3.449985730375009894e+02 3.477485730375009894e+02 3.497485730375009894e+02 3.507485730375009894e+02 3.577485730375009894e+02 4.248573037500989358e+00
1.263101395612011402e+01 1.063101395612011402e+01 3.238101395612011402e+01 2.338101395612011402e+01 3.496310139561201140e+02 3.881013956120114017e+00 3.528810139561201140e+02
3.581170947780716460e+02 3.468670947780716460e+02 7.867094778071646033e+00 8.367094778071646033e+00 3.586170947780716460e+02 3.571170947780716460e+02 3.558670947780716460e+02
3.497060216238563157e+02 3.537060216238563157e+02 3.592060216238563157e+02 3.547060216238563157e+02 3.459560216238563157e+02 3.559560216238563157e+02 6.206021623856315728e+00
3.430368788542652965e+02 3.572868788542652965e+02 3.485368788542652965e+02 3.372868788542652965e+02 3.402868788542652965e+02 3.575368788542652965e+02 2.153687885426529647e+01
3.397277267502396398e+02 6.977726750239639841e+00 2.727726750239639841e+00 3.472277267502396398e+02 3.499777267502396398e+02 3.512277267502396398e+02 3.282277267502396398e+02
3.596749330194392087e+02 5.174933019439180271e+00 6.924933019439180271e+00 3.589249330194392087e+02 3.541749330194392087e+02 3.509249330194392087e+02 3.544249330194392087e+02
3.443435870062617710e+02 3.073435870062617710e+02 2.783435870062617710e+02 9.259358700626177097e+01 2.995935870062617710e+02 3.278435870062617710e+02 3.020935870062617710e+02
7.175776849212525121e+00 2.925776849212525121e+00 2.675776849212525121e+00 3.425776849212525121e+00 3.425776849212525121e+00 2.425776849212525121e+00 3.586757768492125251e+02
3.529875068714261488e+00 3.550298750687142615e+02 3.497798750687142615e+02 3.510298750687142615e+02 3.527798750687142615e+02 2.779875068714261488e+00 3.587798750687142615e+02
3.333692368720286368e+02 3.406192368720286368e+02 3.543692368720286368e+02 3.446192368720286368e+02 2.411923687202863675e+01 3.541192368720286368e+02 3.463692368720286368e+02
3.486048874326429541e+02 3.543548874326429541e+02 3.598548874326429541e+02 1.104887432642954082e+00 2.910488743264295408e+01 3.810488743264295408e+01 3.436048874326429541e+02
3.519595400449520071e+02 3.519595400449520071e+02 3.537095400449520071e+02 3.577095400449520071e+02 4.595400449520070651e-01 1.209540044952007065e+00 3.709540044952007065e+00
0.000000000000000000e+00 0.000000000000000000e+00 0.000000000000000000e+00 0.000000000000000000e+00 0.000000000000000000e+00 0.000000000000000000e+00 0.000000000000000000e+00
4.066336272387599138e+01 1.166336272387599138e+01 8.413362723875991378e+00 2.041336272387599138e+01 2.791336272387599138e+01 1.591336272387599138e+01 9.163362723875991378e+00
1.916579449337160668e+01 3.591657944933716067e+02 3.816579449337160668e+01 5.516579449337160668e+01 5.191579449337160668e+01 8.165794493371606677e+00 9.415794493371606677e+00
3.373771196341095902e+01 1.948771196341095902e+01 1.298771196341095902e+01 3.487711963410959015e+00 1.823771196341095902e+01 1.323771196341095902e+01 2.427377119634109590e+02
0.000000000000000000e+00 0.000000000000000000e+00 0.000000000000000000e+00 0.000000000000000000e+00 0.000000000000000000e+00 0.000000000000000000e+00 0.000000000000000000e+00
2.831298873917938863e+01 2.706298873917938863e+01 1.931298873917938863e+01 3.543129887391793886e+02 3.495629887391793886e+02 8.812988739179388631e+00 7.312988739179388631e+00
0.000000000000000000e+00 0.000000000000000000e+00 0.000000000000000000e+00 0.000000000000000000e+00 0.000000000000000000e+00 0.000000000000000000e+00 0.000000000000000000e+00
2.865646482791447625e+01 7.656464827914476245e+00 3.156464827914476245e+00 7.656464827914476245e+00 3.149064648279144762e+02 3.111564648279144762e+02 6.906464827914476245e+00
0.000000000000000000e+00 0.000000000000000000e+00 0.000000000000000000e+00 0.000000000000000000e+00 0.000000000000000000e+00 0.000000000000000000e+00 0.000000000000000000e+00
0.000000000000000000e+00 0.000000000000000000e+00 0.000000000000000000e+00 0.000000000000000000e+00 0.000000000000000000e+00 0.000000000000000000e+00 0.000000000000000000e+00
0.000000000000000000e+00 0.000000000000000000e+00 0.000000000000000000e+00 0.000000000000000000e+00 0.000000000000000000e+00 0.000000000000000000e+00 0.000000000000000000e+00
0.000000000000000000e+00 0.000000000000000000e+00 0.000000000000000000e+00 0.000000000000000000e+00 0.000000000000000000e+00 0.000000000000000000e+00 0.000000000000000000e+00
3.570073684750176994e+02 3.585073684750176994e+02 3.575073684750176994e+02 3.535073684750176994e+02 3.480073684750176994e+02 3.535073684750176994e+02 1.257368475017699438e+00
0.000000000000000000e+00 0.000000000000000000e+00 0.000000000000000000e+00 0.000000000000000000e+00 0.000000000000000000e+00 0.000000000000000000e+00 0.000000000000000000e+00
3.505299741380893011e+02 3.575299741380893011e+02 5.279974138089301050e+00 3.279974138089301050e+00 3.567799741380893011e+02 3.562799741380893011e+02 3.542799741380893011e+02
0.000000000000000000e+00 0.000000000000000000e+00 0.000000000000000000e+00 0.000000000000000000e+00 0.000000000000000000e+00 0.000000000000000000e+00 0.000000000000000000e+00
3.512125436606505673e+02 3.382125436606505673e+02 3.322125436606505673e+02 3.272125436606505673e+02 3.342125436606505673e+02 3.392125436606505673e+02 3.362125436606505673e+02
3.259452902649185830e+02 3.414452902649185830e+02 3.576952902649185830e+02 1.694529026491858303e+01 3.051952902649185830e+02 2.946952902649185830e+02 4.695290264918583034e+00
1.032123105298160226e+01 9.071231052981602261e+00 2.357123105298160226e+01 2.482123105298160226e+01 1.357123105298160226e+01 3.390712310529816023e+02 3.188212310529816023e+02
3.524782745955052974e+02 3.567282745955052974e+02 3.509782745955052974e+02 1.802282745955052974e+02 2.789782745955052974e+02 3.307282745955052974e+02 1.397827459550529738e+01
3.593170749920670914e+02 8.170749920670630218e-01 3.493170749920670914e+02 3.500670749920670914e+02 3.520670749920670914e+02 3.590670749920670914e+02 3.493170749920670914e+02
1.760260678929296319e+01 1.260260678929296319e+01 4.602606789292963185e+00 6.602606789292963185e+00 1.360260678929296319e+01 9.352606789292963185e+00 3.586026067892929632e+02
2.439816328406129742e+01 1.564816328406129742e+01 3.486481632840612974e+02 3.573981632840612974e+02 3.561481632840612974e+02 4.148163284061297418e+00 8.148163284061297418e+00
0.000000000000000000e+00 0.000000000000000000e+00 0.000000000000000000e+00 0.000000000000000000e+00 0.000000000000000000e+00 0.000000000000000000e+00 0.000000000000000000e+00
0.000000000000000000e+00 0.000000000000000000e+00 0.000000000000000000e+00 0.000000000000000000e+00 0.000000000000000000e+00 0.000000000000000000e+00 0.000000000000000000e+00
1.250285108590350092e+01 3.752851085903500916e+00 9.002851085903500916e+00 9.752851085903500916e+00 1.875285108590350092e+01 1.000285108590350092e+01 3.567528510859035009e+02
3.542739076720583284e+02 2.390767205832844411e-02 7.023907672058328444e+00 1.227390767205832844e+01 3.027390767205832844e+01 1.477390767205832844e+01 6.023907672058328444e+00
3.320795959716854213e+02 3.450795959716854213e+02 3.465795959716854213e+02 7.959597168542131840e-02 3.535795959716854213e+02 3.550795959716854213e+02 3.455795959716854213e+02
0.000000000000000000e+00 0.000000000000000000e+00 0.000000000000000000e+00 0.000000000000000000e+00 0.000000000000000000e+00 0.000000000000000000e+00 0.000000000000000000e+00
0.000000000000000000e+00 0.000000000000000000e+00 0.000000000000000000e+00 0.000000000000000000e+00 0.000000000000000000e+00 0.000000000000000000e+00 0.000000000000000000e+00
3.522788012430415847e+02 3.450288012430415847e+02 3.352788012430415847e+02 3.437788012430415847e+02 3.532788012430415847e+02 3.278801243041584712e+00 3.590288012430415847e+02
6.992924831742982406e+00 2.674292483174298241e+01 2.199292483174298241e+01 7.742924831742982406e+00 9.992924831742982406e+00 9.492924831742982406e+00 6.492924831742982406e+00
3.412836489840919398e+02 3.152836489840919398e+02 3.107836489840919398e+02 1.378364898409193984e+01 2.028364898409193984e+01 3.455336489840919398e+02 3.355336489840919398e+02
0.000000000000000000e+00 0.000000000000000000e+00 0.000000000000000000e+00 0.000000000000000000e+00 0.000000000000000000e+00 0.000000000000000000e+00 0.000000000000000000e+00
3.558240042287415008e+02 2.557400422874150081e+01 3.545740042287415008e+02 3.430740042287415008e+02 3.365740042287415008e+02 3.473240042287415008e+02 3.578240042287415008e+02
1.472422367544993449e+01 2.097422367544993449e+01 6.474223675449934490e+00 3.572242236754499345e+02 3.502242236754499345e+02 5.724223675449934490e+00 1.474223675449934490e+00
6.200915441692018248e+00 3.950915441692018248e+00 3.547009154416920182e+02 3.509509154416920182e+02 3.444509154416920182e+02 3.507009154416920182e+02 7.200915441692018248e+00
0.000000000000000000e+00 0.000000000000000000e+00 0.000000000000000000e+00 0.000000000000000000e+00 0.000000000000000000e+00 0.000000000000000000e+00 0.000000000000000000e+00
0.000000000000000000e+00 0.000000000000000000e+00 0.000000000000000000e+00 0.000000000000000000e+00 0.000000000000000000e+00 0.000000000000000000e+00 0.000000000000000000e+00
3.785017577524172339e-01 5.378501757752417234e+00 3.371285017577524172e+02 3.596285017577524172e+02 2.012850175775241723e+01 7.128501757752417234e+00 3.511285017577524172e+02
1.862935993576218152e+01 1.129359935762181522e+00 1.037935993576218152e+01 3.276293599357621815e+02 3.568793599357621815e+02 1.087935993576218152e+01 1.537935993576218152e+01
1.079407769943441053e+01 1.544077699434410533e+00 2.329407769943441053e+01 3.282940776994344105e+02 3.467940776994344105e+02 6.294077699434410533e+00 6.294077699434410533e+00
0.000000000000000000e+00 0.000000000000000000e+00 0.000000000000000000e+00 0.000000000000000000e+00 0.000000000000000000e+00 0.000000000000000000e+00 0.000000000000000000e+00
0.000000000000000000e+00 0.000000000000000000e+00 0.000000000000000000e+00 0.000000000000000000e+00 0.000000000000000000e+00 0.000000000000000000e+00 0.000000000000000000e+00
3.477677261439851577e+02 3.440177261439851577e+02 3.537677261439851577e+02 2.767726143985157705e+00 1.276772614398515771e+01 3.572677261439851577e+02 7.677261439851577052e-01
2.267435990604775498e+01 1.092435990604775498e+01 3.564243599060477550e+02 4.674359906047754976e+00 6.174359906047754976e+00 9.243599060477549756e-01 3.541743599060477550e+02
0.000000000000000000e+00 0.000000000000000000e+00 0.000000000000000000e+00 0.000000000000000000e+00 0.000000000000000000e+00 0.000000000000000000e+00 0.000000000000000000e+00
0.000000000000000000e+00 0.000000000000000000e+00 0.000000000000000000e+00 0.000000000000000000e+00 0.000000000000000000e+00 0.000000000000000000e+00 0.000000000000000000e+00
3.489702691407279644e+02 3.347202691407279644e+02 3.532202691407279644e+02 3.559702691407279644e+02 2.062202691407279644e+02 2.624702691407279644e+02 1.222026914072796444e+01
2.596404046414949107e+01 2.421404046414949107e+01 1.746404046414949107e+01 3.459640404641494911e+02 2.496404046414949107e+01 5.971404046414949107e+01 6.671404046414949107e+01
2.346239957855036664e+02 2.418739957855036664e+02 2.501239957855036664e+02 2.596239957855036664e+02 2.911239957855036664e+02 3.168739957855036664e+02 3.248739957855036664e+02
9.451692448510186750e+00 1.845169244851018675e+01 1.445169244851018675e+01 3.497016924485101868e+02 3.354516924485101868e+02 2.749516924485101868e+02 2.495169244851018675e+01
1.017081423423258002e+01 1.267081423423258002e+01 1.467081423423258002e+01 3.591708142342325800e+02 3.586708142342325800e+02 1.170814234232580020e+00 2.292081423423258002e+01
0.000000000000000000e+00 0.000000000000000000e+00 0.000000000000000000e+00 0.000000000000000000e+00 0.000000000000000000e+00 0.000000000000000000e+00 0.000000000000000000e+00
0.000000000000000000e+00 0.000000000000000000e+00 0.000000000000000000e+00 0.000000000000000000e+00 0.000000000000000000e+00 0.000000000000000000e+00 0.000000000000000000e+00
