7.510192914856151924e-01 6.101882443878317019e-01 5.968866994014123684e-01 2.052845204324538486e-01 9.407200577239831218e-02 3.211247781691269898e-01 3.745121974523722974e-01
7.773712913014083625e-01 8.266934468335693786e-01 8.265598611113662564e-01 8.678461729042307171e-01 9.338950163179192687e-01 9.589312872359571083e-01 9.762812056983891651e-01
9.755686638408346267e-01 9.753928296356936256e-01 9.508637191375365338e-01 9.271625046245677293e-01 9.046954956885638888e-01 8.093386800209912968e-01 9.650861663884621189e-01
9.890256367479683952e-01 9.929988650737631151e-01 9.923647640401090930e-01 9.861931318609958863e-01 9.815392005799665753e-01 9.031718817414217115e-01 8.977890526694890516e-01
9.795190644710121131e-01 9.861410556388991999e-01 9.734207632075997374e-01 9.570708629417661317e-01 9.444945167874297942e-01 6.934208489763991068e-01 7.430428568170223125e-01
9.708853245463759940e-01 9.867964154911533781e-01 9.937510785256800094e-01 9.946878689482308022e-01 9.872189389640022572e-01 9.717920255703342836e-01 9.659771424224089520e-01
9.038604316994643950e-01 9.096799537840184469e-01 8.919766205554343630e-01 8.876378036395281557e-01 8.699048234043962324e-01 6.861035178149017533e-01 6.465585937051921972e-01
9.274097756672702308e-01 9.417975856195154316e-01 9.304783067530228990e-01 8.915774361907830015e-01 8.871663197269880063e-01 7.242224294706867127e-01 6.915281525492847914e-01
0.000000000000000000e+00 0.000000000000000000e+00 0.000000000000000000e+00 0.000000000000000000e+00 0.000000000000000000e+00 0.000000000000000000e+00 0.000000000000000000e+00
9.767193990236987533e-01 9.740654988483904431e-01 9.390626007761145866e-01 9.061507706777205406e-01 8.268656705519635830e-01 7.171281708650057984e-01 9.169135219207685816e-01
9.070477857481584749e-01 9.215681471787099399e-01 9.372365603519726696e-01 9.371512693712443776e-01 8.528033845341833619e-01 4.111501420280506136e-01 4.824640685271016083e-01
4.083667115580190132e-01 3.782990683875955273e-01 5.683838143397161868e-01 7.374973971907610171e-01 7.375172431498281389e-01 8.772569866163633101e-01 7.403194196196781762e-01
9.282020423674053333e-01 9.211641388705339439e-01 8.971279963186613582e-01 8.020042655964034761e-01 6.981452489059190025e-01 6.813699349503568037e-01 7.369810813182742226e-01
0.000000000000000000e+00 0.000000000000000000e+00 0.000000000000000000e+00 0.000000000000000000e+00 0.000000000000000000e+00 0.000000000000000000e+00 0.000000000000000000e+00
9.754021413554080366e-01 9.886226737334029568e-01 9.946421691091682504e-01 9.962726836667747943e-01 9.945062347639378464e-01 9.877524765077063673e-01 9.883747912574385452e-01
0.000000000000000000e+00 0.000000000000000000e+00 0.000000000000000000e+00 0.000000000000000000e+00 0.000000000000000000e+00 0.000000000000000000e+00 0.000000000000000000e+00
0.000000000000000000e+00 0.000000000000000000e+00 0.000000000000000000e+00 0.000000000000000000e+00 0.000000000000000000e+00 0.000000000000000000e+00 0.000000000000000000e+00
0.000000000000000000e+00 0.000000000000000000e+00 0.000000000000000000e+00 0.000000000000000000e+00 0.000000000000000000e+00 0.000000000000000000e+00 0.000000000000000000e+00
0.000000000000000000e+00 0.000000000000000000e+00 0.000000000000000000e+00 0.000000000000000000e+00 0.000000000000000000e+00 0.000000000000000000e+00 0.000000000000000000e+00
0.000000000000000000e+00 0.000000000000000000e+00 0.000000000000000000e+00 0.000000000000000000e+00 0.000000000000000000e+00 0.000000000000000000e+00 0.000000000000000000e+00
8.176003138525242964e-01 8.989739498732449707e-01 9.222612978214398405e-01 9.494834839038959196e-01 9.658889569620827675e-01 9.662901822714843325e-01 9.201873420427382211e-01
9.582930713192981953e-01 9.883663986668251855e-01 9.894209904267077249e-01 9.516883388014701906e-01 9.338781176604818990e-01 6.033987873193971119e-01 9.484827390101663314e-01
9.448883869690194448e-01 9.529821242591058894e-01 9.426322642281778075e-01 9.261653993144152164e-01 9.526361640579645851e-01 9.579442106748511376e-01 9.398537627039444953e-01
9.893786910639466026e-01 9.872972337023996348e-01 9.871634029739607685e-01 9.885510646502555510e-01 9.876773811649786072e-01 9.793300511017362098e-01 9.673708815196035982e-01
7.772146680119151885e-01 7.767893055263136448e-01 6.364916298624295754e-01 4.208712132924867788e-01 4.839433520433224500e-01 8.269869632932971282e-01 9.079286949843005106e-01
9.414837561400731802e-01 9.571120426671212433e-01 9.355916077011533494e-01 9.674825930472489288e-01 9.721485702820372721e-01 8.632754108810676286e-01 8.457658644688684779e-01
9.401172451892373383e-01 9.596718567033799552e-01 9.780146186812859188e-01 9.778044167182237123e-01 9.599663869219530188e-01 8.792498967826681833e-01 7.688070817027258252e-01
0.000000000000000000e+00 0.000000000000000000e+00 0.000000000000000000e+00 0.000000000000000000e+00 0.000000000000000000e+00 0.000000000000000000e+00 0.000000000000000000e+00
9.676389419259336933e-01 9.808446302639421965e-01 9.883190122510593367e-01 9.893167533364295441e-01 9.880198142688787488e-01 9.650453929043025791e-01 8.274783660023492526e-01
7.930031203168605991e-01 8.151037391769038187e-01 7.172818590949772144e-01 6.275612220828632459e-01 6.343645750910589243e-01 4.864589063845426442e-01 4.239490295803279296e-01
9.545758619079950380e-01 9.635816951254033702e-01 9.674384684733855488e-01 9.434345278088634990e-01 8.331172182176369567e-01 8.465791410510298265e-01 9.463687831749295620e-01
7.512374861496927680e-01 7.839442313984532618e-01 8.814870673254233679e-01 8.648827247538266594e-01 9.298227162222371112e-01 9.275829805251184501e-01 8.743016650161090642e-01
0.000000000000000000e+00 0.000000000000000000e+00 0.000000000000000000e+00 0.000000000000000000e+00 0.000000000000000000e+00 0.000000000000000000e+00 0.000000000000000000e+00
7.363565860045181433e-01 8.042046926021221287e-01 8.473034889120840685e-01 8.677588572743604178e-01 9.139785296013287486e-01 9.534995364300753451e-01 9.549930125315380103e-01
9.729638367216771888e-01 9.845358327732288695e-01 9.792130325951902137e-01 9.698836869367162272e-01 9.592557689438474533e-01 6.358605159157506570e-01 8.088903242819528439e-01
2.875890905537347164e-01 5.058835960032816992e-01 6.495064318523847691e-01 8.252484679949582125e-01 9.283513371099860745e-01 8.636591219374994965e-01 6.952188773702928648e-01
5.573179937578449650e-01 7.659227585488002088e-01 9.199968367432349581e-01 9.669872909359082946e-01 9.832790503591892772e-01 9.639099070059864438e-01 9.705558520630169772e-01
8.321745519580191486e-01 8.383989775573114089e-01 7.197028451207494459e-01 5.356503310178729604e-01 8.908016704639825090e-01 7.175516312072207636e-01 2.211407526526047718e-01
9.044798733531366208e-01 9.211020113876710047e-01 7.915385445011431376e-01 8.083110779375590749e-01 5.339207501766377595e-01 5.812480110524770316e-01 5.803973019152575130e-01
7.158329589483773958e-01 6.498592619426324379e-01 5.770125307205677956e-01 4.687839258067966752e-01 5.781184731449393599e-01 7.816626435476466961e-01 8.525884414857086702e-01
9.874408063299614513e-01 9.893652248291182616e-01 9.886497784305321446e-01 9.280961365512175876e-01 8.729576895602522146e-01 8.847150395939420431e-01 9.737332517381926955e-01
0.000000000000000000e+00 0.000000000000000000e+00 0.000000000000000000e+00 0.000000000000000000e+00 0.000000000000000000e+00 0.000000000000000000e+00 0.000000000000000000e+00
9.820169261291752383e-01 9.866335047674352765e-01 9.863844505038268373e-01 9.769472905671429119e-01 9.299991368373525802e-01 5.717593015903560394e-01 5.181133274519027498e-01
6.432902392937149827e-01 8.302492091221266302e-01 8.203368497902555623e-01 8.734499257911575443e-01 8.920179839117491349e-01 9.791144986521492788e-01 9.834535790460339211e-01
8.958225627035160121e-01 9.265063445172965206e-01 9.694786354909611381e-01 9.831100644433500291e-01 9.864553402392413073e-01 9.595818388230554774e-01 8.982947029225617497e-01
6.493539168256799998e-01 7.329850069691007386e-01 6.700376274590229553e-01 7.406292174694600883e-01 7.766741836852947278e-01 6.004115677392179995e-01 5.433577513451761654e-01
9.726871384311962521e-01 9.777159730782432057e-01 9.914765456588784387e-01 9.965653854302028991e-01 9.960025918362385156e-01 9.914168640716609637e-01 9.908809888201060012e-01
0.000000000000000000e+00 0.000000000000000000e+00 0.000000000000000000e+00 0.000000000000000000e+00 0.000000000000000000e+00 0.000000000000000000e+00 0.000000000000000000e+00
0.000000000000000000e+00 0.000000000000000000e+00 0.000000000000000000e+00 0.000000000000000000e+00 0.000000000000000000e+00 0.000000000000000000e+00 0.000000000000000000e+00
8.314363004566789339e-01 8.517019910396179672e-01 5.808023569375030393e-01 4.584124271262800532e-01 6.516616094421172622e-01 8.444113767667996706e-01 4.129068673619018526e-01
9.618346252691439835e-01 9.743510432294651968e-01 9.843607488958647789e-01 9.705964488382959887e-01 8.630363091470302228e-01 8.273595102200483886e-01 9.454751158450872550e-01
4.201425618799724537e-01 4.915948629441267426e-01 7.625323578058277318e-01 8.736349222299745199e-01 8.748741754178287477e-01 8.890168455279940929e-01 9.156702351248473537e-01
0.000000000000000000e+00 0.000000000000000000e+00 0.000000000000000000e+00 0.000000000000000000e+00 0.000000000000000000e+00 0.000000000000000000e+00 0.000000000000000000e+00
7.664804416207131599e-01 6.715574796748415842e-01 6.559126734765725608e-01 8.429182481024444229e-01 7.138777207539416247e-01 9.295586770135996213e-01 9.226325221827473833e-01
9.056736599958615797e-01 9.303999652994635605e-01 9.297015844921329153e-01 8.665353111982257994e-01 7.247596707426788853e-01 6.161611869142118447e-01 6.908300443923824918e-01
0.000000000000000000e+00 0.000000000000000000e+00 0.000000000000000000e+00 0.000000000000000000e+00 0.000000000000000000e+00 0.000000000000000000e+00 0.000000000000000000e+00
0.000000000000000000e+00 0.000000000000000000e+00 0.000000000000000000e+00 0.000000000000000000e+00 0.000000000000000000e+00 0.000000000000000000e+00 0.000000000000000000e+00
0.000000000000000000e+00 0.000000000000000000e+00 0.000000000000000000e+00 0.000000000000000000e+00 0.000000000000000000e+00 0.000000000000000000e+00 0.000000000000000000e+00
0.000000000000000000e+00 0.000000000000000000e+00 0.000000000000000000e+00 0.000000000000000000e+00 0.000000000000000000e+00 0.000000000000000000e+00 0.000000000000000000e+00
9.115299503633618183e-01 9.280101883540868846e-01 9.194309036140949631e-01 9.499148377551340783e-01 9.571354555114783835e-01 7.601030526223233608e-01 8.972780138712229681e-01
9.313598797288491493e-01 9.497774452870877404e-01 9.566232952833293446e-01 9.683200758105338091e-01 9.645223997819365458e-01 9.019628772596181010e-01 6.651183145443694267e-01
9.882100231591571804e-01 9.849334105593465782e-01 9.784691859865890518e-01 9.574263937477160979e-01 9.563799683469224044e-01 9.226354639657058376e-01 7.508780607365974635e-01
9.340057431721525694e-01 8.968275263813533238e-01 8.958219143066408208e-01 9.097062590378203195e-01 8.997622917219133543e-01 8.834005810495136890e-01 6.540136367629157954e-01
0.000000000000000000e+00 0.000000000000000000e+00 0.000000000000000000e+00 0.000000000000000000e+00 0.000000000000000000e+00 0.000000000000000000e+00 0.000000000000000000e+00
6.480357135921482881e-01 9.180222756099770676e-01 9.070036338859598368e-01 7.676563803512334028e-01 8.431543824179835722e-01 9.623156220127965232e-01 9.854352135861296214e-01
0.000000000000000000e+00 0.000000000000000000e+00 0.000000000000000000e+00 0.000000000000000000e+00 0.000000000000000000e+00 0.000000000000000000e+00 0.000000000000000000e+00
9.116257795493341032e-01 9.574745992519810844e-01 9.728433241454969016e-01 8.829414434243402221e-01 6.654605571935016117e-01 6.790969498011625305e-01 6.767437914913714270e-01
7.731267881396078900e-01 7.794002656723766354e-01 6.422433532678442081e-01 7.113122461750133185e-01 8.110985679600544174e-01 6.325551594773403119e-01 4.767143460592348503e-01
