2.353359715236970828e+01 2.028359715236970828e+01 3.542835971523696799e+02 3.140335971523696799e+02 5.103359715236970828e+01 7.753359715236970828e+01 6.128359715236970828e+01
1.114641619319627353e-01 3.526114641619319627e+02 3.438614641619319627e+02 3.111464161931962735e+00 1.061146416193196274e+01 4.111464161931962735e+00 3.614641619319627353e-01
3.514977320592091701e+02 3.574977320592091701e+02 5.247732059209198496e+00 5.497732059209198496e+00 1.899773205920919850e+01 3.924773205920919850e+01 1.774773205920919850e+01
8.012316630814666496e-01 5.512316630814666496e-01 3.551231663081466650e+00 8.551231663081466650e+00 3.551231663081466650e+00 3.518012316630814666e+02 3.540512316630814666e+02
2.122339926622260009e+00 3.122339926622260009e+00 9.372339926622260009e+00 1.287233992662226001e+01 3.598723399266222600e+02 3.521223399266222600e+02 3.423723399266222600e+02
1.843828166582056838e+00 1.593828166582056838e+00 5.843828166582056838e+00 6.593828166582056838e+00 5.093828166582056838e+00 1.593828166582056838e+00 7.593828166582056838e+00
2.054328579522967857e+01 1.529328579522967857e+01 1.554328579522967857e+01 1.779328579522967857e+01 1.854328579522967857e+01 2.654328579522967857e+01 3.297932857952296786e+02
1.011411308967331024e+01 1.036411308967331024e+01 9.614113089673310242e+00 4.364113089673310242e+00 6.141130896733102418e-01 3.036411308967331024e+01 3.611411308967331024e+01
0.000000000000000000e+00 0.000000000000000000e+00 0.000000000000000000e+00 0.000000000000000000e+00 0.000000000000000000e+00 0.000000000000000000e+00 0.000000000000000000e+00
3.523880807125031538e+02 3.571380807125031538e+02 5.138080712503153791e+00 3.638080712503153791e+00 1.213808071250315379e+01 3.213808071250315379e+01 1.463808071250315379e+01
1.530686868669602063e+01 1.405686868669602063e+01 1.330686868669602063e+01 8.306868686696020632e+00 3.588068686866960206e+02 4.380686868669602063e+01 5.480686868669602063e+01
3.716258096575086256e+01 5.041258096575086256e+01 6.591258096575086256e+01 6.666258096575086256e+01 5.941258096575086256e+01 1.541258096575086256e+01 3.581625809657508626e+02
1.315973441150373446e+01 1.415973441150373446e+01 6.409734411503734464e+00 3.356597344115037345e+02 3.284097344115037345e+02 3.346597344115037345e+02 3.469097344115037345e+02
0.000000000000000000e+00 0.000000000000000000e+00 0.000000000000000000e+00 0.000000000000000000e+00 0.000000000000000000e+00 0.000000000000000000e+00 0.000000000000000000e+00
5.699335014058362958e+00 4.699335014058362958e+00 4.449335014058362958e+00 2.949335014058362958e+00 3.599493350140583630e+02 3.581993350140583630e+02 3.581993350140583630e+02
0.000000000000000000e+00 0.000000000000000000e+00 0.000000000000000000e+00 0.000000000000000000e+00 0.000000000000000000e+00 0.000000000000000000e+00 0.000000000000000000e+00
0.000000000000000000e+00 0.000000000000000000e+00 0.000000000000000000e+00 0.000000000000000000e+00 0.000000000000000000e+00 0.000000000000000000e+00 0.000000000000000000e+00
0.000000000000000000e+00 0.000000000000000000e+00 0.000000000000000000e+00 0.000000000000000000e+00 0.000000000000000000e+00 0.000000000000000000e+00 0.000000000000000000e+00
0.000000000000000000e+00 0.000000000000000000e+00 0.000000000000000000e+00 0.000000000000000000e+00 0.000000000000000000e+00 0.000000000000000000e+00 0.000000000000000000e+00
0.000000000000000000e+00 0.000000000000000000e+00 0.000000000000000000e+00 0.000000000000000000e+00 0.000000000000000000e+00 0.000000000000000000e+00 0.000000000000000000e+00
1.498548673094217065e+01 1.198548673094217065e+01 9.985486730942170652e+00 3.557354867309421707e+02 3.564854867309421707e+02 1.148548673094217065e+01 3.514854867309421707e+02
3.585551862853495777e+02 3.585551862853495777e+02 3.051862853495777017e-01 3.585551862853495777e+02 3.515551862853495777e+02 3.363051862853495777e+02 3.518051862853495777e+02
3.531266730115819428e+02 2.626673011581942774e+00 4.626673011581942774e+00 3.463766730115819428e+02 3.376266730115819428e+02 3.406266730115819428e+02 3.478766730115819428e+02
3.574322198529771981e+02 3.586822198529771981e+02 3.596822198529771981e+02 3.584322198529771981e+02 3.594322198529771981e+02 1.932219852977198116e+00 4.322198529771981157e-01
3.428309182371607449e+02 3.350809182371607449e+02 3.270809182371607449e+02 3.468309182371607449e+02 5.383091823716074487e+01 1.433091823716074487e+01 2.830918237160744866e+00
1.939970911110907537e+01 8.649709111109075366e+00 6.899709111109075366e+00 1.149709111109075366e+00 1.399709111109075366e+00 3.578997091111090754e+02 3.456497091111090754e+02
9.993849995223570204e+00 3.582438499952235702e+02 4.938499952235702040e-01 3.519938499952235702e+02 3.484938499952235702e+02 3.472438499952235702e+02 3.372438499952235702e+02
0.000000000000000000e+00 0.000000000000000000e+00 0.000000000000000000e+00 0.000000000000000000e+00 0.000000000000000000e+00 0.000000000000000000e+00 0.000000000000000000e+00
2.684652050533770762e+00 3.589346520505337708e+02 3.571846520505337708e+02 3.594346520505337708e+02 3.581846520505337708e+02 3.536846520505337708e+02 1.068465205053377076e+01
2.181602831210155102e+01 2.831602831210155102e+01 3.806602831210155102e+01 5.781602831210153681e+01 7.206602831210153681e+01 7.181602831210153681e+01 2.481602831210155102e+01
1.244723746890147709e+01 1.494723746890147709e+01 1.494723746890147709e+01 1.869723746890147709e+01 1.519723746890147709e+01 3.499472374689014487e+02 3.484472374689014487e+02
1.334857962392067066e+01 3.518485796239206707e+02 3.525985796239206707e+02 1.459857962392067066e+01 9.348579623920670656e+00 8.485796239206706559e-01 3.563485796239206707e+02
0.000000000000000000e+00 0.000000000000000000e+00 0.000000000000000000e+00 0.000000000000000000e+00 0.000000000000000000e+00 0.000000000000000000e+00 0.000000000000000000e+00
3.302993114763360154e+02 3.345493114763360154e+02 3.420493114763360154e+02 3.435493114763360154e+02 3.515493114763360154e+02 3.545493114763360154e+02 3.592993114763360154e+02
7.102799488826121888e+00 7.352799488826121888e+00 5.602799488826121888e+00 4.602799488826121888e+00 2.602799488826121888e+00 3.341027994888261219e+02 3.468527994888261219e+02
3.205406033355297950e+02 3.352906033355297382e+02 3.455406033355297382e+02 4.790603335529763029e+00 5.540603335529763029e+00 3.507906033355297382e+02 1.629060333552976303e+01
3.435717765947937323e+02 3.455717765947937323e+02 3.483217765947937323e+02 3.540717765947937323e+02 3.500717765947937323e+02 3.583217765947937323e+02 2.321776594793760751e+00
1.216362048079440683e+01 2.466362048079440683e+01 4.891362048079440683e+01 6.216362048079440683e+01 2.241362048079440683e+01 1.291362048079440683e+01 9.666362048079440683e+01
2.618944528641617353e+01 2.043944528641617353e+01 2.243944528641617353e+01 1.493944528641617353e+01 5.518944528641617353e+01 6.968944528641617353e+01 6.468944528641617353e+01
2.756372632190306149e+01 3.455637263219030615e+02 3.155637263219030615e+02 3.155637263219030615e+02 3.113137263219030615e+02 3.263137263219030615e+02 3.505637263219030615e+02
1.488997217949980723e+01 6.389972179499807226e+00 3.543899721794998072e+02 3.433899721794998072e+02 3.431399721794998072e+02 3.471399721794998072e+02 3.553899721794998072e+02
0.000000000000000000e+00 0.000000000000000000e+00 0.000000000000000000e+00 0.000000000000000000e+00 0.000000000000000000e+00 0.000000000000000000e+00 0.000000000000000000e+00
5.371810857260243210e+00 8.718108572602432105e-01 3.581218108572602432e+02 3.573718108572602432e+02 3.503718108572602432e+02 3.118718108572602432e+02 2.956218108572602432e+02
3.598704756402401017e+02 3.463704756402401017e+02 3.178704756402401017e+02 3.106204756402401017e+02 3.241204756402401017e+02 3.546204756402401017e+02 3.541204756402401017e+02
6.799104345842380326e+00 5.491043458423803258e-01 3.557991043458423519e+02 3.570491043458423519e+02 3.565491043458423519e+02 3.572991043458423519e+02 5.491043458423803258e-01
3.038630401824576666e+02 3.076130401824576666e+02 3.308630401824576666e+02 3.661304018245766656e+01 5.611304018245766656e+01 2.836304018245766656e+01 2.991130401824576666e+02
1.652693948848391869e+01 1.727693948848391869e+01 1.252693948848391869e+01 6.776939488483918694e+00 4.276939488483918694e+00 5.526939488483918694e+00 5.026939488483918694e+00
0.000000000000000000e+00 0.000000000000000000e+00 0.000000000000000000e+00 0.000000000000000000e+00 0.000000000000000000e+00 0.000000000000000000e+00 0.000000000000000000e+00
0.000000000000000000e+00 0.000000000000000000e+00 0.000000000000000000e+00 0.000000000000000000e+00 0.000000000000000000e+00 0.000000000000000000e+00 0.000000000000000000e+00
1.234785889678585136e+01 2.859785889678585136e+01 5.984785889678585136e+01 7.534785889678585136e+01 3.234785889678585136e+01 1.684785889678585136e+01 4.784785889678585136e+01
8.907827520900752916e+00 7.407827520900752916e+00 7.657827520900752916e+00 8.157827520900752916e+00 3.466578275209007529e+02 2.407827520900752916e+00 3.599078275209007529e+02
7.757923438022942264e-01 1.652579234380229423e+01 2.352579234380229423e+01 2.602579234380229423e+01 1.752579234380229423e+01 1.077579234380229423e+01 1.352579234380229423e+01
0.000000000000000000e+00 0.000000000000000000e+00 0.000000000000000000e+00 0.000000000000000000e+00 0.000000000000000000e+00 0.000000000000000000e+00 0.000000000000000000e+00
3.327446022411832018e+02 3.329946022411832018e+02 3.537446022411832018e+02 2.724460224118317342e+01 4.774460224118317342e+01 2.724460224118317342e+01 1.349460224118317342e+01
1.786493901316839583e+01 1.386493901316839583e+01 9.114939013168395832e+00 1.161493901316839583e+01 2.061493901316839583e+01 2.011493901316839583e+01 1.886493901316839583e+01
0.000000000000000000e+00 0.000000000000000000e+00 0.000000000000000000e+00 0.000000000000000000e+00 0.000000000000000000e+00 0.000000000000000000e+00 0.000000000000000000e+00
0.000000000000000000e+00 0.000000000000000000e+00 0.000000000000000000e+00 0.000000000000000000e+00 0.000000000000000000e+00 0.000000000000000000e+00 0.000000000000000000e+00
0.000000000000000000e+00 0.000000000000000000e+00 0.000000000000000000e+00 0.000000000000000000e+00 0.000000000000000000e+00 0.000000000000000000e+00 0.000000000000000000e+00
0.000000000000000000e+00 0.000000000000000000e+00 0.000000000000000000e+00 0.000000000000000000e+00 0.000000000000000000e+00 0.000000000000000000e+00 0.000000000000000000e+00
1.135626188567925965e+01 1.210626188567925965e+01 1.535626188567925965e+01 2.610626188567925965e+01 3.335626188567925965e+01 2.685626188567925965e+01 1.856261885679259649e+00
1.857085491640793862e+01 1.782085491640793862e+01 1.432085491640793862e+01 9.070854916407938617e+00 5.320854916407938617e+00 1.070854916407938617e+00 3.595708549164079386e+02
3.546741426275279423e+02 3.536741426275279423e+02 3.564241426275279423e+02 3.561741426275279423e+02 3.574241426275279423e+02 3.539241426275279423e+02 1.242414262752794230e+01
1.007144850861760688e+01 8.571448508617606876e+00 1.821448508617606876e+00 3.505714485086176069e+02 7.144850861760687621e-02 3.510714485086176069e+02 3.250714485086176069e+02
0.000000000000000000e+00 0.000000000000000000e+00 0.000000000000000000e+00 0.000000000000000000e+00 0.000000000000000000e+00 0.000000000000000000e+00 0.000000000000000000e+00
3.021884032363402639e+01 2.621884032363402639e+01 8.218840323634026390e+00 3.384688403236340264e+02 3.434688403236340264e+02 3.534688403236340264e+02 3.562188403236340264e+02
0.000000000000000000e+00 0.000000000000000000e+00 0.000000000000000000e+00 0.000000000000000000e+00 0.000000000000000000e+00 0.000000000000000000e+00 0.000000000000000000e+00
3.574895708771519480e+02 3.582395708771519480e+02 5.239570877151948025e+00 8.239570877151948025e+00 6.239570877151948025e+00 3.048957087715194803e+01 5.173957087715194803e+01
1.133009719044224539e+01 2.208009719044224539e+01 4.533009719044224539e+01 3.708009719044224539e+01 2.958009719044224539e+01 3.233009719044224539e+01 3.388300971904422454e+02
