5.593310659750730940e-01 5.100947118579766126e-01 5.140340197528724397e-01 2.855077761962827032e-01 3.678501955708145532e-01 3.050291322707870956e-01 2.136806894383455890e-01
7.238208497035683031e-01 7.818765365698739922e-01 8.541384095854602787e-01 8.953857057358759475e-01 9.005794991033111430e-01 7.808967557159277595e-01 8.555919958686786231e-01
4.623885311942442788e-01 5.241636937596249046e-01 6.945903001760170836e-01 7.936879121490855171e-01 8.309731667567602509e-01 8.997497912476266624e-01 9.380656863236540577e-01
8.440468115974092411e-01 8.996095932204957180e-01 9.200421055816002669e-01 9.413910535330063389e-01 8.978823862508055198e-01 5.600713543788824467e-01 5.075452535385536201e-01
8.614940112574609454e-01 9.138821491272560715e-01 9.336829447186172359e-01 9.212350229819786795e-01 9.375595320011155254e-01 7.767703645321751837e-01 5.648064783197555006e-01
9.399076549129052882e-01 8.680482331389715034e-01 8.290416504623239202e-01 8.963053890297827397e-01 8.448565775797794997e-01 6.740461692156320961e-01 6.002268647740005569e-01
6.653254061314708423e-01 7.946029012976000283e-01 8.544792017112863292e-01 9.001331378135116745e-01 8.143448939243579376e-01 8.933281475700626251e-01 8.845544013572831377e-01
7.957029909144375246e-01 7.195453014363534239e-01 7.395263838439711801e-01 7.351568868799990275e-01 2.575862272190349578e-01 5.442782138683310844e-01 8.683152788570838165e-01
0.000000000000000000e+00 0.000000000000000000e+00 0.000000000000000000e+00 0.000000000000000000e+00 0.000000000000000000e+00 0.000000000000000000e+00 0.000000000000000000e+00
6.098327626795967404e-01 7.690685877359936251e-01 8.533520052842612502e-01 8.595912117691829613e-01 9.039874174025330777e-01 9.300590321689862217e-01 9.624395295047764032e-01
4.000531624559718891e-01 2.870791298164923622e-01 4.807315625173053109e-01 7.226180793207419573e-01 5.875466102869283391e-01 2.372943734908952440e-01 6.780359694203810239e-01
1.845454394277128984e-01 2.188971763880954435e-01 3.268756129867396720e-01 1.306763706158798055e-01 4.849954661844600029e-02 4.220987764275092591e-01 4.003193311013036881e-01
7.782766170095162250e-01 6.083293193199466042e-01 8.144347693791540443e-01 8.636828016374263894e-01 7.725199125913971843e-01 8.092249106457302110e-01 9.462142185289846852e-01
0.000000000000000000e+00 0.000000000000000000e+00 0.000000000000000000e+00 0.000000000000000000e+00 0.000000000000000000e+00 0.000000000000000000e+00 0.000000000000000000e+00
7.843321474537040539e-01 8.580052788641071571e-01 9.155623600695016462e-01 9.508810829560350175e-01 8.892545367071603701e-01 9.044065747963008217e-01 8.754033067700892623e-01
0.000000000000000000e+00 0.000000000000000000e+00 0.000000000000000000e+00 0.000000000000000000e+00 0.000000000000000000e+00 0.000000000000000000e+00 0.000000000000000000e+00
0.000000000000000000e+00 0.000000000000000000e+00 0.000000000000000000e+00 0.000000000000000000e+00 0.000000000000000000e+00 0.000000000000000000e+00 0.000000000000000000e+00
0.000000000000000000e+00 0.000000000000000000e+00 0.000000000000000000e+00 0.000000000000000000e+00 0.000000000000000000e+00 0.000000000000000000e+00 0.000000000000000000e+00
0.000000000000000000e+00 0.000000000000000000e+00 0.000000000000000000e+00 0.000000000000000000e+00 0.000000000000000000e+00 0.000000000000000000e+00 0.000000000000000000e+00
0.000000000000000000e+00 0.000000000000000000e+00 0.000000000000000000e+00 0.000000000000000000e+00 0.000000000000000000e+00 0.000000000000000000e+00 0.000000000000000000e+00
6.409282114550252096e-01 6.762250091956278908e-01 7.308601307470855568e-01 7.037048445323712542e-01 3.625180172352891472e-01 4.933998388223967968e-01 1.575461408921208228e-01
7.580080732765234197e-01 8.199446495905429177e-01 8.680880023332011586e-01 9.216431678553889117e-01 9.389777168369926041e-01 9.424372929776084762e-01 8.999697765774297142e-01
7.607410603030074769e-01 8.588324870219355978e-01 8.683186997221206127e-01 9.210191059436351191e-01 9.440545581884922655e-01 9.492824589696287063e-01 9.137105893798108669e-01
8.304801328593279797e-01 8.638996938080163446e-01 8.430806578912886096e-01 8.624293720849561806e-01 7.732453425625341881e-01 7.938452750053351936e-01 5.871205627673133920e-01
6.207418371941602064e-01 8.408705130484519508e-01 8.653356487188010870e-01 8.450898287200436787e-01 7.872122972700816845e-01 8.697768352111824308e-01 8.893825220095231687e-01
7.687027298069514236e-01 7.842527677811729214e-01 9.092343361204340280e-01 9.014566655015912033e-01 8.970601277825093200e-01 7.394510583086648658e-01 5.418680619360665141e-01
6.843614418169947644e-01 7.033925580632232055e-01 7.380842848872218864e-01 8.965725111608573439e-01 9.517808620828052124e-01 9.260954417051848742e-01 7.137237553503710252e-01
0.000000000000000000e+00 0.000000000000000000e+00 0.000000000000000000e+00 0.000000000000000000e+00 0.000000000000000000e+00 0.000000000000000000e+00 0.000000000000000000e+00
8.200193607145391805e-01 8.197896613351177697e-01 6.244785658871717660e-01 7.043278167512802002e-01 7.662537735259411509e-01 5.682795751815500340e-01 3.827902858531185837e-01
5.975103593974256250e-02 1.871356738436579237e-01 5.786643734971781416e-01 3.968078351273121029e-01 2.639586475855058567e-01 7.191728655172566209e-02 1.499053476262508788e-01
8.340908917735334605e-01 7.835568307806279886e-01 7.657589592076150531e-01 7.700831280769234732e-01 8.580940136937513785e-01 7.622621914188225656e-01 7.873357546944118601e-01
6.476659642466496836e-01 8.793967245284626255e-01 9.483033806648558661e-01 8.771388149280510138e-01 7.760618814571252910e-01 5.981040178337175828e-01 4.524245443646744413e-01
0.000000000000000000e+00 0.000000000000000000e+00 0.000000000000000000e+00 0.000000000000000000e+00 0.000000000000000000e+00 0.000000000000000000e+00 0.000000000000000000e+00
7.358516214995032279e-01 8.697309845979260823e-01 8.657660903759636373e-01 9.091882445428746129e-01 9.714954953352360478e-01 9.814123218749631894e-01 9.843566075160695705e-01
8.956812342486698553e-01 7.700620154792541250e-01 7.677045300568036135e-01 7.275819836418552233e-01 7.737560181892043643e-01 8.500146179749936692e-01 4.076167755136502202e-01
9.180149958047659764e-01 9.266392503184559537e-01 8.081025090015816481e-01 4.212648161176117401e-01 3.085386330963087453e-01 2.701466247722709157e-01 1.996896088143400028e-01
7.722370170486564378e-01 6.564532350224413504e-01 2.831814066246828854e-01 6.387592171962945820e-01 8.341634624406790710e-01 8.295973839052005472e-01 8.660016632853089202e-01
1.908843935473221731e-01 4.980596797259031483e-01 2.820899513993377905e-01 3.255140607669104735e-01 2.859012473557636103e-01 1.680814471943106181e-01 3.134034501482971247e-01
2.977515397872885772e-01 1.992267704268480544e-01 1.904813966388484436e-01 6.794089431177461336e-01 8.023584992205681221e-01 6.359440503021021041e-01 5.034120460299045252e-01
4.271431836616317312e-01 5.682911840126030345e-01 6.262132933290650572e-01 6.512138398732214561e-01 3.671540427559447095e-01 2.428520350391430160e-01 2.197511977983975517e-01
7.319743518572672247e-01 7.907728133835165707e-01 7.405392809047687264e-01 7.373743356311046604e-01 7.729244136331661075e-01 7.110561890828637210e-01 6.301390217743624289e-01
0.000000000000000000e+00 0.000000000000000000e+00 0.000000000000000000e+00 0.000000000000000000e+00 0.000000000000000000e+00 0.000000000000000000e+00 0.000000000000000000e+00
7.966012940720134106e-01 6.937178838182848084e-01 8.126789644286270820e-01 7.616446574060841135e-01 5.741375727225960235e-01 1.382868840432940616e-01 1.126344237577043272e-01
6.568139356741787838e-01 7.476553942415841147e-01 7.300054431029379121e-01 7.295858400859124293e-01 7.028176357568950428e-01 8.253955488126524243e-01 7.640408574112006468e-01
6.398686523296784889e-01 7.391682373123013017e-01 4.400907047561138929e-01 3.226237641035641368e-01 4.541120547639804217e-01 7.115031908290871954e-01 6.025990066305537685e-01
6.741135176126014095e-01 7.652932514998508351e-01 7.165476416246318037e-01 5.509930032939773792e-01 2.600726668425929478e-01 3.777703172579967017e-01 2.481560336374555586e-01
9.071653875914875709e-01 9.418177555064752848e-01 9.615830501818368736e-01 9.049209955340618006e-01 9.181822113857809331e-01 9.074797858374841208e-01 9.572691133983138867e-01
0.000000000000000000e+00 0.000000000000000000e+00 0.000000000000000000e+00 0.000000000000000000e+00 0.000000000000000000e+00 0.000000000000000000e+00 0.000000000000000000e+00
0.000000000000000000e+00 0.000000000000000000e+00 0.000000000000000000e+00 0.000000000000000000e+00 0.000000000000000000e+00 0.000000000000000000e+00 0.000000000000000000e+00
7.350264644572914730e-01 7.226596708326042950e-01 7.610415379503985278e-01 6.826570092392936218e-01 3.553823579543874955e-01 2.486142690371433983e-01 4.265581557552332037e-01
6.139400131543933936e-01 6.674364739454469175e-01 7.603729577655626848e-01 7.486308562803317690e-01 7.021687909605259792e-01 7.150857236431619190e-01 5.032530409703680485e-01
4.621257048984103721e-01 4.534032322924262948e-01 5.085064510834459428e-01 6.727029475680896820e-01 7.907805120148431177e-01 7.889807039788223619e-01 9.113737382792681530e-01
0.000000000000000000e+00 0.000000000000000000e+00 0.000000000000000000e+00 0.000000000000000000e+00 0.000000000000000000e+00 0.000000000000000000e+00 0.000000000000000000e+00
4.595375513745325602e-01 5.694464976593469618e-01 4.825529665040874105e-01 5.042223343267159263e-01 6.585128218143597723e-01 8.696271421464060181e-01 9.657214053732536829e-01
5.269453335578266895e-01 7.160392229291008270e-01 8.142871717248371111e-01 8.390917222781970608e-01 8.310350513462588795e-01 8.341375646202625616e-01 8.480078282616018148e-01
0.000000000000000000e+00 0.000000000000000000e+00 0.000000000000000000e+00 0.000000000000000000e+00 0.000000000000000000e+00 0.000000000000000000e+00 0.000000000000000000e+00
0.000000000000000000e+00 0.000000000000000000e+00 0.000000000000000000e+00 0.000000000000000000e+00 0.000000000000000000e+00 0.000000000000000000e+00 0.000000000000000000e+00
0.000000000000000000e+00 0.000000000000000000e+00 0.000000000000000000e+00 0.000000000000000000e+00 0.000000000000000000e+00 0.000000000000000000e+00 0.000000000000000000e+00
0.000000000000000000e+00 0.000000000000000000e+00 0.000000000000000000e+00 0.000000000000000000e+00 0.000000000000000000e+00 0.000000000000000000e+00 0.000000000000000000e+00
6.546691467949619092e-01 7.344262600711649602e-01 6.848646478742471677e-01 7.340446586665823059e-01 8.135341362463861525e-01 7.109555011065921137e-01 7.697481761446030302e-02
5.159072685955419235e-01 6.243302874131817504e-01 7.624758699148055374e-01 7.701415524806862756e-01 6.884028392701028176e-01 5.756926113466021011e-01 5.871273441480016064e-01
8.206716053233201746e-01 8.828238265127207329e-01 8.715692073518253036e-01 8.824593868588429535e-01 9.143184124661012380e-01 5.013372910016159478e-01 2.440616951755218145e-01
7.357742530064134145e-01 8.172095907133651860e-01 8.962363376137512105e-01 8.928072185648637804e-01 6.228602077888841793e-01 4.541016026665070093e-01 2.896815802045246691e-01
0.000000000000000000e+00 0.000000000000000000e+00 0.000000000000000000e+00 0.000000000000000000e+00 0.000000000000000000e+00 0.000000000000000000e+00 0.000000000000000000e+00
6.400443987188511041e-01 7.278071556338905346e-01 7.823035840393048890e-01 6.890614329195725585e-01 6.714127087875404465e-01 7.790783374271450512e-01 8.800050303997206669e-01
0.000000000000000000e+00 0.000000000000000000e+00 0.000000000000000000e+00 0.000000000000000000e+00 0.000000000000000000e+00 0.000000000000000000e+00 0.000000000000000000e+00
6.638455221545734863e-01 8.010754722379126447e-01 9.383780133650594379e-01 9.432533999596581786e-01 9.326844885803414753e-01 7.579799927091167566e-01 7.422400322749836965e-01
7.482531406588421863e-01 6.764074252960198264e-01 6.566582345003791898e-01 5.604820697913990291e-01 3.488213339604563368e-01 2.371936345463787621e-01 3.507265801100329372e-01
