9.364919891277351249e-01 9.559776118053567862e-01 9.495038881288725419e-01 8.662584351871838173e-01 6.964999984832436208e-01 5.309612767785865106e-01 5.858402717525587056e-01
8.650029259474634191e-01 8.994045841988159706e-01 8.558630655641621399e-01 8.754706243584966519e-01 7.131855780941552814e-01 2.777736669318487395e-01 3.884562343981260990e-01
0.000000000000000000e+00 0.000000000000000000e+00 0.000000000000000000e+00 0.000000000000000000e+00 0.000000000000000000e+00 0.000000000000000000e+00 0.000000000000000000e+00
0.000000000000000000e+00 0.000000000000000000e+00 0.000000000000000000e+00 0.000000000000000000e+00 0.000000000000000000e+00 0.000000000000000000e+00 0.000000000000000000e+00
7.790700033813543479e-01 6.443081330242054205e-01 5.854468712880119829e-01 5.322379766291631675e-01 3.733859068529661318e-01 2.940724051575850373e-01 7.751174869687414704e-02
0.000000000000000000e+00 0.000000000000000000e+00 0.000000000000000000e+00 0.000000000000000000e+00 0.000000000000000000e+00 0.000000000000000000e+00 0.000000000000000000e+00
8.390867849177939819e-01 5.777249350867730282e-01 5.324339061413823071e-01 5.917525787241343371e-01 5.912713323924011499e-01 7.761127196545422047e-01 6.815706849442748627e-01
6.907279990090765542e-01 7.882816697335461864e-01 8.003367323032208880e-01 6.633625646193306302e-01 5.496782523738963366e-01 1.889442548177596992e-01 2.731649256227706157e-01
0.000000000000000000e+00 0.000000000000000000e+00 0.000000000000000000e+00 0.000000000000000000e+00 0.000000000000000000e+00 0.000000000000000000e+00 0.000000000000000000e+00
0.000000000000000000e+00 0.000000000000000000e+00 0.000000000000000000e+00 0.000000000000000000e+00 0.000000000000000000e+00 0.000000000000000000e+00 0.000000000000000000e+00
8.740803468408089305e-01 9.142395941259096048e-01 7.128952577093210508e-01 4.855272543275150343e-01 4.905099789004191413e-01 3.234418995908661665e-01 1.210183787377748649e-01
5.133565727002101786e-01 7.681247929920873574e-01 6.672810107813608171e-01 3.338278823175483967e-01 7.376378483188309465e-01 8.936000809685820112e-01 9.178326965719506569e-01
5.069484550415603863e-01 6.625308614730734957e-01 6.250210325325247229e-01 4.522316751129396017e-01 5.746420182658577014e-01 7.318263375632633183e-01 7.601289759690399439e-01
9.101648881843399375e-01 9.534747087178032654e-01 9.704578283349866163e-01 9.771807217501855547e-01 9.691070214380901326e-01 8.929859127483797954e-01 8.838306272927769491e-01
8.747479496947527799e-01 8.538026908490026212e-01 8.691068989049566262e-01 9.355990358126750062e-01 9.036642434061802343e-01 7.964255538483332453e-01 8.623782819050589410e-01
0.000000000000000000e+00 0.000000000000000000e+00 0.000000000000000000e+00 0.000000000000000000e+00 0.000000000000000000e+00 0.000000000000000000e+00 0.000000000000000000e+00
0.000000000000000000e+00 0.000000000000000000e+00 0.000000000000000000e+00 0.000000000000000000e+00 0.000000000000000000e+00 0.000000000000000000e+00 0.000000000000000000e+00
7.755153191340546925e-01 7.363558890194105144e-01 7.648525952073742529e-01 5.680894180201314647e-01 6.225087116484924188e-01 6.828846017758275488e-01 5.644186297804902885e-01
7.984397247723888924e-01 8.069086078688183505e-01 8.629221488800757900e-01 8.175391258532008765e-01 7.771134234234272631e-01 7.688457001985813388e-01 8.629235145526236161e-01
0.000000000000000000e+00 0.000000000000000000e+00 0.000000000000000000e+00 0.000000000000000000e+00 0.000000000000000000e+00 0.000000000000000000e+00 0.000000000000000000e+00
0.000000000000000000e+00 0.000000000000000000e+00 0.000000000000000000e+00 0.000000000000000000e+00 0.000000000000000000e+00 0.000000000000000000e+00 0.000000000000000000e+00
1.758458815931037422e-01 2.083648602339681077e-01 3.178610891610327283e-01 2.215164147994587718e-01 2.067916344708303489e-01 1.850091896710829020e-01 2.447029584107592026e-01
8.478637749578082916e-01 8.502278755551605505e-01 8.614978222957765386e-01 8.983136444325278136e-01 8.174877674486572543e-01 6.588316268971552425e-01 3.790937832667530816e-01
0.000000000000000000e+00 0.000000000000000000e+00 0.000000000000000000e+00 0.000000000000000000e+00 0.000000000000000000e+00 0.000000000000000000e+00 0.000000000000000000e+00
7.377272391245105476e-01 7.626245501571935481e-01 8.453835645357407058e-01 6.191199892004599636e-01 3.366412046446764506e-01 3.343571277707042544e-01 1.188712041800625979e-01
8.617666950630071820e-01 8.991272901567280984e-01 9.391725930016967538e-01 8.285496308749794592e-01 5.795229018662724219e-01 3.650274531206030293e-01 1.847581889273863520e-01
0.000000000000000000e+00 0.000000000000000000e+00 0.000000000000000000e+00 0.000000000000000000e+00 0.000000000000000000e+00 0.000000000000000000e+00 0.000000000000000000e+00
0.000000000000000000e+00 0.000000000000000000e+00 0.000000000000000000e+00 0.000000000000000000e+00 0.000000000000000000e+00 0.000000000000000000e+00 0.000000000000000000e+00
4.644291266364177218e-01 5.034132150422238050e-01 7.217306458177406014e-01 8.611699822093982215e-01 8.702396402677566867e-01 7.892713952128403987e-01 7.398203736912676298e-01
7.632738240719271205e-01 8.080077789277881894e-01 7.392181674293196725e-01 7.674167671321620032e-01 7.839937993063277322e-01 8.866086429107624678e-01 9.542288349212335596e-01
0.000000000000000000e+00 0.000000000000000000e+00 0.000000000000000000e+00 0.000000000000000000e+00 0.000000000000000000e+00 0.000000000000000000e+00 0.000000000000000000e+00
7.773484076112806562e-01 7.616018668212789500e-01 8.363419852274077693e-01 9.374339407678580205e-01 9.472170356047469042e-01 9.125190881590632408e-01 9.339138315019651637e-01
0.000000000000000000e+00 0.000000000000000000e+00 0.000000000000000000e+00 0.000000000000000000e+00 0.000000000000000000e+00 0.000000000000000000e+00 0.000000000000000000e+00
7.204066541660386624e-01 8.501565822008710915e-01 9.296999237681964345e-01 9.294273765969718326e-01 8.517075168269887531e-01 7.164365627114023249e-01 7.044048020573521196e-01
8.040956676022574801e-01 9.057462738939064950e-01 9.337913614089228265e-01 9.181561066273951077e-01 8.895669495618362399e-01 8.701339389932990498e-01 9.248269436253621079e-01
8.639544671589769465e-01 7.779100124516233894e-01 6.006704599180076043e-01 3.877103436430455741e-01 2.993076752913780281e-01 2.422859204827843005e-01 4.821376074327773931e-01
9.532388529881378192e-01 9.522356587659815963e-01 8.961010820228747509e-01 7.325676102042970594e-01 6.750496910540757511e-01 6.698520098128427636e-01 2.671478585752488644e-01
9.084019365356110765e-01 9.065791562000011794e-01 8.401155423551912582e-01 8.650216760342492872e-01 7.784496986222423365e-01 6.746440434790852425e-01 8.209888433526775220e-01
4.827629579723896613e-01 5.070960804469590855e-01 6.432578870086830269e-01 7.658351293027995110e-01 7.551398713043889765e-01 8.359141528558040601e-01 9.231601958968773669e-01
0.000000000000000000e+00 0.000000000000000000e+00 0.000000000000000000e+00 0.000000000000000000e+00 0.000000000000000000e+00 0.000000000000000000e+00 0.000000000000000000e+00
7.815606338714689016e-01 8.917053268649122177e-01 9.105669057609893091e-01 6.774081389028026035e-01 6.457332252116070315e-01 7.821542357918559452e-01 7.015281118668195148e-01
0.000000000000000000e+00 0.000000000000000000e+00 0.000000000000000000e+00 0.000000000000000000e+00 0.000000000000000000e+00 0.000000000000000000e+00 0.000000000000000000e+00
0.000000000000000000e+00 0.000000000000000000e+00 0.000000000000000000e+00 0.000000000000000000e+00 0.000000000000000000e+00 0.000000000000000000e+00 0.000000000000000000e+00
7.932666426866813447e-01 6.378753762894207036e-01 7.429713516961957698e-01 3.514775823632495522e-01 2.522156126536462817e-01 5.487719296261460711e-01 7.486085343000724590e-01
8.926969472543035966e-01 6.544262593606022804e-01 5.404377807517412036e-01 6.759231182790976789e-01 8.050130793010047414e-01 6.356448221579104052e-01 6.639197929490668892e-01
8.516647003206866406e-01 9.321672648514118809e-01 8.817694948150232026e-01 8.715998870972190282e-01 9.437525822184392732e-01 9.491180632871977219e-01 9.615395111730976607e-01
5.240316957720794200e-01 5.743087839707374798e-01 6.736062277793810615e-01 4.681957101453859127e-01 4.943752262004831866e-01 7.711261288797598423e-01 7.296702045752349042e-01
5.607520877558388461e-01 7.651206487272682599e-01 3.559155245726957628e-01 3.566129945890949560e-01 5.797608138286873825e-01 6.913651535359501832e-01 6.142976775162256597e-01
7.945031823387508352e-01 6.990761877495368370e-01 5.934602804096689166e-01 4.074409811491379041e-01 4.513157234991091449e-01 5.206504059251152450e-01 3.045894189029835775e-01
0.000000000000000000e+00 0.000000000000000000e+00 0.000000000000000000e+00 0.000000000000000000e+00 0.000000000000000000e+00 0.000000000000000000e+00 0.000000000000000000e+00
8.942796094332937651e-01 9.076739531755001478e-01 9.366205596793263366e-01 9.665669989921600314e-01 9.559703401424761715e-01 9.630972650727699369e-01 9.752630493578082760e-01
8.436348999544294180e-01 8.159288838233467178e-01 8.923903230466334602e-01 9.132557653852355628e-01 6.242617215179900869e-01 5.792769240623298899e-01 6.668069456251027871e-01
6.237228012974037616e-01 6.736127225084913572e-01 6.987366435154792610e-01 8.032879651937954169e-01 8.644569546745419775e-01 8.348486970945763197e-01 7.709379402037351836e-01
9.350906960270328749e-01 9.373251458684977999e-01 9.365905246414104601e-01 9.305883260311993421e-01 8.343690919664276118e-01 8.422077487671288942e-01 8.744752719130270968e-01
8.851662124911212626e-01 8.829795569916629727e-01 7.900619458033124598e-01 8.012919535361415768e-01 6.153608498854580278e-01 2.967162212838746482e-01 3.589659104287875602e-01
8.721893569207699315e-01 8.842352460720626084e-01 8.602613161838944533e-01 8.972268234584751534e-01 8.840832285307029803e-01 7.694859908390480063e-01 6.824766364529555318e-01
8.966309700928446480e-01 9.307521833001947131e-01 9.291060159223355486e-01 8.612266557310527260e-01 8.406568301967051182e-01 9.077865990991618173e-01 8.424666060526111444e-01
9.047337424223238500e-01 9.316508835397067090e-01 9.261662417044917994e-01 8.583749427979505686e-01 8.419874982883513992e-01 9.076609412825913381e-01 8.387785439172166235e-01
0.000000000000000000e+00 0.000000000000000000e+00 0.000000000000000000e+00 0.000000000000000000e+00 0.000000000000000000e+00 0.000000000000000000e+00 0.000000000000000000e+00
8.891901021583865639e-01 9.137495650942669689e-01 9.276719000076181221e-01 7.954516333115954074e-01 5.667309060190535153e-01 5.550433278883301069e-01 7.009616485066789693e-01
0.000000000000000000e+00 0.000000000000000000e+00 0.000000000000000000e+00 0.000000000000000000e+00 0.000000000000000000e+00 0.000000000000000000e+00 0.000000000000000000e+00
6.883102400172073088e-01 6.127497541554266514e-01 9.161124246010303729e-01 8.729682897713645362e-01 8.706404798540028356e-01 8.785912948444273285e-01 7.992428905824018326e-01
0.000000000000000000e+00 0.000000000000000000e+00 0.000000000000000000e+00 0.000000000000000000e+00 0.000000000000000000e+00 0.000000000000000000e+00 0.000000000000000000e+00
6.976769086373915130e-01 4.374543994996379914e-01 2.485450132338748452e-01 2.740583001623284609e-01 9.065037966394387525e-02 2.228364148374145648e-01 6.200282548228767121e-01
0.000000000000000000e+00 0.000000000000000000e+00 0.000000000000000000e+00 0.000000000000000000e+00 0.000000000000000000e+00 0.000000000000000000e+00 0.000000000000000000e+00
0.000000000000000000e+00 0.000000000000000000e+00 0.000000000000000000e+00 0.000000000000000000e+00 0.000000000000000000e+00 0.000000000000000000e+00 0.000000000000000000e+00
8.482032658733984487e-01 8.773099209879906546e-01 8.572391657379084817e-01 7.475060720584775220e-01 1.988807185446345160e-01 2.420481954350290343e-01 6.182551730199953299e-01
6.811479514980552930e-01 7.021174890137673597e-01 6.061767506323268995e-01 3.660526439806599530e-01 3.615215357967099807e-01 4.857016707649837728e-01 7.831030479064383654e-01
8.209876269163514095e-01 8.344912352108546649e-01 8.366519860060220859e-01 8.207052461104995533e-01 7.531400475138722017e-01 6.255264499492065866e-01 4.379540759983178155e-01
0.000000000000000000e+00 0.000000000000000000e+00 0.000000000000000000e+00 0.000000000000000000e+00 0.000000000000000000e+00 0.000000000000000000e+00 0.000000000000000000e+00
8.368388682110413646e-01 8.049717111818377457e-01 7.805392430400391879e-01 7.054404647792333893e-01 6.049940518696345082e-01 4.645141367812499200e-01 3.118160933727976980e-01
0.000000000000000000e+00 0.000000000000000000e+00 0.000000000000000000e+00 0.000000000000000000e+00 0.000000000000000000e+00 0.000000000000000000e+00 0.000000000000000000e+00
0.000000000000000000e+00 0.000000000000000000e+00 0.000000000000000000e+00 0.000000000000000000e+00 0.000000000000000000e+00 0.000000000000000000e+00 0.000000000000000000e+00
8.512717706124851569e-01 8.296952700328826813e-01 6.069330512737850514e-01 2.367172158930742620e-01 1.914507345823846796e-01 3.755884916306713173e-01 4.518340053846319204e-01
0.000000000000000000e+00 0.000000000000000000e+00 0.000000000000000000e+00 0.000000000000000000e+00 0.000000000000000000e+00 0.000000000000000000e+00 0.000000000000000000e+00
6.840017946080380051e-01 8.001009827576911482e-01 8.965902218014231151e-01 9.041741613502204400e-01 8.480298622499896632e-01 7.127401348898082523e-01 7.349606688451476577e-01
3.521612046886479774e-01 3.382648572643117690e-01 4.056921167990417132e-01 2.317284716506120557e-01 2.675017817318766089e-01 1.340395516363899198e-01 2.017723369148502477e-01
4.171437045527297549e-01 3.830949616554375492e-01 1.468230514988820568e-01 2.109232164994748193e-01 5.043648939544299603e-01 1.482235835425964043e-01 5.268320532058837768e-01
8.582693100962788257e-01 8.746668413211321491e-01 9.179048514352059485e-01 8.735946831687967373e-01 7.075660289512113454e-01 6.992169212658752020e-01 3.638958226730735213e-01
6.631293650359475489e-01 6.466119854394395405e-01 6.693771076109386042e-01 4.071541984075209286e-01 2.230919508344180180e-01 2.795965108549890443e-01 3.040535943113085726e-01
0.000000000000000000e+00 0.000000000000000000e+00 0.000000000000000000e+00 0.000000000000000000e+00 0.000000000000000000e+00 0.000000000000000000e+00 0.000000000000000000e+00
9.081654084190462495e-01 9.371230297903549999e-01 8.800237357324788290e-01 9.152412774237435045e-01 9.537494535520683048e-01 9.702594618897355527e-01 9.422189266684681819e-01
2.832614850852760990e-01 3.193653939290395094e-01 1.213706937929304730e-01 1.746713357695127700e-01 7.784142213704850488e-02 3.832298646783465212e-01 4.280860276434557132e-01
7.115861100887640456e-01 6.460871612415861609e-01 6.918333098929703162e-01 5.575492113454942888e-01 7.366627119955941883e-01 6.907987120952134852e-01 5.634247024285091721e-01
8.411938889580661272e-01 8.432872619513176460e-01 8.024324959337169050e-01 6.905539245280641891e-01 2.939508487775960299e-01 5.608766189360796517e-01 8.266465725817386812e-01
7.609564340551581152e-01 6.460048259556696593e-01 4.775194988733154622e-01 5.129046427761215776e-01 2.297420210995135270e-01 3.412773362786079012e-01 2.730873849054423763e-01
7.606828597392993885e-01 6.475149231079269097e-01 4.865592649356617616e-01 5.092838998627461367e-01 2.337310017171997378e-01 3.401244085588695509e-01 2.705292997838788516e-01
7.914166232541419710e-01 8.477215694907928034e-01 7.704794149690894489e-01 2.720464667669303394e-01 4.276905641086103937e-01 7.274962079220675948e-01 6.844085220660058866e-01
0.000000000000000000e+00 0.000000000000000000e+00 0.000000000000000000e+00 0.000000000000000000e+00 0.000000000000000000e+00 0.000000000000000000e+00 0.000000000000000000e+00
0.000000000000000000e+00 0.000000000000000000e+00 0.000000000000000000e+00 0.000000000000000000e+00 0.000000000000000000e+00 0.000000000000000000e+00 0.000000000000000000e+00
0.000000000000000000e+00 0.000000000000000000e+00 0.000000000000000000e+00 0.000000000000000000e+00 0.000000000000000000e+00 0.000000000000000000e+00 0.000000000000000000e+00
6.859966236694297059e-01 6.770643558697484465e-01 7.026981774991142293e-01 2.551486998913085058e-01 1.814582572658894333e-01 2.030175911414003886e-01 3.086173161552962507e-01
5.114861972198582185e-01 7.150092530741641861e-01 5.282005330196234416e-01 3.771142047319404056e-01 1.038913992234234696e-01 6.068440067191918086e-01 7.786583623918650332e-01
7.403491792922228809e-01 8.626748213150693401e-01 9.015805796106569625e-01 9.187640213544515655e-01 9.626569878491880727e-01 9.773195829917383781e-01 9.868372545425174724e-01
0.000000000000000000e+00 0.000000000000000000e+00 0.000000000000000000e+00 0.000000000000000000e+00 0.000000000000000000e+00 0.000000000000000000e+00 0.000000000000000000e+00
9.307701548058031626e-01 9.339858354174546129e-01 9.633564209221607832e-01 9.469417065268819211e-01 8.872604554913793296e-01 7.240760369970983268e-01 6.729765104830361944e-01
7.121922947364605072e-01 8.155124625373609826e-01 8.482598479275575976e-01 9.208752509840733014e-01 9.386658582975122567e-01 9.642452642294372378e-01 9.916078148488469690e-01
6.116649038812121963e-01 5.423856991140577621e-01 6.320246114295089424e-01 7.245376405414138965e-01 6.694522964656653974e-01 5.244233235786792680e-01 6.766468759613954997e-01
2.660444528852548007e-01 3.180197368834797866e-01 1.767733622741690935e-01 9.689125831854636384e-02 4.800983722448510793e-01 3.896067648334927691e-01 3.960177142809628292e-01
5.204345218799257822e-01 6.033729128748039905e-01 6.980276716178869245e-01 8.191535257526506575e-01 9.222975473694989823e-01 9.495806797799424270e-01 9.941664794970216379e-01
5.426142090667799289e-01 6.641968955768962068e-01 7.748679744103356137e-01 8.838508541648761874e-01 9.379564312162343986e-01 9.492275232854338052e-01 9.831533420703124637e-01
5.303151958867945437e-01 6.343661704994192352e-01 8.586419622056994383e-01 9.349253380960218518e-01 8.970996087168134903e-01 9.216456225771143540e-01 9.687613092767012324e-01
3.662302415927718990e-01 5.377459137567035530e-01 9.050025372611895935e-02 3.809367475953833737e-01 6.495229166040171753e-01 4.198972656256373392e-01 5.456271054172867618e-01
8.770500644274907831e-01 9.065885936684943136e-01 9.421428082005489646e-01 8.625954612020051426e-01 6.255066007993511645e-01 6.221207522647349553e-01 5.932853022765671724e-01
8.071490116637140000e-01 7.503374642439720743e-01 6.588269492665255189e-01 5.058164989537514700e-01 3.760322880471199669e-01 6.287410622183904341e-01 3.866717334855683808e-01
0.000000000000000000e+00 0.000000000000000000e+00 0.000000000000000000e+00 0.000000000000000000e+00 0.000000000000000000e+00 0.000000000000000000e+00 0.000000000000000000e+00
8.797092989857484557e-01 8.627390816390665407e-01 4.897256478923324163e-01 2.921657708359946537e-01 5.012019854213681791e-01 4.860826654296107607e-01 2.458894111966302976e-01
4.635236585526589237e-01 4.535105002991788314e-01 6.437523987445461504e-01 9.152945664417050375e-01 9.520961771534728335e-01 7.464685187757441609e-01 6.878839371282489124e-01
9.398049158792515234e-01 9.610354552098080427e-01 9.492313505731729828e-01 9.316512157284980722e-01 8.660301870895066312e-01 8.603807134904112308e-01 7.304241323796267782e-01
7.250133312439610567e-01 8.464534319378431704e-01 9.019546014854475935e-01 9.160674279440901291e-01 8.658926765108725387e-01 9.084524944791004808e-01 9.453959633818290742e-01
8.028501758050274884e-01 6.552085454023610644e-01 6.705682342109469118e-01 7.545424974727932277e-01 8.275494302131555235e-01 9.332496502143677874e-01 8.895099001259456628e-01
0.000000000000000000e+00 0.000000000000000000e+00 0.000000000000000000e+00 0.000000000000000000e+00 0.000000000000000000e+00 0.000000000000000000e+00 0.000000000000000000e+00
0.000000000000000000e+00 0.000000000000000000e+00 0.000000000000000000e+00 0.000000000000000000e+00 0.000000000000000000e+00 0.000000000000000000e+00 0.000000000000000000e+00
6.999651198825901366e-01 7.786751158441018728e-01 8.376342888983142609e-01 8.071676635074374051e-01 8.649371312644579257e-01 8.734587580997554834e-01 8.067264197948983417e-01
0.000000000000000000e+00 0.000000000000000000e+00 0.000000000000000000e+00 0.000000000000000000e+00 0.000000000000000000e+00 0.000000000000000000e+00 0.000000000000000000e+00
8.920964817881299469e-01 7.855680152484897372e-01 6.351782657745612681e-01 3.736097480140129212e-01 2.709316905150229160e-01 2.685643237408211759e-01 8.044206069939265069e-02
6.331058028328030440e-01 5.194990341568918035e-01 4.843666305173051634e-01 3.891320985915016073e-01 6.065029535166008845e-01 5.350686770527793845e-01 4.280334010997399741e-01
8.030096824893419027e-01 7.606609016171254067e-01 6.533784958025820044e-01 6.204040553784474499e-01 7.021227270520939978e-01 3.944701325275302706e-01 4.859797946404194047e-01
0.000000000000000000e+00 0.000000000000000000e+00 0.000000000000000000e+00 0.000000000000000000e+00 0.000000000000000000e+00 0.000000000000000000e+00 0.000000000000000000e+00
8.570162755256275355e-01 8.816626572533663442e-01 8.902299838142360144e-01 8.885865020878945808e-01 8.745133931103814540e-01 8.894176825243338413e-01 8.636551123332130153e-01
8.367847631964107080e-01 8.274940394542251720e-01 8.027587684412024194e-01 6.724621087327131708e-01 2.291014455174653630e-01 2.722065975778086844e-01 2.538526497883963895e-01
8.567611565508480576e-01 8.658800320314515853e-01 9.023265746983011315e-01 8.411867067934956088e-01 8.561782178891964579e-01 4.992864745424159811e-01 4.837526045706559419e-01
9.104124814882216254e-01 9.228982812877197794e-01 9.505518193042894470e-01 9.463340273455600471e-01 9.450275079863046379e-01 9.087239907924393734e-01 9.394193926157472507e-01
6.819922353889256161e-01 6.060658375853009705e-01 4.952208084448981862e-01 7.790840449092587550e-01 1.399625926720350078e-01 3.433658665236331564e-01 1.642264285853010375e-01
8.918015784490507247e-01 8.786229267255304398e-01 8.069394659597525221e-01 9.155999722347315517e-01 9.738251197003037207e-01 9.898849839877662538e-01 9.828257642881360612e-01
9.254318639489818032e-01 9.487430079881488121e-01 9.633216234596135852e-01 9.717122584724329215e-01 9.658809565706277800e-01 9.151699567006512659e-01 8.939874049340554851e-01
6.438007357223833882e-01 7.777273061270605359e-01 8.337042803229299803e-01 6.692720728953951426e-01 6.611198966953116818e-01 5.397110945509955293e-01 4.719825532889246889e-01
9.456001231662587436e-01 8.273858201297547010e-01 7.842984388037909094e-01 7.091839927201911697e-01 6.394843456621973621e-01 3.383309590954645119e-01 5.701645466908578097e-01
9.269299516668572103e-01 9.314920071302866811e-01 9.369758120296803883e-01 9.045902650015767987e-01 9.146880379423711904e-01 9.454034722063717755e-01 9.397821993751150904e-01
6.667081093309836781e-01 6.608709156435298437e-01 4.128180002980194052e-01 2.045711151770480685e-01 1.410510525082255551e-01 5.848300719814524262e-01 8.095847242143401346e-01
0.000000000000000000e+00 0.000000000000000000e+00 0.000000000000000000e+00 0.000000000000000000e+00 0.000000000000000000e+00 0.000000000000000000e+00 0.000000000000000000e+00
0.000000000000000000e+00 0.000000000000000000e+00 0.000000000000000000e+00 0.000000000000000000e+00 0.000000000000000000e+00 0.000000000000000000e+00 0.000000000000000000e+00
0.000000000000000000e+00 0.000000000000000000e+00 0.000000000000000000e+00 0.000000000000000000e+00 0.000000000000000000e+00 0.000000000000000000e+00 0.000000000000000000e+00
0.000000000000000000e+00 0.000000000000000000e+00 0.000000000000000000e+00 0.000000000000000000e+00 0.000000000000000000e+00 0.000000000000000000e+00 0.000000000000000000e+00
0.000000000000000000e+00 0.000000000000000000e+00 0.000000000000000000e+00 0.000000000000000000e+00 0.000000000000000000e+00 0.000000000000000000e+00 0.000000000000000000e+00
0.000000000000000000e+00 0.000000000000000000e+00 0.000000000000000000e+00 0.000000000000000000e+00 0.000000000000000000e+00 0.000000000000000000e+00 0.000000000000000000e+00
0.000000000000000000e+00 0.000000000000000000e+00 0.000000000000000000e+00 0.000000000000000000e+00 0.000000000000000000e+00 0.000000000000000000e+00 0.000000000000000000e+00
0.000000000000000000e+00 0.000000000000000000e+00 0.000000000000000000e+00 0.000000000000000000e+00 0.000000000000000000e+00 0.000000000000000000e+00 0.000000000000000000e+00
0.000000000000000000e+00 0.000000000000000000e+00 0.000000000000000000e+00 0.000000000000000000e+00 0.000000000000000000e+00 0.000000000000000000e+00 0.000000000000000000e+00
0.000000000000000000e+00 0.000000000000000000e+00 0.000000000000000000e+00 0.000000000000000000e+00 0.000000000000000000e+00 0.000000000000000000e+00 0.000000000000000000e+00
0.000000000000000000e+00 0.000000000000000000e+00 0.000000000000000000e+00 0.000000000000000000e+00 0.000000000000000000e+00 0.000000000000000000e+00 0.000000000000000000e+00
0.000000000000000000e+00 0.000000000000000000e+00 0.000000000000000000e+00 0.000000000000000000e+00 0.000000000000000000e+00 0.000000000000000000e+00 0.000000000000000000e+00
0.000000000000000000e+00 0.000000000000000000e+00 0.000000000000000000e+00 0.000000000000000000e+00 0.000000000000000000e+00 0.000000000000000000e+00 0.000000000000000000e+00
0.000000000000000000e+00 0.000000000000000000e+00 0.000000000000000000e+00 0.000000000000000000e+00 0.000000000000000000e+00 0.000000000000000000e+00 0.000000000000000000e+00
0.000000000000000000e+00 0.000000000000000000e+00 0.000000000000000000e+00 0.000000000000000000e+00 0.000000000000000000e+00 0.000000000000000000e+00 0.000000000000000000e+00
0.000000000000000000e+00 0.000000000000000000e+00 0.000000000000000000e+00 0.000000000000000000e+00 0.000000000000000000e+00 0.000000000000000000e+00 0.000000000000000000e+00
0.000000000000000000e+00 0.000000000000000000e+00 0.000000000000000000e+00 0.000000000000000000e+00 0.000000000000000000e+00 0.000000000000000000e+00 0.000000000000000000e+00
0.000000000000000000e+00 0.000000000000000000e+00 0.000000000000000000e+00 0.000000000000000000e+00 0.000000000000000000e+00 0.000000000000000000e+00 0.000000000000000000e+00
0.000000000000000000e+00 0.000000000000000000e+00 0.000000000000000000e+00 0.000000000000000000e+00 0.000000000000000000e+00 0.000000000000000000e+00 0.000000000000000000e+00
0.000000000000000000e+00 0.000000000000000000e+00 0.000000000000000000e+00 0.000000000000000000e+00 0.000000000000000000e+00 0.000000000000000000e+00 0.000000000000000000e+00
0.000000000000000000e+00 0.000000000000000000e+00 0.000000000000000000e+00 0.000000000000000000e+00 0.000000000000000000e+00 0.000000000000000000e+00 0.000000000000000000e+00
0.000000000000000000e+00 0.000000000000000000e+00 0.000000000000000000e+00 0.000000000000000000e+00 0.000000000000000000e+00 0.000000000000000000e+00 0.000000000000000000e+00
0.000000000000000000e+00 0.000000000000000000e+00 0.000000000000000000e+00 0.000000000000000000e+00 0.000000000000000000e+00 0.000000000000000000e+00 0.000000000000000000e+00
0.000000000000000000e+00 0.000000000000000000e+00 0.000000000000000000e+00 0.000000000000000000e+00 0.000000000000000000e+00 0.000000000000000000e+00 0.000000000000000000e+00
0.000000000000000000e+00 0.000000000000000000e+00 0.000000000000000000e+00 0.000000000000000000e+00 0.000000000000000000e+00 0.000000000000000000e+00 0.000000000000000000e+00
0.000000000000000000e+00 0.000000000000000000e+00 0.000000000000000000e+00 0.000000000000000000e+00 0.000000000000000000e+00 0.000000000000000000e+00 0.000000000000000000e+00
0.000000000000000000e+00 0.000000000000000000e+00 0.000000000000000000e+00 0.000000000000000000e+00 0.000000000000000000e+00 0.000000000000000000e+00 0.000000000000000000e+00
0.000000000000000000e+00 0.000000000000000000e+00 0.000000000000000000e+00 0.000000000000000000e+00 0.000000000000000000e+00 0.000000000000000000e+00 0.000000000000000000e+00
0.000000000000000000e+00 0.000000000000000000e+00 0.000000000000000000e+00 0.000000000000000000e+00 0.000000000000000000e+00 0.000000000000000000e+00 0.000000000000000000e+00
0.000000000000000000e+00 0.000000000000000000e+00 0.000000000000000000e+00 0.000000000000000000e+00 0.000000000000000000e+00 0.000000000000000000e+00 0.000000000000000000e+00
0.000000000000000000e+00 0.000000000000000000e+00 0.000000000000000000e+00 0.000000000000000000e+00 0.000000000000000000e+00 0.000000000000000000e+00 0.000000000000000000e+00
0.000000000000000000e+00 0.000000000000000000e+00 0.000000000000000000e+00 0.000000000000000000e+00 0.000000000000000000e+00 0.000000000000000000e+00 0.000000000000000000e+00
0.000000000000000000e+00 0.000000000000000000e+00 0.000000000000000000e+00 0.000000000000000000e+00 0.000000000000000000e+00 0.000000000000000000e+00 0.000000000000000000e+00
0.000000000000000000e+00 0.000000000000000000e+00 0.000000000000000000e+00 0.000000000000000000e+00 0.000000000000000000e+00 0.000000000000000000e+00 0.000000000000000000e+00
0.000000000000000000e+00 0.000000000000000000e+00 0.000000000000000000e+00 0.000000000000000000e+00 0.000000000000000000e+00 0.000000000000000000e+00 0.000000000000000000e+00
0.000000000000000000e+00 0.000000000000000000e+00 0.000000000000000000e+00 0.000000000000000000e+00 0.000000000000000000e+00 0.000000000000000000e+00 0.000000000000000000e+00
0.000000000000000000e+00 0.000000000000000000e+00 0.000000000000000000e+00 0.000000000000000000e+00 0.000000000000000000e+00 0.000000000000000000e+00 0.000000000000000000e+00
0.000000000000000000e+00 0.000000000000000000e+00 0.000000000000000000e+00 0.000000000000000000e+00 0.000000000000000000e+00 0.000000000000000000e+00 0.000000000000000000e+00
0.000000000000000000e+00 0.000000000000000000e+00 0.000000000000000000e+00 0.000000000000000000e+00 0.000000000000000000e+00 0.000000000000000000e+00 0.000000000000000000e+00
0.000000000000000000e+00 0.000000000000000000e+00 0.000000000000000000e+00 0.000000000000000000e+00 0.000000000000000000e+00 0.000000000000000000e+00 0.000000000000000000e+00
0.000000000000000000e+00 0.000000000000000000e+00 0.000000000000000000e+00 0.000000000000000000e+00 0.000000000000000000e+00 0.000000000000000000e+00 0.000000000000000000e+00
0.000000000000000000e+00 0.000000000000000000e+00 0.000000000000000000e+00 0.000000000000000000e+00 0.000000000000000000e+00 0.000000000000000000e+00 0.000000000000000000e+00
0.000000000000000000e+00 0.000000000000000000e+00 0.000000000000000000e+00 0.000000000000000000e+00 0.000000000000000000e+00 0.000000000000000000e+00 0.000000000000000000e+00
0.000000000000000000e+00 0.000000000000000000e+00 0.000000000000000000e+00 0.000000000000000000e+00 0.000000000000000000e+00 0.000000000000000000e+00 0.000000000000000000e+00
0.000000000000000000e+00 0.000000000000000000e+00 0.000000000000000000e+00 0.000000000000000000e+00 0.000000000000000000e+00 0.000000000000000000e+00 0.000000000000000000e+00
0.000000000000000000e+00 0.000000000000000000e+00 0.000000000000000000e+00 0.000000000000000000e+00 0.000000000000000000e+00 0.000000000000000000e+00 0.000000000000000000e+00
0.000000000000000000e+00 0.000000000000000000e+00 0.000000000000000000e+00 0.000000000000000000e+00 0.000000000000000000e+00 0.000000000000000000e+00 0.000000000000000000e+00
0.000000000000000000e+00 0.000000000000000000e+00 0.000000000000000000e+00 0.000000000000000000e+00 0.000000000000000000e+00 0.000000000000000000e+00 0.000000000000000000e+00
0.000000000000000000e+00 0.000000000000000000e+00 0.000000000000000000e+00 0.000000000000000000e+00 0.000000000000000000e+00 0.000000000000000000e+00 0.000000000000000000e+00
0.000000000000000000e+00 0.000000000000000000e+00 0.000000000000000000e+00 0.000000000000000000e+00 0.000000000000000000e+00 0.000000000000000000e+00 0.000000000000000000e+00
0.000000000000000000e+00 0.000000000000000000e+00 0.000000000000000000e+00 0.000000000000000000e+00 0.000000000000000000e+00 0.000000000000000000e+00 0.000000000000000000e+00
0.000000000000000000e+00 0.000000000000000000e+00 0.000000000000000000e+00 0.000000000000000000e+00 0.000000000000000000e+00 0.000000000000000000e+00 0.000000000000000000e+00
0.000000000000000000e+00 0.000000000000000000e+00 0.000000000000000000e+00 0.000000000000000000e+00 0.000000000000000000e+00 0.000000000000000000e+00 0.000000000000000000e+00
0.000000000000000000e+00 0.000000000000000000e+00 0.000000000000000000e+00 0.000000000000000000e+00 0.000000000000000000e+00 0.000000000000000000e+00 0.000000000000000000e+00
0.000000000000000000e+00 0.000000000000000000e+00 0.000000000000000000e+00 0.000000000000000000e+00 0.000000000000000000e+00 0.000000000000000000e+00 0.000000000000000000e+00
0.000000000000000000e+00 0.000000000000000000e+00 0.000000000000000000e+00 0.000000000000000000e+00 0.000000000000000000e+00 0.000000000000000000e+00 0.000000000000000000e+00
0.000000000000000000e+00 0.000000000000000000e+00 0.000000000000000000e+00 0.000000000000000000e+00 0.000000000000000000e+00 0.000000000000000000e+00 0.000000000000000000e+00
0.000000000000000000e+00 0.000000000000000000e+00 0.000000000000000000e+00 0.000000000000000000e+00 0.000000000000000000e+00 0.000000000000000000e+00 0.000000000000000000e+00
0.000000000000000000e+00 0.000000000000000000e+00 0.000000000000000000e+00 0.000000000000000000e+00 0.000000000000000000e+00 0.000000000000000000e+00 0.000000000000000000e+00
0.000000000000000000e+00 0.000000000000000000e+00 0.000000000000000000e+00 0.000000000000000000e+00 0.000000000000000000e+00 0.000000000000000000e+00 0.000000000000000000e+00
