7.339570862951850794e-01 5.685049295744882825e-01 3.166009690975815638e-01 3.504468185926116752e-01 5.906415027515439231e-01 2.859386696120427285e-01 1.679443150123119677e-01
0.000000000000000000e+00 0.000000000000000000e+00 0.000000000000000000e+00 0.000000000000000000e+00 0.000000000000000000e+00 0.000000000000000000e+00 0.000000000000000000e+00
9.538109732152367792e-01 9.441140876442466467e-01 8.805978728772169140e-01 8.567675306096351751e-01 8.863651939786734157e-01 8.320115063143199707e-01 9.441180540694196210e-01
9.869034987174193363e-01 9.806217438039878109e-01 9.790306662232284296e-01 9.767511253728270448e-01 9.685436294639727661e-01 9.210305386389693316e-01 7.228959445703536657e-01
0.000000000000000000e+00 0.000000000000000000e+00 0.000000000000000000e+00 0.000000000000000000e+00 0.000000000000000000e+00 0.000000000000000000e+00 0.000000000000000000e+00
0.000000000000000000e+00 0.000000000000000000e+00 0.000000000000000000e+00 0.000000000000000000e+00 0.000000000000000000e+00 0.000000000000000000e+00 0.000000000000000000e+00
9.843398374843942422e-01 9.687310180011404759e-01 9.545339561288176400e-01 9.374193206717688076e-01 9.140575473170854393e-01 7.045116881348693072e-01 4.065846237470029378e-01
9.009438666080332725e-01 8.962285763479196365e-01 9.021807584334322616e-01 8.869766625611840150e-01 8.686870398338798482e-01 6.872047299369307138e-01 7.664146642612306159e-01
0.000000000000000000e+00 0.000000000000000000e+00 0.000000000000000000e+00 0.000000000000000000e+00 0.000000000000000000e+00 0.000000000000000000e+00 0.000000000000000000e+00
9.470604182786299674e-01 9.223668802516158394e-01 8.286105114967502461e-01 7.411080048733241776e-01 6.149403184575253922e-01 8.176458553488418213e-01 9.081274398136556236e-01
9.592988617168725085e-01 9.745199739103670433e-01 9.804885304820075698e-01 9.520808146363877178e-01 8.771314275066134369e-01 5.060865869822394059e-01 2.992013793523153331e-01
7.518107721696984935e-01 5.730304500720966310e-01 4.233906707480985521e-01 4.442628798620229524e-01 4.588009256790944734e-01 5.238195399422640453e-01 5.687763075815988056e-01
9.692579833199896910e-01 9.468191096072564594e-01 8.974751382789368792e-01 6.300845230014870957e-01 7.550447947360660050e-01 8.244937679293090627e-01 7.679677709416555809e-01
0.000000000000000000e+00 0.000000000000000000e+00 0.000000000000000000e+00 0.000000000000000000e+00 0.000000000000000000e+00 0.000000000000000000e+00 0.000000000000000000e+00
9.759327556247723301e-01 9.827048381054942494e-01 9.843944875755948898e-01 9.793582161600755676e-01 9.843157098149155626e-01 9.842923019300459098e-01 9.763092408398790223e-01
0.000000000000000000e+00 0.000000000000000000e+00 0.000000000000000000e+00 0.000000000000000000e+00 0.000000000000000000e+00 0.000000000000000000e+00 0.000000000000000000e+00
0.000000000000000000e+00 0.000000000000000000e+00 0.000000000000000000e+00 0.000000000000000000e+00 0.000000000000000000e+00 0.000000000000000000e+00 0.000000000000000000e+00
0.000000000000000000e+00 0.000000000000000000e+00 0.000000000000000000e+00 0.000000000000000000e+00 0.000000000000000000e+00 0.000000000000000000e+00 0.000000000000000000e+00
0.000000000000000000e+00 0.000000000000000000e+00 0.000000000000000000e+00 0.000000000000000000e+00 0.000000000000000000e+00 0.000000000000000000e+00 0.000000000000000000e+00
0.000000000000000000e+00 0.000000000000000000e+00 0.000000000000000000e+00 0.000000000000000000e+00 0.000000000000000000e+00 0.000000000000000000e+00 0.000000000000000000e+00
8.866400999563851526e-01 9.457844088992845011e-01 9.596861525530948622e-01 9.561235698334478172e-01 9.692812019943679580e-01 9.379355854335326148e-01 9.612255139850754970e-01
9.653231160005791844e-01 9.731191381363681892e-01 9.698658327912634824e-01 9.590050966098280227e-01 9.467798821097288542e-01 9.263406419159666561e-01 9.240454997650052738e-01
7.345807350758329912e-01 7.566857326305818088e-01 7.935719646413810224e-01 6.807688937387299521e-01 5.831851577325061209e-01 2.876677796975532497e-01 3.767024057210040522e-01
9.558677927982746070e-01 9.364058964176358302e-01 9.094373640093227351e-01 8.989456537504673106e-01 8.130701059144073151e-01 4.173064948410130093e-01 6.001231288867993063e-01
7.308721482785696111e-01 6.350272116341612039e-01 3.953255734219300876e-01 4.111149459025333908e-01 6.779497120101164453e-01 8.404119567368266708e-01 8.679871237680046869e-01
9.544345169788516214e-01 9.278383060432532359e-01 9.027459954172910583e-01 8.597245480317909916e-01 7.010309174229821805e-01 2.422708242095285291e-01 3.553691158793109151e-01
9.830528778055067640e-01 9.777620230880865737e-01 9.534656941899478655e-01 8.992107106798901128e-01 6.899208819214264210e-01 6.949235573979001268e-01 7.115704282616027720e-01
0.000000000000000000e+00 0.000000000000000000e+00 0.000000000000000000e+00 0.000000000000000000e+00 0.000000000000000000e+00 0.000000000000000000e+00 0.000000000000000000e+00
9.918913255248230643e-01 9.871947080916625428e-01 9.837518773032257746e-01 9.787764490035687492e-01 9.542990393642574176e-01 9.141918673110209781e-01 7.697176941864775079e-01
8.773038094488528893e-01 9.605708586715923092e-01 6.369202728093631416e-01 4.210035204506271111e-01 3.728756660426076341e-01 5.002873867497400484e-01 2.807589728688599795e-01
9.781755432109906501e-01 9.760235646311264945e-01 9.739982258907626811e-01 9.689554539453203441e-01 8.838371400541052969e-01 5.600844643716447191e-01 6.277710672533086678e-01
6.517944171179478330e-01 6.338593788305824095e-01 6.821311421965954302e-01 8.491972185212454116e-01 9.552436320529444913e-01 9.590882070557236183e-01 8.826328090430464179e-01
0.000000000000000000e+00 0.000000000000000000e+00 0.000000000000000000e+00 0.000000000000000000e+00 0.000000000000000000e+00 0.000000000000000000e+00 0.000000000000000000e+00
8.108385108161685340e-01 7.110499005995979394e-01 8.574561955952955117e-01 9.160692379716965927e-01 9.493944091054601353e-01 9.636321791673768677e-01 9.703601989690995300e-01
9.671099678348493711e-01 9.782639041330738472e-01 9.779659524202812815e-01 9.531163374124796972e-01 7.522472534815365375e-01 6.199067097032681106e-01 4.959191813991024045e-01
3.847966684826090167e-01 4.377081971466544319e-01 5.426880448980773153e-01 8.537192903822299339e-01 7.226000729217784135e-01 5.145638066776087038e-01 3.635917029989078619e-01
6.641809865240405619e-01 7.216573423082685013e-01 7.580598387430328433e-01 8.516183498996265921e-01 9.608567770204247127e-01 9.810589080777630810e-01 9.840190759837037504e-01
9.180258669583789555e-01 9.038882746560774617e-01 6.415104279694734402e-01 9.046576738973556298e-01 8.046410930042969811e-01 8.034263149306511975e-01 3.769579707350179110e-01
8.734924180587233522e-01 9.153407826269932546e-01 9.300609972836813011e-01 8.381670166361430141e-01 5.880180893700587275e-01 5.171937055048656529e-01 5.731860052749574441e-01
