9.250634800967152405e-01 8.962220799366631407e-01 8.016107924676431074e-01 5.898340792277436684e-01 6.122675383671764004e-01 4.449662925922444612e-01 4.479576563053023208e-01
7.761366458792964274e-01 9.091456832929810661e-01 9.363864195976132621e-01 9.297784155721000587e-01 8.318152556080974369e-01 7.560950282015211910e-01 4.674131962224125081e-01
8.231865997274527835e-01 7.186641023198802047e-01 5.152084334136504129e-01 5.364206549941915592e-01 7.674690960843942866e-01 8.265687297771404651e-01 9.454068229259099398e-01
7.074626003234811833e-01 8.276458753853243033e-01 9.439818336474949945e-01 9.492884758709734250e-01 9.307013788289775214e-01 8.462821541818732474e-01 3.991195850871335216e-01
7.008640406825293878e-01 8.546174444047089924e-01 9.383087832071685952e-01 9.314521609684536241e-01 9.622730880157294164e-01 8.880809083188174746e-01 4.921779162052729584e-01
8.834229047663205714e-01 8.667039208962247221e-01 8.752518316789417163e-01 9.300631834917543195e-01 9.021770464478799934e-01 8.265994162696738146e-01 7.340221906766088988e-01
8.840745979902017160e-01 8.685950546641336700e-01 8.506080230208221682e-01 8.785477709150127934e-01 9.243110999244592563e-01 8.163269779998619802e-01 6.257288249931751700e-01
6.572661255831084848e-01 7.762927033540922839e-01 7.905273272044659461e-01 6.736778638723914803e-01 5.020598151521429298e-01 7.634488675941418778e-01 8.674853630474366195e-01
0.000000000000000000e+00 0.000000000000000000e+00 0.000000000000000000e+00 0.000000000000000000e+00 0.000000000000000000e+00 0.000000000000000000e+00 0.000000000000000000e+00
8.575161487077797018e-01 8.974704421281196609e-01 6.517463370520645283e-01 6.703122809198559517e-01 8.825596714792983688e-01 8.976181654849662017e-01 9.558996298440279871e-01
6.467622334591984767e-01 6.933520718407905070e-01 7.733736597581520877e-01 7.813366758764862530e-01 3.654807915697749210e-01 5.246529228444547499e-01 3.901746597288115459e-01
1.478273137157958550e-01 4.035510229439951552e-02 2.318182083630639101e-01 2.572670010681292196e-01 2.503786040188437090e-01 2.838911347446798072e-01 4.162609204666401497e-01
8.585146671549974684e-01 7.956164445345180747e-01 8.499028718440352348e-01 9.359522366248573810e-01 9.183897780218679419e-01 8.788275426881757557e-01 9.485097327530552791e-01
0.000000000000000000e+00 0.000000000000000000e+00 0.000000000000000000e+00 0.000000000000000000e+00 0.000000000000000000e+00 0.000000000000000000e+00 0.000000000000000000e+00
6.987883090460680346e-01 7.726447024272401487e-01 8.832583565503754341e-01 9.236552726180323747e-01 9.188505111436284789e-01 8.965428439236269309e-01 8.684605819658620662e-01
0.000000000000000000e+00 0.000000000000000000e+00 0.000000000000000000e+00 0.000000000000000000e+00 0.000000000000000000e+00 0.000000000000000000e+00 0.000000000000000000e+00
0.000000000000000000e+00 0.000000000000000000e+00 0.000000000000000000e+00 0.000000000000000000e+00 0.000000000000000000e+00 0.000000000000000000e+00 0.000000000000000000e+00
0.000000000000000000e+00 0.000000000000000000e+00 0.000000000000000000e+00 0.000000000000000000e+00 0.000000000000000000e+00 0.000000000000000000e+00 0.000000000000000000e+00
0.000000000000000000e+00 0.000000000000000000e+00 0.000000000000000000e+00 0.000000000000000000e+00 0.000000000000000000e+00 0.000000000000000000e+00 0.000000000000000000e+00
0.000000000000000000e+00 0.000000000000000000e+00 0.000000000000000000e+00 0.000000000000000000e+00 0.000000000000000000e+00 0.000000000000000000e+00 0.000000000000000000e+00
7.727923032782507695e-01 7.253516529386019318e-01 5.790837087250741977e-01 5.949401959473314960e-01 5.657287588854735816e-01 6.044200721621636463e-01 7.230274511835034223e-01
8.405157262385821726e-01 9.167684141598261283e-01 8.913042656257157415e-01 9.383066370546889745e-01 9.529135810543623020e-01 8.779384300903269045e-01 7.562267364897865551e-01
7.892122284032089263e-01 5.865262873620757933e-01 5.377408859347675429e-01 6.702828979505842666e-01 7.899332057050694189e-01 7.504023064264985221e-01 6.027827331037116654e-01
8.531130439997060000e-01 7.832075817857904187e-01 8.778382334496692696e-01 7.806852434754281145e-01 8.469398427514283068e-01 5.573643027542842798e-01 3.237208914527786585e-01
7.120955239420020400e-01 4.440859339218606316e-01 8.039003897094414153e-02 7.175411435056513465e-01 8.340357575705846793e-01 7.842671671612985174e-01 7.041933258209944757e-01
6.357131469444677885e-01 8.995002058698812197e-01 9.319028739285795115e-01 9.070154249418358461e-01 7.738981959455719650e-01 6.974188108806774755e-01 4.780117504418214258e-01
7.723947527210898167e-01 8.482743435611121985e-01 8.549571952383377971e-01 7.371788995105359454e-01 8.557277263246265697e-01 8.889988122662522141e-01 9.492757538556400032e-01
0.000000000000000000e+00 0.000000000000000000e+00 0.000000000000000000e+00 0.000000000000000000e+00 0.000000000000000000e+00 0.000000000000000000e+00 0.000000000000000000e+00
9.316421455570665922e-01 9.036010523195444621e-01 9.015975349968552433e-01 7.339844599496812005e-01 6.620919923737141888e-01 3.588812776789496728e-01 1.363893932327390757e-01
3.100835983973671550e-01 4.830062346060367551e-01 6.211366535863768190e-01 4.979946373092334899e-01 3.684468750096825951e-01 8.661737386232597202e-02 5.199470884842674057e-01
9.053282687433498177e-01 9.370979863566610835e-01 8.421582892545724786e-01 8.860582546960539263e-01 9.517473060196897094e-01 9.296402583154513843e-01 9.401876985602145576e-01
8.804680508258947436e-01 9.260505072609325206e-01 8.928754067990362087e-01 7.664243312254719331e-01 6.563055293486724784e-01 8.706258390728506547e-02 3.747133851121954851e-01
0.000000000000000000e+00 0.000000000000000000e+00 0.000000000000000000e+00 0.000000000000000000e+00 0.000000000000000000e+00 0.000000000000000000e+00 0.000000000000000000e+00
7.247232905107637846e-01 8.923602468015864320e-01 9.598638176750923234e-01 9.735205843935872405e-01 9.851667684542562142e-01 9.886379790391779387e-01 9.900530885556487748e-01
8.078334992550784133e-01 8.657177701515705870e-01 8.539476029695962644e-01 6.923462431487252822e-01 7.259683574250324067e-01 4.958496586106256876e-01 4.073296127408989609e-01
6.697322806289596198e-01 8.335663391647630815e-01 7.856058339818680070e-01 6.126844603255028332e-01 4.977200476528150230e-01 6.038173794985431941e-01 4.615873716929291826e-01
7.831699180097521085e-01 6.386722138502796131e-01 5.752315153552616245e-01 3.192897446218458390e-01 8.232302422186296154e-01 8.082936932966792165e-01 8.239077806227402823e-01
6.028827337069734282e-01 5.518641670649077069e-01 6.746011708324587408e-01 5.651364242227066015e-01 3.634748990298041216e-01 5.443593726561114093e-02 3.800540056692283120e-01
5.424881843413218441e-01 7.102490069312843435e-01 6.588659732729541529e-01 7.397920237282034073e-01 8.220149415401161175e-01 9.041922427129384099e-01 9.628077828621703915e-01
2.240778397256419918e-01 2.865949176929170061e-01 3.177351265004929037e-01 4.460564260440590956e-01 6.204051145255737865e-01 7.474033118601908221e-01 4.856327778887208901e-01
8.136033072467390159e-01 6.674603612708354117e-01 7.131437713395424316e-01 7.048348453108738143e-01 8.616296812029552443e-01 5.954907313803038393e-01 5.640156739535534536e-01
3.251770051287140584e-01 6.642392414575195581e-01 7.667953863652403612e-01 8.277273127197264380e-01 7.865279436104490873e-01 7.306459667654778833e-01 7.177721734917363872e-01
8.807142949372719354e-01 8.644418627187218096e-01 8.751658289353959619e-01 8.504294090416297802e-01 7.191346852443341042e-01 6.885813596304934947e-01 6.442870530976737564e-01
8.647974595077013715e-01 7.504253608197097858e-01 4.728600971805847486e-01 3.046697831663685574e-01 8.268634602197667827e-02 3.813893643748547668e-01 6.907645269389212084e-01
6.978689497234528138e-01 6.258621084366848830e-01 4.933160740172924386e-01 7.448367509618436522e-01 6.600840028416443683e-01 1.925591545012429739e-01 5.091672910095628168e-01
7.073690184724770180e-01 6.450376688615604426e-01 7.443657634577135473e-01 7.481134431018611197e-01 6.826858049215884794e-01 6.371721178813716246e-01 5.938925293812237216e-01
9.462201405421850620e-01 9.588190227507558117e-01 9.283425570275622984e-01 9.725816869173798951e-01 9.826901385323999483e-01 9.614485477239635980e-01 9.108649770468771889e-01
0.000000000000000000e+00 0.000000000000000000e+00 0.000000000000000000e+00 0.000000000000000000e+00 0.000000000000000000e+00 0.000000000000000000e+00 0.000000000000000000e+00
0.000000000000000000e+00 0.000000000000000000e+00 0.000000000000000000e+00 0.000000000000000000e+00 0.000000000000000000e+00 0.000000000000000000e+00 0.000000000000000000e+00
8.768506234984749792e-01 8.190700298042652427e-01 7.732979728962258159e-01 6.718916660801619312e-01 2.999841105631456117e-01 2.817835693450566059e-01 4.610050603515870038e-01
6.009082326219199466e-01 8.725053346423884415e-01 7.863647474390135228e-01 6.926374683234293173e-01 5.618708383619366309e-01 4.524991561279991803e-01 1.098251122540248870e-01
4.758583195635805452e-01 1.878181182700150442e-01 4.658693858871001958e-01 4.929296316125139632e-01 5.588956306082655257e-01 6.925571291297440979e-01 9.417793966046251741e-01
0.000000000000000000e+00 0.000000000000000000e+00 0.000000000000000000e+00 0.000000000000000000e+00 0.000000000000000000e+00 0.000000000000000000e+00 0.000000000000000000e+00
4.167336943286401585e-01 4.641353967287505378e-01 5.852757162462348672e-01 7.286035776353501081e-01 8.051107830456587511e-01 9.276862406210966139e-01 9.541434459030924131e-01
6.903967168697558998e-01 6.572650253182402702e-01 4.658625592370478907e-01 5.006404193140758796e-01 2.731345396964476868e-01 4.034157950383959190e-01 4.228404295349328379e-01
0.000000000000000000e+00 0.000000000000000000e+00 0.000000000000000000e+00 0.000000000000000000e+00 0.000000000000000000e+00 0.000000000000000000e+00 0.000000000000000000e+00
0.000000000000000000e+00 0.000000000000000000e+00 0.000000000000000000e+00 0.000000000000000000e+00 0.000000000000000000e+00 0.000000000000000000e+00 0.000000000000000000e+00
0.000000000000000000e+00 0.000000000000000000e+00 0.000000000000000000e+00 0.000000000000000000e+00 0.000000000000000000e+00 0.000000000000000000e+00 0.000000000000000000e+00
0.000000000000000000e+00 0.000000000000000000e+00 0.000000000000000000e+00 0.000000000000000000e+00 0.000000000000000000e+00 0.000000000000000000e+00 0.000000000000000000e+00
8.301113502852268677e-01 8.435669550992871413e-01 8.381666222332413430e-01 8.459317227708086362e-01 7.264464515174082759e-01 5.698865887549536824e-01 3.642961117515152170e-01
3.749422239658579681e-01 6.103106065626413557e-01 8.572624802952765188e-01 7.827740978773660707e-01 8.121725835299522522e-01 6.916018236433907340e-01 7.369008019651887009e-01
9.273319431244737565e-01 8.691377133524422760e-01 8.468212062599254075e-01 8.549209238378379094e-01 7.994865390576170183e-01 6.026055989078780151e-01 3.075608054745622155e-01
8.765169334984747040e-01 8.430670528877554082e-01 7.786625094715835527e-01 7.991115512914680474e-01 6.458174503861277005e-01 4.050123071982795198e-01 4.257364475032606732e-01
0.000000000000000000e+00 0.000000000000000000e+00 0.000000000000000000e+00 0.000000000000000000e+00 0.000000000000000000e+00 0.000000000000000000e+00 0.000000000000000000e+00
8.544896877908588761e-01 8.848344661551874601e-01 7.944612043497502052e-01 6.124247113819902832e-01 6.748812497098998220e-01 8.710051658812482112e-01 9.249710342416221920e-01
0.000000000000000000e+00 0.000000000000000000e+00 0.000000000000000000e+00 0.000000000000000000e+00 0.000000000000000000e+00 0.000000000000000000e+00 0.000000000000000000e+00
7.998197868906281593e-01 7.077560131825260115e-01 8.674938612264023741e-01 9.117083351595101082e-01 8.058697254785002206e-01 3.610533307635432898e-01 6.099137857638788907e-01
8.452275958669039913e-01 8.228281237166986672e-01 6.453542917157268910e-01 1.969595938587103967e-01 5.312967907424707148e-01 7.497686053700416409e-01 7.918879279169772634e-01
