6.946553551818885897e-01 7.081961373995352416e-01 2.930510901017236436e-01 4.125474508833041343e-01 4.291792361466609251e-01 4.919716890767147910e-01 4.252433417282375228e-01
9.590611674149679411e-01 9.617768042982119958e-01 9.608744371297635034e-01 9.434707057115889750e-01 9.420737414993080039e-01 9.757513890145517177e-01 9.889086945410163754e-01
9.203235793076023352e-01 9.361783342551386333e-01 8.919115067018530407e-01 8.010954461427045592e-01 6.561194298165926586e-01 8.430967150278573241e-01 9.171523035341921926e-01
9.822382122883804856e-01 9.826957980012769323e-01 9.795035490403313228e-01 9.741511751141259667e-01 9.589588092646630368e-01 8.993801194428548973e-01 8.508186082911477488e-01
9.798321184755340862e-01 9.742411290228513154e-01 9.669941733913269832e-01 9.632825723350237901e-01 9.264581162992744368e-01 5.557949295055741867e-01 9.106591001001816954e-01
9.735952115021891951e-01 9.711262512850906692e-01 9.732708749209885157e-01 9.848047405680486754e-01 9.768033812034093710e-01 9.508401524442015029e-01 9.531952231469134063e-01
9.853947093469040963e-01 9.824202402324496708e-01 9.779676398146593952e-01 9.342456435418020622e-01 9.182869099511831168e-01 6.399514907056966795e-01 8.610083590294648204e-01
9.443398870068469009e-01 9.107072723590694530e-01 8.786403005500397212e-01 8.890358236532612812e-01 8.700083966789478040e-01 6.747108211979696568e-01 7.242781070142197963e-01
0.000000000000000000e+00 0.000000000000000000e+00 0.000000000000000000e+00 0.000000000000000000e+00 0.000000000000000000e+00 0.000000000000000000e+00 0.000000000000000000e+00
9.144354308755806571e-01 9.285728944878754998e-01 8.469155776995889173e-01 6.957918631803641230e-01 6.967416648887857500e-01 6.871348816748450439e-01 8.688925770380069302e-01
9.437645339984878090e-01 9.666472550823392851e-01 9.617412127899357399e-01 9.145455779508975258e-01 9.061807884943873237e-01 4.296791731713001661e-01 3.958440692757357882e-01
6.813793430446660748e-01 5.588701327587668466e-01 4.826346408580708958e-01 4.421279316440273055e-01 4.742904098244102307e-01 4.432375709682586651e-01 4.823532454811491621e-01
9.243575875986977941e-01 9.272624756818970138e-01 8.974970686135679276e-01 7.462018277926850685e-01 7.967825882426982087e-01 8.571446393589361445e-01 7.828909523829390427e-01
0.000000000000000000e+00 0.000000000000000000e+00 0.000000000000000000e+00 0.000000000000000000e+00 0.000000000000000000e+00 0.000000000000000000e+00 0.000000000000000000e+00
9.755510617360754200e-01 9.776166731357717188e-01 9.716102046832690853e-01 9.701192272672728434e-01 9.889742024107447405e-01 9.899130990163999000e-01 9.916191259143780634e-01
0.000000000000000000e+00 0.000000000000000000e+00 0.000000000000000000e+00 0.000000000000000000e+00 0.000000000000000000e+00 0.000000000000000000e+00 0.000000000000000000e+00
0.000000000000000000e+00 0.000000000000000000e+00 0.000000000000000000e+00 0.000000000000000000e+00 0.000000000000000000e+00 0.000000000000000000e+00 0.000000000000000000e+00
0.000000000000000000e+00 0.000000000000000000e+00 0.000000000000000000e+00 0.000000000000000000e+00 0.000000000000000000e+00 0.000000000000000000e+00 0.000000000000000000e+00
0.000000000000000000e+00 0.000000000000000000e+00 0.000000000000000000e+00 0.000000000000000000e+00 0.000000000000000000e+00 0.000000000000000000e+00 0.000000000000000000e+00
0.000000000000000000e+00 0.000000000000000000e+00 0.000000000000000000e+00 0.000000000000000000e+00 0.000000000000000000e+00 0.000000000000000000e+00 0.000000000000000000e+00
9.162297826952435775e-01 9.543152352466826027e-01 9.714753949862905413e-01 9.755370166367992590e-01 9.819440420143462633e-01 9.374376090456366661e-01 9.232549902694832111e-01
9.706041975472371464e-01 9.843285012835977232e-01 9.791779276544559929e-01 9.704844577592143251e-01 9.662001234122082893e-01 9.181948092621091684e-01 9.468344883890520425e-01
8.734061653011708781e-01 8.791321474097129052e-01 8.675149075599216664e-01 8.511866939062224802e-01 9.185116273415979693e-01 9.152623446671963592e-01 9.438529860924395054e-01
9.821486209461682826e-01 9.802566678092613506e-01 9.771738716306328509e-01 9.821374829916204030e-01 9.879223299480266451e-01 9.814496946385000697e-01 9.797100137002395792e-01
7.343003908908359856e-01 6.952127870612087035e-01 6.566233475865841385e-01 5.289634142186295795e-01 4.921425704242311516e-01 8.043372415721284918e-01 9.166917817831281567e-01
9.724190851727325668e-01 9.722420476924447108e-01 9.605003142863963728e-01 9.657753450582066135e-01 9.678049862279708426e-01 9.172086166951428643e-01 8.613464412548780258e-01
9.731749373641636058e-01 9.502024329961005211e-01 8.772724391697795943e-01 8.157251948060117996e-01 8.269129443926479528e-01 8.859527005048054571e-01 9.601234117928283407e-01
0.000000000000000000e+00 0.000000000000000000e+00 0.000000000000000000e+00 0.000000000000000000e+00 0.000000000000000000e+00 0.000000000000000000e+00 0.000000000000000000e+00
9.801416840568853983e-01 9.885641933039751583e-01 9.897979939657450821e-01 9.802005920119045701e-01 9.694552592912830669e-01 9.715215266855201648e-01 9.709594367943451543e-01
6.674490579852104810e-01 7.378982300226776259e-01 9.027030182363716682e-01 6.077963937712662634e-01 3.834433448953810109e-01 4.821277733886091266e-01 5.172026826464890537e-01
9.716351715712084891e-01 9.763661593750955214e-01 9.751914939613858246e-01 9.339501463198436326e-01 8.026061587973380984e-01 6.285213609868562923e-01 5.974169068754225931e-01
6.857836456785321166e-01 5.019396419951849264e-01 3.985970952805981682e-01 8.215252208561680813e-01 9.573267833182130815e-01 9.683887332856683239e-01 9.615242888472557148e-01
0.000000000000000000e+00 0.000000000000000000e+00 0.000000000000000000e+00 0.000000000000000000e+00 0.000000000000000000e+00 0.000000000000000000e+00 0.000000000000000000e+00
8.541786996998217418e-01 8.179138004950398111e-01 8.502409899467981980e-01 9.004826918823706228e-01 9.181889202811698292e-01 9.555572404822215704e-01 9.694537975037255118e-01
9.822145971583244872e-01 9.911281395294059271e-01 9.888423169633911991e-01 9.784499450544291710e-01 9.534739283276172372e-01 8.231930417967315838e-01 9.461328154627363096e-01
4.841671349145612036e-01 4.258614324538273488e-01 5.571916630505500123e-01 7.873186749350881142e-01 9.159276145239455547e-01 8.846257672209962841e-01 6.209141991161017948e-01
7.065556281855411846e-01 8.155167974079410298e-01 8.262749696141420408e-01 7.935127997392297239e-01 9.270162718282667358e-01 9.749527084813293110e-01 9.822887299785082460e-01
9.162483066600827231e-01 7.692791339115053750e-01 4.761987920004156494e-01 6.617950816033351114e-01 8.175068634782164390e-01 9.313037127962766615e-01 5.066177968476098803e-01
8.248674756739926561e-01 8.995910096387520483e-01 9.210845154522253608e-01 8.647880622485353275e-01 7.120295699407189760e-01 5.238598579757017815e-01 5.132109978848266030e-01
7.502578513640971725e-01 5.802863221549087180e-01 5.331917957836567190e-01 7.569454330045328749e-01 6.441212062254390025e-01 8.562514832680017118e-01 9.526637400707429482e-01
9.901817670955904704e-01 9.924690451379450939e-01 9.900929720819702240e-01 9.868267786840543287e-01 9.848555560144088838e-01 9.844367686758012104e-01 9.793793534209350726e-01
0.000000000000000000e+00 0.000000000000000000e+00 0.000000000000000000e+00 0.000000000000000000e+00 0.000000000000000000e+00 0.000000000000000000e+00 0.000000000000000000e+00
9.906169421793739049e-01 9.938645829061850678e-01 9.922659875833216292e-01 9.776966945500753514e-01 9.677370355770601451e-01 6.558975731688874156e-01 5.853375958567664794e-01
4.438375071164898933e-01 7.187854083326393750e-01 7.260516642011300981e-01 5.848514164436515728e-01 8.432634156188125729e-01 9.728406550554504761e-01 9.925196270952791888e-01
9.730140385627110700e-01 9.392071774864837463e-01 9.217434651660850742e-01 9.555644075685008065e-01 9.615174972727335012e-01 9.633532419462769170e-01 9.638549131094259481e-01
7.108212673928197001e-01 6.992369707234473708e-01 8.045977316889587616e-01 8.360638557492762191e-01 6.066934804724614105e-01 5.486473164060090557e-01 5.460703560432387249e-01
9.854727186145104678e-01 9.915085340338924969e-01 9.944599481076376035e-01 9.948687789168180196e-01 9.947649807622281903e-01 9.913836218030548375e-01 9.883538223502801312e-01
0.000000000000000000e+00 0.000000000000000000e+00 0.000000000000000000e+00 0.000000000000000000e+00 0.000000000000000000e+00 0.000000000000000000e+00 0.000000000000000000e+00
0.000000000000000000e+00 0.000000000000000000e+00 0.000000000000000000e+00 0.000000000000000000e+00 0.000000000000000000e+00 0.000000000000000000e+00 0.000000000000000000e+00
8.774953683947339655e-01 6.176200266915614634e-01 4.105814605844507748e-01 7.086404446337938312e-01 6.466933922855472305e-01 7.889053992108036040e-01 4.659769910092851353e-01
9.568531339902113242e-01 9.519654413696128081e-01 9.569890803316785099e-01 9.555970806785613059e-01 8.975523522829434997e-01 7.119747518006268594e-01 9.460981156760172039e-01
6.195840964675271012e-01 6.296989322726400662e-01 7.780702362556890517e-01 8.928714477298730356e-01 9.365147827060630314e-01 9.338939588315794404e-01 9.481413733934143107e-01
0.000000000000000000e+00 0.000000000000000000e+00 0.000000000000000000e+00 0.000000000000000000e+00 0.000000000000000000e+00 0.000000000000000000e+00 0.000000000000000000e+00
4.443191313520172825e-01 5.865362510064981993e-01 5.843638911791806390e-01 6.924769464935293106e-01 7.391719596903909562e-01 7.432476892190498230e-01 8.634191907522693610e-01
8.069377090935142549e-01 8.728566497299635740e-01 8.863621319234206153e-01 8.384299444037820459e-01 7.834619182618201005e-01 6.635738640412300882e-01 6.306048265106466433e-01
0.000000000000000000e+00 0.000000000000000000e+00 0.000000000000000000e+00 0.000000000000000000e+00 0.000000000000000000e+00 0.000000000000000000e+00 0.000000000000000000e+00
0.000000000000000000e+00 0.000000000000000000e+00 0.000000000000000000e+00 0.000000000000000000e+00 0.000000000000000000e+00 0.000000000000000000e+00 0.000000000000000000e+00
0.000000000000000000e+00 0.000000000000000000e+00 0.000000000000000000e+00 0.000000000000000000e+00 0.000000000000000000e+00 0.000000000000000000e+00 0.000000000000000000e+00
0.000000000000000000e+00 0.000000000000000000e+00 0.000000000000000000e+00 0.000000000000000000e+00 0.000000000000000000e+00 0.000000000000000000e+00 0.000000000000000000e+00
9.626111137031018172e-01 9.803782727703157507e-01 9.753857333518558548e-01 7.876812525206559057e-01 8.493378189305794690e-01 4.661606542503498041e-01 6.155258893486263982e-01
9.903703802900669650e-01 9.907636306108189572e-01 9.847497201208106343e-01 9.765380576041567950e-01 9.416936261085947502e-01 6.884679549393795117e-01 5.264018113133230869e-01
9.848600711719216472e-01 9.871355580340770430e-01 9.849558698577162152e-01 9.712379911667304855e-01 9.630242829612030153e-01 8.861438266853824963e-01 9.591192279632755335e-01
9.646869061359708564e-01 8.955310918048307034e-01 8.157613934083195462e-01 8.756475950048004941e-01 9.596630108980563900e-01 9.201991136916596314e-01 8.668167397746509018e-01
0.000000000000000000e+00 0.000000000000000000e+00 0.000000000000000000e+00 0.000000000000000000e+00 0.000000000000000000e+00 0.000000000000000000e+00 0.000000000000000000e+00
7.719259016107947735e-01 8.515933378577194013e-01 8.351907462254503089e-01 7.495828566003318594e-01 9.116564218222177329e-01 9.820983175223271244e-01 9.877377031151273190e-01
0.000000000000000000e+00 0.000000000000000000e+00 0.000000000000000000e+00 0.000000000000000000e+00 0.000000000000000000e+00 0.000000000000000000e+00 0.000000000000000000e+00
9.930148865615334719e-01 9.936958551231467318e-01 9.850567192415166096e-01 9.827026092484641984e-01 9.819826837261225183e-01 9.778859147826127751e-01 9.779610185094473884e-01
9.139685541184390249e-01 8.430374118175968379e-01 8.583596159621694754e-01 9.454167134367404968e-01 8.707344972739576860e-01 8.932022198531777146e-01 9.790290856027152877e-01
