2.006549971353436490e+00 1.325654997135343649e+01 2.800654997135343649e+01 3.235065499713534223e+02 3.087565499713534223e+02 5.550654997135343649e+01 5.375654997135343649e+01
9.352639765520734727e+00 9.602639765520734727e+00 3.102639765520734727e+00 2.102639765520734727e+00 3.526026397655207347e+02 3.596026397655207347e+02 1.102639765520734727e+00
3.443363152077278073e+02 3.443363152077278073e+02 3.470863152077278073e+02 3.598363152077278073e+02 1.858631520772780732e+01 3.883631520772780732e+01 1.758631520772780732e+01
3.597772244867979907e+02 1.527224486797990721e+00 3.027224486797990721e+00 4.527224486797990721e+00 3.027224486797990721e+00 4.277224486797990721e+00 2.777224486797990721e+00
8.466530563770788831e-01 2.596653056377078883e+00 3.096653056377078883e+00 3.466530563770788831e-01 3.570966530563770789e+02 1.809665305637707888e+01 3.570966530563770789e+02
1.201775778612397971e+01 1.576775778612397971e+01 1.776775778612397971e+01 1.476775778612397971e+01 1.226775778612397971e+01 5.017757786123979713e+00 4.017757786123979713e+00
3.569713662317514604e+02 3.594713662317514604e+02 7.721366231751460418e+00 8.721366231751460418e+00 8.971366231751460418e+00 2.922136623175146042e+01 3.449713662317514604e+02
1.434935954694020666e+01 1.634935954694020666e+01 1.484935954694020666e+01 1.184935954694020666e+01 6.849359546940206656e+00 2.784935954694020666e+01 1.834935954694020666e+01
0.000000000000000000e+00 0.000000000000000000e+00 0.000000000000000000e+00 0.000000000000000000e+00 0.000000000000000000e+00 0.000000000000000000e+00 0.000000000000000000e+00
3.424795656372310759e+02 3.424795656372310759e+02 3.457295656372310759e+02 3.537295656372310759e+02 3.434795656372310759e+02 2.572956563723110435e+01 1.922956563723110435e+01
3.473860989641991637e+00 7.238609896419916367e-01 3.564738609896419916e+02 3.502238609896419916e+02 3.522238609896419916e+02 3.572386098964199164e+01 3.372386098964199164e+01
3.867413787754060195e+00 6.367413787754060195e+00 2.211741378775406019e+01 3.586741378775406019e+01 2.611741378775406019e+01 3.361741378775406019e+01 3.036741378775406019e+01
2.037189414894805850e+01 2.312189414894805850e+01 2.662189414894805850e+01 3.737189414894805850e+01 2.587189414894805850e+01 3.563718941489480585e+02 3.566218941489480585e+02
0.000000000000000000e+00 0.000000000000000000e+00 0.000000000000000000e+00 0.000000000000000000e+00 0.000000000000000000e+00 0.000000000000000000e+00 0.000000000000000000e+00
4.759052315011814471e+00 4.009052315011814471e+00 1.009052315011814471e+00 3.537590523150117860e+02 3.517590523150117860e+02 3.567590523150117860e+02 2.259052315011814471e+00
0.000000000000000000e+00 0.000000000000000000e+00 0.000000000000000000e+00 0.000000000000000000e+00 0.000000000000000000e+00 0.000000000000000000e+00 0.000000000000000000e+00
0.000000000000000000e+00 0.000000000000000000e+00 0.000000000000000000e+00 0.000000000000000000e+00 0.000000000000000000e+00 0.000000000000000000e+00 0.000000000000000000e+00
0.000000000000000000e+00 0.000000000000000000e+00 0.000000000000000000e+00 0.000000000000000000e+00 0.000000000000000000e+00 0.000000000000000000e+00 0.000000000000000000e+00
0.000000000000000000e+00 0.000000000000000000e+00 0.000000000000000000e+00 0.000000000000000000e+00 0.000000000000000000e+00 0.000000000000000000e+00 0.000000000000000000e+00
0.000000000000000000e+00 0.000000000000000000e+00 0.000000000000000000e+00 0.000000000000000000e+00 0.000000000000000000e+00 0.000000000000000000e+00 0.000000000000000000e+00
1.428899271686975680e+01 1.253899271686975680e+01 6.038992716869756805e+00 3.565389927168697568e+02 1.478899271686975680e+01 2.078899271686975680e+01 3.565389927168697568e+02
5.025544094824795138e+00 1.127554409482479514e+01 1.852554409482479514e+01 2.252554409482479514e+01 1.402554409482479514e+01 3.587755440948247951e+02 3.540255440948247951e+02
3.404702696024952502e+02 3.474702696024952502e+02 3.489702696024952502e+02 3.494702696024952502e+02 3.512202696024952502e+02 3.512202696024952502e+02 1.947026960249525018e+01
0.000000000000000000e+00 0.000000000000000000e+00 0.000000000000000000e+00 0.000000000000000000e+00 0.000000000000000000e+00 0.000000000000000000e+00 0.000000000000000000e+00
1.734723551812297160e+01 3.553472355181229432e+02 3.313472355181229432e+02 3.298472355181229432e+02 3.597235518122971598e+00 9.597235518122971598e+00 6.097235518122971598e+00
3.594095018821104759e+02 4.095018821104758899e-01 4.159501882110475890e+00 3.591595018821104759e+02 3.579095018821104759e+02 4.409501882110475890e+00 1.665950188211047589e+01
3.593701189297266865e+02 3.538701189297266865e+02 3.468701189297266865e+02 3.461201189297266865e+02 3.521201189297266865e+02 6.201189297266580525e-01 3.561201189297266865e+02
0.000000000000000000e+00 0.000000000000000000e+00 0.000000000000000000e+00 0.000000000000000000e+00 0.000000000000000000e+00 0.000000000000000000e+00 0.000000000000000000e+00
1.147681702267334458e+01 9.726817022673344582e+00 7.726817022673344582e+00 7.476817022673344582e+00 4.976817022673344582e+00 1.976817022673344582e+00 7.726817022673344582e+00
9.995853351314728741e+00 3.519958533513147358e+02 3.422458533513147358e+02 3.292458533513147358e+02 3.199585335131472874e+01 6.999585335131473585e+01 4.499585335131473585e+01
3.596272702135647137e+02 1.127270213564713686e+00 8.772702135647136856e-01 1.377270213564713686e+00 3.558772702135647137e+02 3.266272702135647137e+02 3.421272702135647137e+02
2.031119052907476430e+01 1.706119052907476430e+01 3.590611905290747927e+02 6.811190529074764299e+00 8.561190529074764299e+00 5.311190529074764299e+00 3.561190529074764299e+00
0.000000000000000000e+00 0.000000000000000000e+00 0.000000000000000000e+00 0.000000000000000000e+00 0.000000000000000000e+00 0.000000000000000000e+00 0.000000000000000000e+00
2.170910890993678777e+01 3.120910890993678777e+01 3.434591089099367878e+02 3.389591089099367878e+02 3.517091089099367878e+02 3.577091089099367878e+02 2.209108909936787768e+00
3.591293711922720036e+02 1.293711922720035545e-01 3.598793711922720036e+02 8.793711922720035545e-01 3.588793711922720036e+02 3.433793711922720036e+02 3.571293711922720036e+02
3.398567714355166913e+02 3.461067714355166913e+02 3.411067714355166913e+02 3.856771435516680668e+00 1.410677143551668067e+01 1.835677143551668067e+01 3.710677143551669133e+01
3.469848012776835731e+02 3.477348012776835731e+02 3.482348012776835731e+02 3.479848012776835731e+02 3.452348012776835731e+02 3.494848012776835731e+02 4.848012776835730619e-01
3.128380317879248196e+00 2.262838031787924820e+01 4.212838031787924820e+01 7.878380317879248196e+00 3.503783803178792482e+02 3.533783803178792482e+02 2.612838031787924820e+01
1.424010683404401334e+01 1.574010683404401334e+01 3.049010683404401334e+01 4.974010683404401334e+01 6.499010683404401334e+01 7.724010683404401334e+01 7.124010683404401334e+01
0.000000000000000000e+00 0.000000000000000000e+00 0.000000000000000000e+00 0.000000000000000000e+00 0.000000000000000000e+00 0.000000000000000000e+00 0.000000000000000000e+00
3.592488388602816940e+02 3.599988388602816940e+02 3.589988388602816940e+02 3.572488388602816940e+02 7.488388602816655748e-01 3.248838860281665575e+00 5.748838860281665575e+00
0.000000000000000000e+00 0.000000000000000000e+00 0.000000000000000000e+00 0.000000000000000000e+00 0.000000000000000000e+00 0.000000000000000000e+00 0.000000000000000000e+00
1.158868223515980844e+01 1.108868223515980844e+01 1.183868223515980844e+01 7.838682235159808442e+00 3.440886822351598084e+02 2.993386822351598084e+02 2.838386822351598084e+02
3.399624282902174173e+02 3.354624282902174173e+02 3.569624282902174173e+02 3.577124282902174173e+02 3.469624282902174173e+02 4.212428290217388849e+00 1.962428290217388849e+00
3.519135352184218846e+02 3.501635352184218846e+02 3.469135352184218846e+02 3.504135352184218846e+02 3.509135352184218846e+02 3.431635352184218846e+02 3.504135352184218846e+02
3.474935048207328236e+02 2.743504820732823646e+00 2.724350482073282365e+01 4.774350482073282365e+01 5.799350482073282365e+01 3.184935048207328236e+02 3.129935048207328236e+02
5.466169645028514879e+00 6.966169645028514879e+00 4.716169645028514879e+00 1.716169645028514879e+00 2.216169645028514879e+00 4.216169645028514879e+00 1.216169645028514879e+00
0.000000000000000000e+00 0.000000000000000000e+00 0.000000000000000000e+00 0.000000000000000000e+00 0.000000000000000000e+00 0.000000000000000000e+00 0.000000000000000000e+00
0.000000000000000000e+00 0.000000000000000000e+00 0.000000000000000000e+00 0.000000000000000000e+00 0.000000000000000000e+00 0.000000000000000000e+00 0.000000000000000000e+00
3.543126735033180807e+02 3.581267350331808075e+01 5.506267350331808075e+01 3.568126735033180807e+02 3.400626735033180807e+02 3.490626735033180807e+02 2.206267350331808075e+01
3.588670811931876869e+02 3.583670811931876869e+02 1.867081193187686949e+00 5.617081193187686949e+00 5.117081193187686949e+00 9.117081193187686949e+00 6.117081193187686949e+00
1.582452527114440954e+00 1.582452527114440954e+00 8.245252711444095439e-02 3.535824525271144694e+02 8.324525271144409544e-01 2.832452527114440954e+00 8.832452527114440954e+00
0.000000000000000000e+00 0.000000000000000000e+00 0.000000000000000000e+00 0.000000000000000000e+00 0.000000000000000000e+00 0.000000000000000000e+00 0.000000000000000000e+00
3.297793018010650599e+02 3.485293018010650599e+02 3.460293018010650599e+02 3.557793018010650599e+02 2.652930180106505986e+01 2.752930180106505986e+01 1.152930180106505986e+01
3.484446542263001447e+02 3.461946542263001447e+02 3.506946542263001447e+02 3.589446542263001447e+02 1.144465422630014473e+01 3.454446542263001447e+02 3.431946542263001447e+02
0.000000000000000000e+00 0.000000000000000000e+00 0.000000000000000000e+00 0.000000000000000000e+00 0.000000000000000000e+00 0.000000000000000000e+00 0.000000000000000000e+00
0.000000000000000000e+00 0.000000000000000000e+00 0.000000000000000000e+00 0.000000000000000000e+00 0.000000000000000000e+00 0.000000000000000000e+00 0.000000000000000000e+00
0.000000000000000000e+00 0.000000000000000000e+00 0.000000000000000000e+00 0.000000000000000000e+00 0.000000000000000000e+00 0.000000000000000000e+00 0.000000000000000000e+00
0.000000000000000000e+00 0.000000000000000000e+00 0.000000000000000000e+00 0.000000000000000000e+00 0.000000000000000000e+00 0.000000000000000000e+00 0.000000000000000000e+00
9.405991731524181887e+00 8.905991731524181887e+00 1.290599173152418189e+01 2.415599173152418189e+01 1.865599173152418189e+01 3.940599173152418189e+01 1.665599173152418189e+01
3.556076679601727619e+02 3.551076679601727619e+02 3.543576679601727619e+02 3.541076679601727619e+02 3.538576679601727619e+02 3.481076679601727619e+02 3.353576679601727619e+02
1.487119299731864430e+01 1.537119299731864430e+01 1.287119299731864430e+01 9.121192997318644302e+00 2.121192997318644302e+00 3.491211929973186443e+02 3.543711929973186443e+02
6.100045567573602057e-01 3.573600045567573602e+02 3.566100045567573602e+02 3.551100045567573602e+02 3.593600045567573602e+02 3.551100045567573602e+02 3.536100045567573602e+02
0.000000000000000000e+00 0.000000000000000000e+00 0.000000000000000000e+00 0.000000000000000000e+00 0.000000000000000000e+00 0.000000000000000000e+00 0.000000000000000000e+00
0.000000000000000000e+00 0.000000000000000000e+00 0.000000000000000000e+00 0.000000000000000000e+00 0.000000000000000000e+00 0.000000000000000000e+00 0.000000000000000000e+00
0.000000000000000000e+00 0.000000000000000000e+00 0.000000000000000000e+00 0.000000000000000000e+00 0.000000000000000000e+00 0.000000000000000000e+00 0.000000000000000000e+00
0.000000000000000000e+00 0.000000000000000000e+00 0.000000000000000000e+00 0.000000000000000000e+00 0.000000000000000000e+00 0.000000000000000000e+00 0.000000000000000000e+00
1.625806333522763225e+01 2.500806333522763225e+01 1.825806333522763225e+01 6.258063335227632251e+00 2.250806333522763225e+01 2.550806333522763225e+01 1.275806333522763225e+01
