8.441452980654031713e-01 8.491791573383717928e-01 7.372171747691217414e-01 5.291316760381739037e-01 2.474566296211878347e-01 4.662173121618093385e-01 2.149169182385364529e-01
4.445457567373182761e-01 8.482016998011504549e-01 9.612942306227140188e-01 9.537569025117342836e-01 8.662837426115133077e-01 6.960824770456370825e-01 8.708850138940174013e-01
6.635566101913881187e-01 8.221416520339770440e-01 8.908299043299789943e-01 8.225373187951510179e-01 7.538187612577219587e-01 9.327717535160353624e-01 9.801825014961261795e-01
8.258439012073290897e-01 7.623917268448593410e-01 5.672218248555362941e-01 5.711403477159843201e-01 6.434806314941466932e-01 4.869247659708217379e-01 6.906048511151867408e-02
7.749160809772236425e-01 7.865808368609972234e-01 6.722876088879554679e-01 8.296300153914383246e-01 9.301993938372166149e-01 7.986145116592621163e-01 6.463241530481441677e-01
7.271313485455047632e-01 8.571861788152708161e-01 9.243982865185570441e-01 9.292054537509634171e-01 8.301021929445667746e-01 3.610885434007819472e-01 5.027345359603349051e-01
4.751935828126596650e-01 7.757608897242878054e-01 8.045029976711978170e-01 9.019886513509665082e-01 8.632138483222411285e-01 8.903736259723278312e-01 6.151648827670972430e-01
6.131945460840509954e-01 8.409140339665623909e-01 7.498469471009181486e-01 6.134327082532060604e-01 3.547291059847335060e-01 7.136975500683115925e-01 9.327072526921462714e-01
0.000000000000000000e+00 0.000000000000000000e+00 0.000000000000000000e+00 0.000000000000000000e+00 0.000000000000000000e+00 0.000000000000000000e+00 0.000000000000000000e+00
7.016023133826668756e-01 7.781158674897901140e-01 8.529462732213693998e-01 8.893308434858898659e-01 8.655458103771300760e-01 9.576190613968045273e-01 9.783862366110132047e-01
5.099535305299764953e-01 4.252881065245739389e-01 5.211795884686020175e-01 2.506245798688009341e-01 6.062274905905936512e-02 2.104248436664100386e-01 2.508985544058362493e-01
2.888744984267924698e-01 1.343860731159199351e-01 5.346804957301048988e-01 3.506104429528810185e-01 1.837474706356395648e-01 6.192158759033246085e-01 2.737486908951057840e-01
5.692793459711973370e-01 7.782583187693590254e-01 8.700965687966085715e-01 9.171972625430021564e-01 9.246515909202164263e-01 8.742611045646898615e-01 9.603291667206033111e-01
0.000000000000000000e+00 0.000000000000000000e+00 0.000000000000000000e+00 0.000000000000000000e+00 0.000000000000000000e+00 0.000000000000000000e+00 0.000000000000000000e+00
7.920053437629606119e-01 8.985551750580199615e-01 9.095074665956697224e-01 9.027475211430276980e-01 9.319263703130743481e-01 8.815091342533214469e-01 7.353022876141109831e-01
0.000000000000000000e+00 0.000000000000000000e+00 0.000000000000000000e+00 0.000000000000000000e+00 0.000000000000000000e+00 0.000000000000000000e+00 0.000000000000000000e+00
0.000000000000000000e+00 0.000000000000000000e+00 0.000000000000000000e+00 0.000000000000000000e+00 0.000000000000000000e+00 0.000000000000000000e+00 0.000000000000000000e+00
0.000000000000000000e+00 0.000000000000000000e+00 0.000000000000000000e+00 0.000000000000000000e+00 0.000000000000000000e+00 0.000000000000000000e+00 0.000000000000000000e+00
0.000000000000000000e+00 0.000000000000000000e+00 0.000000000000000000e+00 0.000000000000000000e+00 0.000000000000000000e+00 0.000000000000000000e+00 0.000000000000000000e+00
0.000000000000000000e+00 0.000000000000000000e+00 0.000000000000000000e+00 0.000000000000000000e+00 0.000000000000000000e+00 0.000000000000000000e+00 0.000000000000000000e+00
4.904261229558797841e-01 8.761649565396312234e-01 7.410892905291290855e-01 7.249828716148616348e-01 5.150855572783571423e-01 2.816669877401029032e-01 6.087475499190670991e-01
5.055390542497529838e-01 7.201608948001908539e-01 8.043298393864927176e-01 9.297565855719743810e-01 9.169975976479556312e-01 8.293228415053611746e-01 5.810846437725049052e-01
8.999984034054187010e-01 8.895817058061732396e-01 9.046424375666207718e-01 9.490808932245039520e-01 9.402481982371543312e-01 8.786417463002429429e-01 8.446097871189136574e-01
0.000000000000000000e+00 0.000000000000000000e+00 0.000000000000000000e+00 0.000000000000000000e+00 0.000000000000000000e+00 0.000000000000000000e+00 0.000000000000000000e+00
8.516616752466659168e-01 9.078866326805569154e-01 9.246612140127888901e-01 8.802235260502501157e-01 8.723501708927646758e-01 8.883222560157936210e-01 8.889965168617075530e-01
8.493174531090468271e-01 8.394821210251659505e-01 8.030070168902792016e-01 6.513818914414402084e-01 7.303611238280416362e-01 6.425398032885906163e-01 3.010348734991645236e-01
7.392530542393321857e-01 8.081683352392914355e-01 9.309267912686568502e-01 9.807446996625600599e-01 9.932381744455687222e-01 9.923878079276203801e-01 9.910744521891560188e-01
0.000000000000000000e+00 0.000000000000000000e+00 0.000000000000000000e+00 0.000000000000000000e+00 0.000000000000000000e+00 0.000000000000000000e+00 0.000000000000000000e+00
7.909068169563782114e-01 8.198024280213733750e-01 8.204014074623263708e-01 8.876968801631386352e-01 9.115309496719576909e-01 7.372171625007655216e-01 4.620479706285730015e-01
1.485899298819567949e-01 3.948142534978014151e-01 7.156463405495453456e-01 4.705323304172406296e-01 5.284826068825415613e-01 6.414168656250347766e-02 3.718000484224931457e-01
7.284335403544431875e-01 8.144535161379824473e-01 5.404959848385062493e-01 1.141615202272303481e-01 1.010471347390985292e-01 2.853752123841587496e-01 3.370722655562596315e-01
8.162492915060115539e-01 8.987644662082648894e-01 9.479932018280599060e-01 9.396796286864743664e-01 9.283595663277869336e-01 6.588224107078084479e-01 4.759190494075877798e-01
0.000000000000000000e+00 0.000000000000000000e+00 0.000000000000000000e+00 0.000000000000000000e+00 0.000000000000000000e+00 0.000000000000000000e+00 0.000000000000000000e+00
6.867290152362827138e-01 8.384455076237533611e-01 9.057861565099166734e-01 9.604739976289438097e-01 9.809544839212525069e-01 9.808860172665635480e-01 9.798002684549711461e-01
8.710334141682326559e-01 7.659934544947624158e-01 8.323924855538430423e-01 8.924567481194493057e-01 8.210687189383297779e-01 5.307183518208240525e-01 6.309398344938778047e-01
8.479228350962381144e-01 7.940454150104151454e-01 7.859151915547578637e-01 7.396053846341896776e-01 8.266578754495890191e-01 7.947824018842586380e-01 2.980457956196525537e-01
7.416625235495097890e-01 7.331334159354016000e-01 6.295161740590677901e-01 7.238542965183535349e-01 9.169251161270112194e-01 9.505789111189379970e-01 9.664545420228756178e-01
5.512481759732325015e-01 7.599826189817713296e-01 7.230271338681947269e-01 6.866339638406264712e-01 5.665361613417038145e-01 1.609761280436513842e-01 4.223624214316761272e-01
4.475278435864069593e-01 5.632668955923609833e-01 3.820288578329165685e-01 7.091292165498926936e-01 9.166093975129528948e-01 8.706692196203210665e-01 8.178475813047320075e-01
0.000000000000000000e+00 0.000000000000000000e+00 0.000000000000000000e+00 0.000000000000000000e+00 0.000000000000000000e+00 0.000000000000000000e+00 0.000000000000000000e+00
7.262488941620973693e-01 8.273047262297507087e-01 8.336702478516906378e-01 8.943816528944534827e-01 9.148302888601987926e-01 7.515206970479882953e-01 8.243139488432776885e-01
0.000000000000000000e+00 0.000000000000000000e+00 0.000000000000000000e+00 0.000000000000000000e+00 0.000000000000000000e+00 0.000000000000000000e+00 0.000000000000000000e+00
7.450671291738276691e-01 8.949892533811716344e-01 9.201556612039377692e-01 9.082748673481413348e-01 8.548088401494615685e-01 4.026675931748028292e-01 2.581516973467332665e-01
8.223947964226406837e-01 7.575813402279345521e-01 3.038921172281144334e-01 4.284118456059426983e-01 4.858149814216968787e-01 3.830569361905800663e-01 5.143685125787706980e-01
5.567568500613625515e-01 6.019575368862363218e-01 5.266393300343493733e-01 7.320589381219706482e-01 5.152972065668793844e-01 1.647799935405538929e-01 5.897711309836640714e-01
4.291434139736026721e-01 3.228392969145220393e-02 4.145234118777057497e-01 5.666231590316578304e-01 3.229546387034564203e-01 2.482051358800993202e-01 4.535905458110285893e-01
7.800167937295574561e-01 9.554144897448201279e-01 9.367734719826732448e-01 8.288179828158332985e-01 7.230940946441244410e-01 7.261932517594212877e-01 9.123758587060091241e-01
0.000000000000000000e+00 0.000000000000000000e+00 0.000000000000000000e+00 0.000000000000000000e+00 0.000000000000000000e+00 0.000000000000000000e+00 0.000000000000000000e+00
0.000000000000000000e+00 0.000000000000000000e+00 0.000000000000000000e+00 0.000000000000000000e+00 0.000000000000000000e+00 0.000000000000000000e+00 0.000000000000000000e+00
6.049195675739144074e-01 7.608157633457429680e-01 8.420093375852170103e-01 7.756645950845779680e-01 6.964032874222361169e-01 5.279030322974627154e-01 6.742767574617840598e-01
4.964525590497222418e-01 6.794016842993817473e-01 5.946232880988777669e-01 6.706963254776702188e-01 5.280506752974680751e-01 4.755337406938354161e-01 6.768609202883636433e-01
4.435659827385208254e-01 1.415606938459595954e-01 1.487994941357560219e-01 3.212440121744334354e-01 6.972056134721312803e-01 7.650015613462608499e-01 8.577220706055724841e-01
0.000000000000000000e+00 0.000000000000000000e+00 0.000000000000000000e+00 0.000000000000000000e+00 0.000000000000000000e+00 0.000000000000000000e+00 0.000000000000000000e+00
3.630076559887478460e-01 7.075825925234691116e-01 7.146184511282694940e-01 7.426894197676396914e-01 8.297236577021325221e-01 9.147385039513197258e-01 9.728890968417251983e-01
7.817614695311598805e-01 7.463437307989108094e-01 8.024301600946505131e-01 7.864882386519924662e-01 5.725769701777166931e-01 3.811850801851876525e-01 5.652153261076630075e-01
0.000000000000000000e+00 0.000000000000000000e+00 0.000000000000000000e+00 0.000000000000000000e+00 0.000000000000000000e+00 0.000000000000000000e+00 0.000000000000000000e+00
0.000000000000000000e+00 0.000000000000000000e+00 0.000000000000000000e+00 0.000000000000000000e+00 0.000000000000000000e+00 0.000000000000000000e+00 0.000000000000000000e+00
0.000000000000000000e+00 0.000000000000000000e+00 0.000000000000000000e+00 0.000000000000000000e+00 0.000000000000000000e+00 0.000000000000000000e+00 0.000000000000000000e+00
0.000000000000000000e+00 0.000000000000000000e+00 0.000000000000000000e+00 0.000000000000000000e+00 0.000000000000000000e+00 0.000000000000000000e+00 0.000000000000000000e+00
4.893418721296010632e-01 6.785764462279861853e-01 8.298733821451710346e-01 7.923004830456616965e-01 7.962615923278386632e-01 6.436680197777938650e-01 3.432485166288591349e-01
4.732924041503800971e-01 6.516010335126523056e-01 7.950614753232924103e-01 8.119474638058408189e-01 8.322468471390189748e-01 9.040423338461868186e-01 7.833401372991661837e-01
7.426360416638403406e-01 7.673303892972135332e-01 8.956928464192375205e-01 8.589404228384107665e-01 7.985999589676849864e-01 5.353330708213829281e-01 2.950377916210527585e-01
7.317117089777925854e-01 8.071147090477484021e-01 9.162836964920532123e-01 8.806762497095307340e-01 9.254839175506547333e-01 9.572373655357784283e-01 6.389566114848016509e-01
0.000000000000000000e+00 0.000000000000000000e+00 0.000000000000000000e+00 0.000000000000000000e+00 0.000000000000000000e+00 0.000000000000000000e+00 0.000000000000000000e+00
0.000000000000000000e+00 0.000000000000000000e+00 0.000000000000000000e+00 0.000000000000000000e+00 0.000000000000000000e+00 0.000000000000000000e+00 0.000000000000000000e+00
0.000000000000000000e+00 0.000000000000000000e+00 0.000000000000000000e+00 0.000000000000000000e+00 0.000000000000000000e+00 0.000000000000000000e+00 0.000000000000000000e+00
0.000000000000000000e+00 0.000000000000000000e+00 0.000000000000000000e+00 0.000000000000000000e+00 0.000000000000000000e+00 0.000000000000000000e+00 0.000000000000000000e+00
4.793285657198465000e-01 5.984350447911297444e-01 8.318381162729814315e-01 7.979782748428625450e-01 7.720948135963009440e-01 7.151346948158409100e-01 8.918045190582500892e-01
