1.927422927370054140e+01 3.457742292737005414e+02 3.557742292737005414e+02 2.422927370054139828e-02 2.860242292737005414e+02 1.827422927370054140e+01 4.602422927370054140e+01
3.484308567839059378e+02 3.511808567839059378e+02 3.509308567839059378e+02 3.516808567839059378e+02 3.551808567839059378e+02 3.564308567839059378e+02 3.559308567839059378e+02
3.552217178923428378e+02 2.721717892342837786e+00 9.721717892342837786e+00 9.471717892342837786e+00 1.472171789234283779e+01 1.922171789234283779e+01 7.221717892342837786e+00
3.585985178846221402e+02 9.851788462214017272e-02 2.598517884622140173e+00 4.098517884622140173e+00 3.588485178846221402e+02 3.485985178846221402e+02 3.530985178846221402e+02
3.594204232902416720e+02 2.670423290241672021e+00 4.670423290241672021e+00 2.920423290241672021e+00 3.524204232902416720e+02 3.371704232902416720e+02 3.364204232902416720e+02
9.445340602050578127e-01 3.596945340602050578e+02 3.591945340602050578e+02 3.581945340602050578e+02 3.576945340602050578e+02 3.569445340602050578e+02 7.444534060205057813e+00
1.435683563061093082e+01 1.585683563061093082e+01 1.660683563061093082e+01 2.235683563061093082e+01 3.210683563061093082e+01 3.910683563061093082e+01 3.221068356306109308e+02
1.281713375568511992e+01 7.317133755685119922e+00 1.817133755685119922e+00 3.540671337556851199e+02 8.067133755685119922e+00 3.281713375568511992e+01 3.331713375568511992e+01
0.000000000000000000e+00 0.000000000000000000e+00 0.000000000000000000e+00 0.000000000000000000e+00 0.000000000000000000e+00 0.000000000000000000e+00 0.000000000000000000e+00
3.556115118536430941e+02 2.111511853643094128e+00 1.286151185364309413e+01 1.311151185364309413e+01 9.611511853643094128e+00 3.591115118536430941e+02 1.861511853643094128e+00
7.253276235811711103e+00 6.253276235811711103e+00 7.003276235811711103e+00 2.503276235811711103e+00 3.375032762358117111e+02 1.450327623581171110e+01 4.425327623581171110e+01
1.261535925586770190e+01 3.115359255867701904e+00 3.571153592558677019e+02 6.365359255867701904e+00 2.086535925586770190e+01 9.365359255867701904e+00 4.115359255867701904e+00
1.286417310505748901e+01 1.186417310505748901e+01 1.141731050574890105e-01 3.273641731050574890e+02 3.213641731050574890e+02 3.336141731050574890e+02 3.473641731050574890e+02
0.000000000000000000e+00 0.000000000000000000e+00 0.000000000000000000e+00 0.000000000000000000e+00 0.000000000000000000e+00 0.000000000000000000e+00 0.000000000000000000e+00
3.540620790228377928e+02 3.543120790228377928e+02 3.560620790228377928e+02 3.563120790228377928e+02 3.555620790228377928e+02 3.560620790228377928e+02 3.568120790228377928e+02
0.000000000000000000e+00 0.000000000000000000e+00 0.000000000000000000e+00 0.000000000000000000e+00 0.000000000000000000e+00 0.000000000000000000e+00 0.000000000000000000e+00
0.000000000000000000e+00 0.000000000000000000e+00 0.000000000000000000e+00 0.000000000000000000e+00 0.000000000000000000e+00 0.000000000000000000e+00 0.000000000000000000e+00
0.000000000000000000e+00 0.000000000000000000e+00 0.000000000000000000e+00 0.000000000000000000e+00 0.000000000000000000e+00 0.000000000000000000e+00 0.000000000000000000e+00
0.000000000000000000e+00 0.000000000000000000e+00 0.000000000000000000e+00 0.000000000000000000e+00 0.000000000000000000e+00 0.000000000000000000e+00 0.000000000000000000e+00
0.000000000000000000e+00 0.000000000000000000e+00 0.000000000000000000e+00 0.000000000000000000e+00 0.000000000000000000e+00 0.000000000000000000e+00 0.000000000000000000e+00
6.503525136927464700e+00 3.003525136927464700e+00 2.753525136927464700e+00 3.532535251369274647e+02 3.572535251369274647e+02 9.003525136927464700e+00 3.445035251369274647e+02
2.664721987900975364e-01 3.595164721987900975e+02 3.572664721987900975e+02 3.535164721987900975e+02 3.502664721987900975e+02 3.192664721987900975e+02 3.502664721987900975e+02
3.579239848600077494e+02 3.673984860007777797e+00 3.923984860007777797e+00 3.524239848600077494e+02 3.386739848600077494e+02 3.411739848600077494e+02 3.509239848600077494e+02
3.572949760253785598e+02 3.590449760253785598e+02 5.449760253785598252e-01 3.585449760253785598e+02 3.555449760253785598e+02 3.572949760253785598e+02 2.294976025378559825e+00
3.457924666744295337e+02 3.580424666744295337e+02 1.329246667442950525e+01 3.554246667442950525e+01 3.329246667442950525e+01 3.570424666744295337e+02 3.595424666744295337e+02
3.577616788709124194e+02 1.167887091241937014e-02 4.511678870912419370e+00 3.592616788709124194e+02 3.570116788709124194e+02 3.587616788709124194e+02 3.417616788709124194e+02
3.214695403891994374e+00 9.646954038919943741e-01 3.549646954038919944e+02 3.414646954038919944e+02 3.359646954038919944e+02 3.352146954038919944e+02 3.492146954038919944e+02
0.000000000000000000e+00 0.000000000000000000e+00 0.000000000000000000e+00 0.000000000000000000e+00 0.000000000000000000e+00 0.000000000000000000e+00 0.000000000000000000e+00
3.583454809608830374e+02 3.585954809608830374e+02 3.545954809608830374e+02 3.538454809608830374e+02 3.543454809608830374e+02 3.485954809608830374e+02 3.540954809608830374e+02
4.117693250352196799e+00 1.061769325035219680e+01 1.911769325035219680e+01 3.161769325035219680e+01 6.111769325035220390e+01 6.611769325035220390e+01 3.136769325035219680e+01
5.437200711245111506e-01 7.937200711245111506e-01 3.595437200711245396e+02 2.793720071124511151e+00 6.043720071124511151e+00 3.500437200711245396e+02 3.427937200711245396e+02
3.575406541226802801e+02 3.480406541226802801e+02 3.320406541226802801e+02 3.440406541226802801e+02 3.467906541226802801e+02 3.790654122680294336e+00 3.290654122680294336e+00
0.000000000000000000e+00 0.000000000000000000e+00 0.000000000000000000e+00 0.000000000000000000e+00 0.000000000000000000e+00 0.000000000000000000e+00 0.000000000000000000e+00
3.378817313107798554e+02 3.518817313107798554e+02 3.588817313107798554e+02 3.466317313107798554e+02 3.491317313107798554e+02 3.541317313107798554e+02 3.578817313107798554e+02
3.550831107843966947e+02 3.563331107843966947e+02 3.570831107843966947e+02 3.573331107843966947e+02 3.495831107843966947e+02 3.310831107843966947e+02 3.548331107843966947e+02
2.216359016254948244e+00 3.397163590162549553e+02 3.439663590162549553e+02 3.494663590162549553e+02 3.584663590162549553e+02 3.504663590162549553e+02 2.216359016254948244e+00
3.330283220279352463e+02 3.312783220279352463e+02 3.450283220279352463e+02 3.527783220279352463e+02 3.505283220279352463e+02 1.278322027935274718e+00 3.528322027935274718e+00
4.152528952205670976e+00 9.402528952205670976e+00 3.465252895220567098e+01 5.215252895220567098e+01 2.090252895220567098e+01 7.402528952205670976e+00 3.940252895220567098e+01
1.857568233013279269e+01 1.107568233013279269e+01 1.282568233013279269e+01 1.157568233013279269e+01 5.382568233013279269e+01 6.282568233013279269e+01 6.107568233013279269e+01
