8.379822432114693020e-01 6.416198212003091372e-01 4.793400136081434892e-01 6.392810038652227966e-01 3.706454790297432633e-01 2.953071126244212752e-01 1.558242005992100387e-01
9.474090199962639236e-01 9.100402454021109255e-01 8.576897702747984242e-01 9.086766938289502216e-01 8.464889637172923198e-01 5.432935811148656979e-01 2.820529975716188353e-01
9.749364187568262397e-01 9.689392067586735102e-01 9.488396535002157073e-01 9.511686346798673419e-01 8.927306831703469836e-01 8.287146366693990407e-01 9.413634421649366146e-01
9.630528686051403886e-01 9.697357966035330401e-01 9.809757984762093042e-01 9.735093225142698037e-01 9.222190481901820780e-01 7.976716639014156396e-01 4.841211845814034076e-01
9.540521139576416676e-01 9.615076624780272141e-01 9.660739132454623235e-01 9.230256998593706630e-01 8.768096131873706067e-01 5.317794660844102905e-01 7.179643567334531573e-01
9.542616992991597158e-01 9.704004628094802243e-01 9.697423359376892149e-01 9.341453934158416850e-01 8.507755796030488371e-01 6.225931453555396677e-01 5.373340869002709574e-01
9.688865394086706440e-01 9.664596188294848345e-01 9.624295559724258542e-01 8.545236168939406296e-01 5.198438701728570477e-01 2.213340581369056814e-01 3.161022136480113320e-01
9.497547822226251046e-01 9.591929817980634487e-01 9.605873924432025701e-01 8.911641696335803609e-01 9.187851970719607131e-01 6.630787604614787334e-01 6.749403437044638743e-01
0.000000000000000000e+00 0.000000000000000000e+00 0.000000000000000000e+00 0.000000000000000000e+00 0.000000000000000000e+00 0.000000000000000000e+00 0.000000000000000000e+00
9.800786030492566470e-01 9.764929530033815697e-01 9.479735101155961630e-01 9.357786950403058635e-01 8.745346812322338792e-01 6.815939362429558335e-01 8.995566900911554642e-01
9.694353130527441076e-01 9.683582591324292332e-01 9.671800420669726117e-01 9.337794888662807047e-01 4.808315660535558700e-01 8.930038703918357079e-01 4.751270333889772712e-01
8.261006595498926464e-01 7.620133299166010898e-01 6.739987506434166331e-01 5.936964687777704919e-01 5.684115386740794529e-01 5.532273088714739773e-01 5.061575059466836279e-01
9.560385568408407142e-01 9.528785028777302379e-01 9.250190072519661744e-01 7.274658804648880261e-01 6.050167389476515112e-01 6.050176025122241397e-01 7.658971038860513669e-01
0.000000000000000000e+00 0.000000000000000000e+00 0.000000000000000000e+00 0.000000000000000000e+00 0.000000000000000000e+00 0.000000000000000000e+00 0.000000000000000000e+00
9.790685091257406159e-01 9.829461765478508806e-01 9.824798813016420995e-01 9.760066954791872806e-01 9.798642546627370775e-01 9.728955351847192734e-01 9.252103694609780105e-01
0.000000000000000000e+00 0.000000000000000000e+00 0.000000000000000000e+00 0.000000000000000000e+00 0.000000000000000000e+00 0.000000000000000000e+00 0.000000000000000000e+00
0.000000000000000000e+00 0.000000000000000000e+00 0.000000000000000000e+00 0.000000000000000000e+00 0.000000000000000000e+00 0.000000000000000000e+00 0.000000000000000000e+00
0.000000000000000000e+00 0.000000000000000000e+00 0.000000000000000000e+00 0.000000000000000000e+00 0.000000000000000000e+00 0.000000000000000000e+00 0.000000000000000000e+00
0.000000000000000000e+00 0.000000000000000000e+00 0.000000000000000000e+00 0.000000000000000000e+00 0.000000000000000000e+00 0.000000000000000000e+00 0.000000000000000000e+00
0.000000000000000000e+00 0.000000000000000000e+00 0.000000000000000000e+00 0.000000000000000000e+00 0.000000000000000000e+00 0.000000000000000000e+00 0.000000000000000000e+00
9.284718225885512100e-01 9.428259394486716571e-01 9.688255313821032555e-01 9.751773611058890401e-01 9.678767842055540083e-01 9.621916249356221584e-01 8.154276120390616667e-01
9.661336104341081699e-01 9.850925201518063723e-01 9.824596531674316680e-01 9.504391521423894984e-01 8.721752340879243004e-01 5.117605886216257671e-01 3.022604573967431763e-01
9.099115636652378436e-01 9.515092455458123988e-01 9.340141059762105957e-01 9.304820452067970038e-01 9.706673450503406908e-01 9.590761741761426595e-01 8.092585191610159878e-01
9.528169854630182956e-01 9.345902396682509439e-01 8.928821697030957516e-01 7.729945555959980563e-01 5.793328845029818153e-01 1.816890323234847393e-01 3.889259106801811611e-02
7.074725977221452133e-01 7.867254786139915579e-01 6.980268626433074886e-01 4.651746617836903241e-01 3.825808869135430279e-01 6.832467291007121579e-01 7.875129306483769076e-01
9.455429424903445401e-01 9.355412810509314836e-01 8.846862988412638185e-01 9.123516589007759636e-01 7.758125297518306818e-01 3.840262090840428910e-01 1.886092549101472116e-01
9.888737388212350821e-01 9.782834882763340456e-01 9.259250049366443136e-01 7.713605325653694056e-01 5.823338813188361218e-01 4.795497548499041418e-01 4.790554219515811285e-01
0.000000000000000000e+00 0.000000000000000000e+00 0.000000000000000000e+00 0.000000000000000000e+00 0.000000000000000000e+00 0.000000000000000000e+00 0.000000000000000000e+00
9.482414525923255066e-01 9.409542071647186701e-01 9.383061364048272956e-01 9.278389679638687770e-01 7.545089711115532394e-01 3.121726712779741564e-01 1.593385316487380132e-01
9.553397244485257733e-01 9.685730420272155028e-01 9.210233413620749765e-01 6.818912259617011529e-01 4.523742981618878445e-01 4.464593681990728924e-01 8.648674958849177363e-01
9.647904587102300589e-01 9.775973541372372511e-01 9.797315189967568116e-01 9.768186242541506692e-01 9.482405336243516780e-01 8.788384829453119718e-01 9.148560273411570076e-01
8.316693072961567346e-01 8.037540179208365609e-01 5.293083929414014177e-01 4.595499680460045644e-01 5.023905710676487280e-01 5.508102687359569538e-01 4.349220673237835788e-01
0.000000000000000000e+00 0.000000000000000000e+00 0.000000000000000000e+00 0.000000000000000000e+00 0.000000000000000000e+00 0.000000000000000000e+00 0.000000000000000000e+00
8.012459375092465530e-01 8.250635544831369517e-01 8.879677634568104994e-01 9.336984371766332558e-01 9.526999827906111884e-01 9.632727793041307995e-01 9.388390150187216898e-01
9.862464900684069224e-01 9.814290035793172828e-01 9.750497530084877296e-01 9.584345132767878583e-01 7.842690057182659658e-01 4.811340738230874270e-01 4.079106929682453919e-01
3.793518022749186591e-01 3.694929138263751689e-01 5.763314570561542949e-01 8.339873196159462987e-01 9.207701052667296437e-01 9.073641433389858513e-01 7.415108569705921582e-01
4.198107636740588955e-01 7.156826563440619182e-01 9.079116999260306020e-01 9.678581848693373901e-01 9.816954204018568664e-01 9.618377885481784739e-01 9.601485686841658707e-01
9.155412077647787639e-01 9.161117330165619022e-01 8.798669014267809230e-01 6.420261581724889810e-01 8.110408730074104566e-01 5.408151267762792980e-01 2.336495146255628819e-01
8.591272952719747336e-01 8.825866595665367020e-01 7.084214825013582795e-01 7.386520796862122706e-01 6.996570561393159471e-01 5.347275896502495796e-01 5.499769084497919680e-01
6.625338295886842310e-01 5.373403866760406711e-01 3.396221667925747312e-01 3.373266700576130761e-01 5.092555327629848527e-01 6.913986531914525502e-01 8.279269801332377332e-01
9.866513758222912323e-01 9.818909676590182878e-01 9.383696129034380107e-01 8.547927640448772513e-01 8.747558989881492053e-01 9.551833056172795988e-01 6.813629230616374821e-01
0.000000000000000000e+00 0.000000000000000000e+00 0.000000000000000000e+00 0.000000000000000000e+00 0.000000000000000000e+00 0.000000000000000000e+00 0.000000000000000000e+00
9.854258582928712151e-01 9.888085760008843428e-01 9.914677891156069567e-01 9.762867563334697296e-01 8.747894082992450082e-01 5.041224568962929808e-01 4.900793940995074593e-01
7.578284889466290197e-01 9.024427969980247655e-01 8.994459006006106927e-01 8.812798543841438015e-01 9.252492477107051583e-01 9.619069836830375086e-01 9.593929175713504787e-01
9.455771227016478431e-01 9.213637080558135795e-01 9.230812774386627506e-01 8.891564536077519731e-01 6.895013447476204815e-01 3.104174548329194372e-01 3.455307063841867032e-01
6.913748319647823326e-01 7.983718536909700791e-01 6.890563503334642403e-01 9.663374883235679169e-01 6.890305148160414950e-01 4.144559444444084750e-01 5.511849033393975139e-01
9.801987374678147180e-01 9.849798491456395189e-01 9.928696523562901000e-01 9.943655901782191275e-01 9.844084044219700846e-01 9.410614163398558496e-01 7.978239176313141057e-01
0.000000000000000000e+00 0.000000000000000000e+00 0.000000000000000000e+00 0.000000000000000000e+00 0.000000000000000000e+00 0.000000000000000000e+00 0.000000000000000000e+00
0.000000000000000000e+00 0.000000000000000000e+00 0.000000000000000000e+00 0.000000000000000000e+00 0.000000000000000000e+00 0.000000000000000000e+00 0.000000000000000000e+00
9.315024509650826623e-01 8.910750638466701234e-01 6.733347133255103145e-01 4.686299797311445636e-01 8.409700998258294868e-01 4.960740672100448223e-01 4.898889052474910133e-01
9.535017369463375525e-01 9.493862202882062951e-01 9.462652850863698673e-01 8.912874695492813970e-01 7.077729304587120351e-01 8.061777289230180887e-01 7.601169880384278654e-01
7.512401774776337193e-01 7.428449009730263564e-01 8.231524008025118411e-01 8.679995245986924512e-01 9.401979394644850441e-01 9.159781256711375663e-01 9.165388269040430913e-01
0.000000000000000000e+00 0.000000000000000000e+00 0.000000000000000000e+00 0.000000000000000000e+00 0.000000000000000000e+00 0.000000000000000000e+00 0.000000000000000000e+00
7.759183649811539629e-01 6.667081978259735697e-01 4.263865102949493946e-01 2.353971030096838335e-01 4.435705660607666689e-01 5.813853343460722023e-01 3.985662094601589156e-01
9.399273784619627259e-01 9.575045507983946935e-01 9.488935289424424990e-01 9.312256495237877241e-01 9.236495662162108600e-01 7.479568269168483940e-01 6.287423380973863329e-01
0.000000000000000000e+00 0.000000000000000000e+00 0.000000000000000000e+00 0.000000000000000000e+00 0.000000000000000000e+00 0.000000000000000000e+00 0.000000000000000000e+00
0.000000000000000000e+00 0.000000000000000000e+00 0.000000000000000000e+00 0.000000000000000000e+00 0.000000000000000000e+00 0.000000000000000000e+00 0.000000000000000000e+00
0.000000000000000000e+00 0.000000000000000000e+00 0.000000000000000000e+00 0.000000000000000000e+00 0.000000000000000000e+00 0.000000000000000000e+00 0.000000000000000000e+00
0.000000000000000000e+00 0.000000000000000000e+00 0.000000000000000000e+00 0.000000000000000000e+00 0.000000000000000000e+00 0.000000000000000000e+00 0.000000000000000000e+00
9.136646583075623829e-01 9.494626365496139364e-01 9.660622544849037929e-01 9.603891558859605215e-01 9.656498902493039216e-01 8.320713994720561058e-01 8.247211712964295227e-01
9.840455914860631870e-01 9.850925916082979850e-01 9.774378434789393610e-01 9.453455435180267985e-01 7.267944270281191388e-01 1.831717790569947768e-01 1.947171626857525928e-01
9.741864594281288703e-01 9.738580493704551699e-01 9.777336842035677655e-01 9.877205698056298333e-01 9.230608391244569111e-01 9.329340755961735843e-01 5.676719191726325997e-01
9.130937091393278582e-01 9.153727237621401835e-01 9.325899333459006790e-01 8.674274061683553416e-01 7.577242831935627754e-01 7.442237161876131823e-01 7.201181899585551438e-01
0.000000000000000000e+00 0.000000000000000000e+00 0.000000000000000000e+00 0.000000000000000000e+00 0.000000000000000000e+00 0.000000000000000000e+00 0.000000000000000000e+00
7.812969178422216610e-01 8.402274267766572935e-01 8.820209690496120247e-01 7.823045252317075704e-01 7.864839458958546858e-01 9.364816230069652470e-01 9.337966230892912334e-01
0.000000000000000000e+00 0.000000000000000000e+00 0.000000000000000000e+00 0.000000000000000000e+00 0.000000000000000000e+00 0.000000000000000000e+00 0.000000000000000000e+00
9.608677175735798048e-01 9.745338893560877569e-01 9.738990644016896070e-01 9.665182455851617505e-01 9.332065784627830984e-01 6.913696232493991012e-01 3.398048877423571756e-01
9.430364369199344399e-01 8.919378008376402933e-01 8.535976111367493679e-01 8.751576384136234843e-01 8.477323802893013127e-01 9.155931351726579459e-01 9.564147826305497979e-01
