7.316862928805168975e-01 6.178669738978270765e-01 4.001435884665015541e-01 2.589494600454588236e-01 3.322000997076204887e-01 3.108035322521872090e-01 3.409626355954792909e-01
9.622517793530380725e-01 9.597389553993598277e-01 9.321557449221683500e-01 9.007144469485156568e-01 9.270013311624654140e-01 9.718771832005065336e-01 9.818191180256493622e-01
9.537465620833217583e-01 9.446885923103459648e-01 8.797519481175078981e-01 8.193571553451488576e-01 8.516594076564966143e-01 7.945679239710976560e-01 9.511747107241390609e-01
9.572227664729906493e-01 9.605342532449758775e-01 9.698336263185515227e-01 9.706421362456337798e-01 9.466802510138457860e-01 8.929591605078653904e-01 7.144795847235070330e-01
9.528581005383359726e-01 9.531793273280453338e-01 9.613367102629796213e-01 9.529779194649179441e-01 9.209485640202446088e-01 7.851196958014661220e-01 9.042635044053681792e-01
9.880402040336031533e-01 9.906014594289203057e-01 9.919588160932164556e-01 9.910486359636947462e-01 9.846894395398146926e-01 9.668534419274757985e-01 9.650670532753319319e-01
9.357396419831708334e-01 9.245552473728358978e-01 9.235046336028898128e-01 9.149122502360413911e-01 9.128726030033031957e-01 7.274115167457148035e-01 6.644644352281700028e-01
9.032063537752440530e-01 8.882944788276769810e-01 8.880331576805675642e-01 8.635378202736204711e-01 8.588931218212584318e-01 6.838472792678382817e-01 7.427587606225147798e-01
0.000000000000000000e+00 0.000000000000000000e+00 0.000000000000000000e+00 0.000000000000000000e+00 0.000000000000000000e+00 0.000000000000000000e+00 0.000000000000000000e+00
9.494017489227711826e-01 9.335362683075670853e-01 8.416104188367458105e-01 7.440766203699394898e-01 5.992099274362124861e-01 7.466873998826097925e-01 8.415956219335464228e-01
9.607887955408710434e-01 9.602201664515555013e-01 9.517495302424986425e-01 9.275075031847132001e-01 8.551182118673522625e-01 3.138850119266666794e-01 3.904273905980997772e-01
6.574671311764219706e-01 4.913628874748457442e-01 4.003437235306692710e-01 4.872914731340117211e-01 5.234591602196628779e-01 5.858853226048057472e-01 6.262780356193609066e-01
9.666968903673202052e-01 9.438057368883009390e-01 8.813438092016032677e-01 6.195660376777962774e-01 6.140698374479061084e-01 7.635849891631739661e-01 7.206405084620973733e-01
0.000000000000000000e+00 0.000000000000000000e+00 0.000000000000000000e+00 0.000000000000000000e+00 0.000000000000000000e+00 0.000000000000000000e+00 0.000000000000000000e+00
9.925118690219980611e-01 9.922630221272054074e-01 9.895275862846797388e-01 9.810008722092677935e-01 9.773365010439528655e-01 9.809894484037173790e-01 9.821624633476713218e-01
0.000000000000000000e+00 0.000000000000000000e+00 0.000000000000000000e+00 0.000000000000000000e+00 0.000000000000000000e+00 0.000000000000000000e+00 0.000000000000000000e+00
0.000000000000000000e+00 0.000000000000000000e+00 0.000000000000000000e+00 0.000000000000000000e+00 0.000000000000000000e+00 0.000000000000000000e+00 0.000000000000000000e+00
0.000000000000000000e+00 0.000000000000000000e+00 0.000000000000000000e+00 0.000000000000000000e+00 0.000000000000000000e+00 0.000000000000000000e+00 0.000000000000000000e+00
0.000000000000000000e+00 0.000000000000000000e+00 0.000000000000000000e+00 0.000000000000000000e+00 0.000000000000000000e+00 0.000000000000000000e+00 0.000000000000000000e+00
0.000000000000000000e+00 0.000000000000000000e+00 0.000000000000000000e+00 0.000000000000000000e+00 0.000000000000000000e+00 0.000000000000000000e+00 0.000000000000000000e+00
9.161820437939404149e-01 9.477134118538966812e-01 9.426684275338927943e-01 9.234388868383802684e-01 9.466829798956538644e-01 9.081988582049670411e-01 9.385733793240116363e-01
9.519714767126999933e-01 9.648174343111575180e-01 9.645836496143282979e-01 9.584395889557285608e-01 9.441132835842462878e-01 9.306956326412701985e-01 9.653343925478918841e-01
7.269268464589010437e-01 7.343695220937020984e-01 6.690799708022617809e-01 5.447819584361762724e-01 3.721232395960638040e-01 2.615340517810518239e-01 1.210778517126623599e-01
9.653594580823120497e-01 9.668448416560901926e-01 9.705976414871456681e-01 9.747209317212333080e-01 9.784448875177933491e-01 9.475783673297694110e-01 6.748009506587475670e-01
6.860641946284055104e-01 6.645966354027375012e-01 4.845363313317366249e-01 4.368931236506158888e-01 7.210353362667533128e-01 7.991957963383795605e-01 8.874453739780342465e-01
9.694021699740259512e-01 9.663119128715914607e-01 9.379572936567530661e-01 9.535148416858831855e-01 9.700205671252076778e-01 8.887750620663669165e-01 5.960698232009158382e-01
9.897093909479438567e-01 9.825746280864411375e-01 9.539832334804633218e-01 9.012092849926587323e-01 7.813482806177901585e-01 8.027324691697771408e-01 9.112645215744098470e-01
0.000000000000000000e+00 0.000000000000000000e+00 0.000000000000000000e+00 0.000000000000000000e+00 0.000000000000000000e+00 0.000000000000000000e+00 0.000000000000000000e+00
9.912047221775730499e-01 9.880520592767652044e-01 9.845897226013458070e-01 9.770894121733715298e-01 9.693906224743079614e-01 9.654802319077355754e-01 9.703896572072232551e-01
8.924324798531465541e-01 8.260748350346261981e-01 6.804155729036330813e-01 4.810195731308644085e-01 6.296555028741278592e-01 5.057806730044532850e-01 4.148684639935461549e-01
9.905981104372942880e-01 9.921782101090242945e-01 9.892466693636833286e-01 9.806850672563669491e-01 9.630462093948733981e-01 7.749830296975243060e-01 8.139847421808892314e-01
6.559587348500814930e-01 6.038479323228023166e-01 6.651283554914874108e-01 7.926123120952169865e-01 9.383522049687412769e-01 9.354126950498581339e-01 8.730852228390649783e-01
0.000000000000000000e+00 0.000000000000000000e+00 0.000000000000000000e+00 0.000000000000000000e+00 0.000000000000000000e+00 0.000000000000000000e+00 0.000000000000000000e+00
8.173792377603402715e-01 7.813081937543620015e-01 8.628286429689003834e-01 8.864660856036781222e-01 9.386724399531536367e-01 9.414600154402322785e-01 9.419254253640129138e-01
9.934393208975302869e-01 9.938094096820531131e-01 9.912798617622617936e-01 9.880212343579644063e-01 9.673436691935450860e-01 7.035515138032554239e-01 5.273130828902895528e-01
2.626568246795215056e-01 3.836346714941370473e-01 5.278097169143327605e-01 9.335298558570646055e-01 8.257209977968544834e-01 7.168422789455695110e-01 2.969556385869966952e-01
7.813469895928927267e-01 8.368288557805201311e-01 8.668959976705121750e-01 9.219874532953616919e-01 9.728893080350730083e-01 9.841494534627265311e-01 9.780964450192491944e-01
8.860249998083989942e-01 8.017239369490519740e-01 5.227407291458943117e-01 8.494093044244412916e-01 8.077556335527965592e-01 8.447401014352253767e-01 3.723497013907626219e-01
8.893608336176348494e-01 8.902955604678359780e-01 8.757137831776142800e-01 7.918703314237931501e-01 5.931812763101506070e-01 5.102619881499991239e-01 5.087638407236776406e-01
