3.465800975253603724e+02 3.425800975253603724e+02 3.443300975253603724e+02 3.388300975253603724e+02 3.363300975253603724e+02 3.320800975253603724e+02 3.215800975253603724e+02
3.365036791823371800e+02 3.342536791823371800e+02 3.362536791823371800e+02 3.377536791823371800e+02 3.425036791823371800e+02 3.387536791823371800e+02 3.450036791823371800e+02
0.000000000000000000e+00 0.000000000000000000e+00 0.000000000000000000e+00 0.000000000000000000e+00 0.000000000000000000e+00 0.000000000000000000e+00 0.000000000000000000e+00
0.000000000000000000e+00 0.000000000000000000e+00 0.000000000000000000e+00 0.000000000000000000e+00 0.000000000000000000e+00 0.000000000000000000e+00 0.000000000000000000e+00
2.924746113816939896e+01 2.074746113816939896e+01 1.899746113816939896e+01 1.549746113816939896e+01 2.074746113816939896e+01 7.497461138169398964e+00 2.414974611381693990e+02
0.000000000000000000e+00 0.000000000000000000e+00 0.000000000000000000e+00 0.000000000000000000e+00 0.000000000000000000e+00 0.000000000000000000e+00 0.000000000000000000e+00
3.301704252452578885e+02 1.142042524525788849e+01 3.442042524525788849e+01 3.042042524525788849e+01 2.442042524525788849e+01 4.217042524525788849e+01 3.517042524525788849e+01
6.434034929826793814e+00 3.434034929826793814e+00 2.434034929826793814e+00 3.546840349298267938e+02 3.451840349298267938e+02 3.544340349298267938e+02 3.366840349298267938e+02
0.000000000000000000e+00 0.000000000000000000e+00 0.000000000000000000e+00 0.000000000000000000e+00 0.000000000000000000e+00 0.000000000000000000e+00 0.000000000000000000e+00
0.000000000000000000e+00 0.000000000000000000e+00 0.000000000000000000e+00 0.000000000000000000e+00 0.000000000000000000e+00 0.000000000000000000e+00 0.000000000000000000e+00
2.155652920707063913e+01 2.055652920707063913e+01 2.805652920707063913e+01 2.205652920707063913e+01 3.168065292070706391e+02 3.248065292070706391e+02 5.005652920707063913e+01
5.720586036782538031e+01 4.995586036782538031e+01 4.620586036782538031e+01 3.645586036782538031e+01 2.845586036782538031e+01 1.395586036782538031e+01 6.205860367825380308e+00
3.360193628633726348e+02 3.357693628633726348e+02 3.390193628633726348e+02 3.365193628633726348e+02 3.330193628633726348e+02 3.425193628633726348e+02 3.380193628633726348e+02
3.427380304280780479e+02 3.389880304280780479e+02 3.417380304280780479e+02 3.492380304280780479e+02 3.467380304280780479e+02 3.437380304280780479e+02 3.519880304280780479e+02
3.542462543035827593e+02 3.334962543035827593e+02 3.419962543035827593e+02 3.409962543035827593e+02 3.374962543035827593e+02 3.587462543035827593e+02 3.552462543035827593e+02
0.000000000000000000e+00 0.000000000000000000e+00 0.000000000000000000e+00 0.000000000000000000e+00 0.000000000000000000e+00 0.000000000000000000e+00 0.000000000000000000e+00
0.000000000000000000e+00 0.000000000000000000e+00 0.000000000000000000e+00 0.000000000000000000e+00 0.000000000000000000e+00 0.000000000000000000e+00 0.000000000000000000e+00
2.513556481730466885e+01 2.313556481730466885e+01 1.913556481730466885e+01 2.363556481730466885e+01 2.088556481730466885e+01 9.385564817304668850e+00 3.313556481730466885e+01
3.334756110749376035e+02 3.349756110749376035e+02 3.384756110749376035e+02 3.357256110749376035e+02 3.409756110749376035e+02 3.454756110749376035e+02 3.432256110749376035e+02
0.000000000000000000e+00 0.000000000000000000e+00 0.000000000000000000e+00 0.000000000000000000e+00 0.000000000000000000e+00 0.000000000000000000e+00 0.000000000000000000e+00
0.000000000000000000e+00 0.000000000000000000e+00 0.000000000000000000e+00 0.000000000000000000e+00 0.000000000000000000e+00 0.000000000000000000e+00 0.000000000000000000e+00
5.980885578792907609e+01 1.068088557879290761e+02 1.680885578792907609e+01 3.535588557879290761e+02 3.568088557879290761e+02 3.485588557879290761e+02 1.558855787929076087e+00
1.210466304561418838e+01 3.566046630456141884e+02 3.558546630456141884e+02 1.854663045614188377e+00 1.046630456141883769e-01 1.604663045614188377e+00 4.354663045614188377e+00
0.000000000000000000e+00 0.000000000000000000e+00 0.000000000000000000e+00 0.000000000000000000e+00 0.000000000000000000e+00 0.000000000000000000e+00 0.000000000000000000e+00
2.450023022957316243e+01 3.175023022957316243e+01 2.305002302295731624e+02 2.300002302295731624e+02 3.092502302295731624e+02 1.500023022957316243e+01 3.050023022957316243e+01
3.408188780468115056e+02 3.338188780468115056e+02 3.258188780468115056e+02 3.370688780468115056e+02 3.400688780468115056e+02 3.475688780468115056e+02 3.358188780468115056e+02
0.000000000000000000e+00 0.000000000000000000e+00 0.000000000000000000e+00 0.000000000000000000e+00 0.000000000000000000e+00 0.000000000000000000e+00 0.000000000000000000e+00
0.000000000000000000e+00 0.000000000000000000e+00 0.000000000000000000e+00 0.000000000000000000e+00 0.000000000000000000e+00 0.000000000000000000e+00 0.000000000000000000e+00
3.198076885191098881e+02 3.378076885191098881e+02 5.576885191098881478e-01 3.307688519109888148e+00 3.533076885191098881e+02 1.057688519109888148e+00 1.230768851910988815e+01
3.383375494075945653e+02 3.438375494075945653e+02 3.365875494075945653e+02 3.425875494075945653e+02 3.553375494075945653e+02 1.337549407594565309e+00 3.440875494075945653e+02
0.000000000000000000e+00 0.000000000000000000e+00 0.000000000000000000e+00 0.000000000000000000e+00 0.000000000000000000e+00 0.000000000000000000e+00 0.000000000000000000e+00
3.254848861683404948e+02 3.257348861683404948e+02 1.073488616834052323e+01 3.514848861683404948e+02 3.402348861683404948e+02 3.337348861683404948e+02 3.429848861683404948e+02
0.000000000000000000e+00 0.000000000000000000e+00 0.000000000000000000e+00 0.000000000000000000e+00 0.000000000000000000e+00 0.000000000000000000e+00 0.000000000000000000e+00
3.599614793347093382e+02 1.921147933470933822e+01 1.046147933470933822e+01 1.196147933470933822e+01 8.461479334709338218e+00 7.211479334709338218e+00 2.371147933470933822e+01
6.122293176650032365e+00 3.543722931766500324e+02 1.162229317665003236e+01 6.622293176650032365e+00 3.872293176650032365e+00 2.372293176650032365e+00 3.872293176650032365e+00
3.486714360934755064e+02 3.376714360934755064e+02 3.519214360934755064e+02 3.556714360934755064e+02 3.496714360934755064e+02 3.501714360934755064e+02 3.389214360934755064e+02
3.410720725584285447e+02 3.408220725584285447e+02 3.425720725584285447e+02 3.490720725584285447e+02 3.433220725584285447e+02 3.353220725584285447e+02 2.882207255842854465e+01
3.541039489832203344e+02 3.501039489832203344e+02 3.506039489832203344e+02 5.103948983220334412e+00 6.039489832203344122e-01 3.853948983220334412e+00 1.660394898322033441e+01
3.654688956114364373e+01 3.354688956114364373e+01 3.254688956114364373e+01 2.479688956114364373e+01 1.329688956114364373e+01 1.979688956114364373e+01 3.854688956114364373e+01
0.000000000000000000e+00 0.000000000000000000e+00 0.000000000000000000e+00 0.000000000000000000e+00 0.000000000000000000e+00 0.000000000000000000e+00 0.000000000000000000e+00
3.324273475600399479e+02 3.364273475600399479e+02 3.499273475600399479e+02 3.506773475600399479e+02 3.471773475600399479e+02 3.434273475600399479e+02 3.534273475600399479e+02
0.000000000000000000e+00 0.000000000000000000e+00 0.000000000000000000e+00 0.000000000000000000e+00 0.000000000000000000e+00 0.000000000000000000e+00 0.000000000000000000e+00
0.000000000000000000e+00 0.000000000000000000e+00 0.000000000000000000e+00 0.000000000000000000e+00 0.000000000000000000e+00 0.000000000000000000e+00 0.000000000000000000e+00
4.014300866339652885e+01 4.164300866339652885e+01 5.139300866339652885e+01 4.964300866339652885e+01 5.014300866339652885e+01 1.539300866339652885e+01 8.930086633965288456e-01
3.696393637350712424e+01 6.521393637350712424e+01 6.846393637350712424e+01 2.571393637350712424e+01 3.082139363735071242e+02 3.089639363735071242e+02 5.963936373507124244e+00
8.064603668722043039e+00 1.681460366872204304e+01 2.231460366872204304e+01 2.981460366872204304e+01 1.814603668722043039e+00 1.906460366872204304e+01 9.314603668722043039e+00
2.505218795294376832e+01 3.305218795294376832e+01 3.548021879529437683e+02 2.755218795294376832e+01 2.565521879529437683e+02 8.405218795294376832e+01 1.680218795294376832e+01
4.096322945013275785e+01 3.646322945013275785e+01 5.463229450132757847e+00 2.512132294501327578e+02 2.504632294501327578e+02 1.421322945013275785e+01 1.871322945013275785e+01
2.405528184316574425e+01 2.155528184316574425e+01 2.205528184316574425e+01 2.805528184316574425e+01 2.780528184316574425e+01 2.905528184316574425e+01 3.680528184316574425e+01
0.000000000000000000e+00 0.000000000000000000e+00 0.000000000000000000e+00 0.000000000000000000e+00 0.000000000000000000e+00 0.000000000000000000e+00 0.000000000000000000e+00
3.335469622388321227e+02 3.355469622388321227e+02 3.405469622388321227e+02 3.452969622388321227e+02 3.462969622388321227e+02 3.410469622388321227e+02 3.402969622388321227e+02
3.503031707845403844e+02 3.548031707845403844e+02 3.568031707845403844e+02 3.590531707845403844e+02 8.031707845403843748e-01 3.575531707845403844e+02 3.505531707845403844e+02
3.575187809573156983e+01 3.850187809573156983e+01 3.000187809573156983e+01 2.200187809573156983e+01 3.251878095731569829e+00 1.125187809573156983e+01 2.075187809573156983e+01
3.575018026090705234e+02 3.585018026090705234e+02 3.560018026090705234e+02 3.565018026090705234e+02 3.560018026090705234e+02 3.560018026090705234e+02 3.550018026090705234e+02
3.256584341864936505e-01 3.428256584341864937e+02 3.370756584341864937e+02 3.373256584341864937e+02 3.375756584341864937e+02 3.413256584341864937e+02 1.107565843418649365e+01
2.082627199264663886e+01 2.807627199264663886e+01 2.532627199264663886e+01 2.407627199264663886e+01 2.282627199264663886e+01 2.257627199264663886e+01 1.907627199264663886e+01
5.979345336005167155e+00 1.172934533600516716e+01 3.399793453360051672e+02 6.479345336005167155e+00 1.372934533600516716e+01 1.347934533600516716e+01 3.947934533600516716e+01
5.806537891106984262e+00 1.155653789110698426e+01 3.393065378911069843e+02 5.306537891106984262e+00 1.330653789110698426e+01 1.305653789110698426e+01 3.905653789110698426e+01
0.000000000000000000e+00 0.000000000000000000e+00 0.000000000000000000e+00 0.000000000000000000e+00 0.000000000000000000e+00 0.000000000000000000e+00 0.000000000000000000e+00
1.090807028211253282e+01 2.658070282112532823e+00 3.414080702821125328e+02 2.908070282112532823e+00 3.389080702821125328e+02 3.594080702821125328e+02 3.471580702821125328e+02
0.000000000000000000e+00 0.000000000000000000e+00 0.000000000000000000e+00 0.000000000000000000e+00 0.000000000000000000e+00 0.000000000000000000e+00 0.000000000000000000e+00
3.536878279574996213e+02 3.354378279574996213e+02 3.269378279574996213e+02 3.311878279574996213e+02 3.386878279574996213e+02 3.441878279574996213e+02 3.414378279574996213e+02
0.000000000000000000e+00 0.000000000000000000e+00 0.000000000000000000e+00 0.000000000000000000e+00 0.000000000000000000e+00 0.000000000000000000e+00 0.000000000000000000e+00
2.323222613045982143e+01 1.998222613045982143e+01 5.398222613045982143e+01 5.523222613045982143e+01 2.823222613045982143e+01 9.482226130459821434e+00 2.404822261304598214e+02
0.000000000000000000e+00 0.000000000000000000e+00 0.000000000000000000e+00 0.000000000000000000e+00 0.000000000000000000e+00 0.000000000000000000e+00 0.000000000000000000e+00
0.000000000000000000e+00 0.000000000000000000e+00 0.000000000000000000e+00 0.000000000000000000e+00 0.000000000000000000e+00 0.000000000000000000e+00 0.000000000000000000e+00
2.106735251148455745e+01 1.981735251148455745e+01 1.831735251148455745e+01 4.567352511484557454e+00 3.455673525114845575e+02 1.731735251148455745e+01 2.781735251148455745e+01
3.469952589851263838e+02 3.412452589851263838e+02 3.344952589851263838e+02 3.312452589851263838e+02 3.294952589851263838e+02 3.584952589851263838e+02 1.497452589851263838e+02
1.644157593137259710e+01 2.194157593137259710e+01 2.844157593137259710e+01 3.319157593137259710e+01 2.694157593137259710e+01 3.384415759313725971e+02 3.569157593137259710e+01
0.000000000000000000e+00 0.000000000000000000e+00 0.000000000000000000e+00 0.000000000000000000e+00 0.000000000000000000e+00 0.000000000000000000e+00 0.000000000000000000e+00
1.445438327410556667e+01 8.454383274105566670e+00 1.345438327410556667e+01 1.220438327410556667e+01 9.204383274105566670e+00 1.195438327410556667e+01 1.645438327410556667e+01
0.000000000000000000e+00 0.000000000000000000e+00 0.000000000000000000e+00 0.000000000000000000e+00 0.000000000000000000e+00 0.000000000000000000e+00 0.000000000000000000e+00
0.000000000000000000e+00 0.000000000000000000e+00 0.000000000000000000e+00 0.000000000000000000e+00 0.000000000000000000e+00 0.000000000000000000e+00 0.000000000000000000e+00
2.866373926759530377e+01 2.191373926759530377e+01 8.413739267595303772e+00 3.151637392675953038e+02 3.066373926759530377e+01 3.266373926759530377e+01 2.191373926759530377e+01
0.000000000000000000e+00 0.000000000000000000e+00 0.000000000000000000e+00 0.000000000000000000e+00 0.000000000000000000e+00 0.000000000000000000e+00 0.000000000000000000e+00
4.706850026493953010e+00 1.370685002649395301e+01 1.595685002649395301e+01 3.552068500264939530e+02 5.206850026493953010e+00 1.420685002649395301e+01 2.345685002649395301e+01
5.745072964689160244e+01 2.020072964689160244e+01 2.339507296468916024e+02 5.700729646891602442e+00 3.920072964689160244e+01 5.170072964689160244e+01 4.770072964689160244e+01
1.705692901771845982e+02 8.931929017718459818e+01 1.906929017718459818e+01 5.631929017718459818e+01 4.981929017718459818e+01 4.406929017718459818e+01 3.345692901771845982e+02
3.391556058979926433e+02 3.361556058979926433e+02 3.379056058979926433e+02 3.421556058979926433e+02 3.379056058979926433e+02 3.321556058979926433e+02 3.574056058979926433e+02
2.701989177351538274e+01 2.701989177351538274e+01 2.326989177351538274e+01 1.426989177351538274e+01 5.926989177351538274e+01 6.426989177351538274e+01 5.776989177351538274e+01
0.000000000000000000e+00 0.000000000000000000e+00 0.000000000000000000e+00 0.000000000000000000e+00 0.000000000000000000e+00 0.000000000000000000e+00 0.000000000000000000e+00
2.279976131540661299e+01 2.179976131540661299e+01 4.049761315406612994e+00 1.299761315406612994e+00 2.799761315406612994e+00 5.799761315406612994e+00 5.049761315406612994e+00
3.541015604627902462e+02 2.710156046279024622e+01 4.910156046279024622e+01 3.421015604627902462e+02 3.910156046279024622e+01 2.926015604627902462e+02 2.903515604627902462e+02
6.194007457741520284e+00 1.894400745774152028e+01 1.194400745774152028e+01 1.219400745774152028e+01 1.169400745774152028e+01 2.719400745774152028e+01 3.316940074577415203e+02
2.255331770012986681e+01 1.655331770012986681e+01 1.555331770012986681e+01 1.155331770012986681e+01 3.205331770012986681e+01 1.930331770012986681e+01 1.730331770012986681e+01
3.582017951882551188e+01 3.257017951882551188e+01 5.820179518825511877e+00 7.017951882551187737e-02 4.182017951882551188e+01 4.407017951882551188e+01 3.282017951882551188e+01
3.571142206637688332e+01 3.221142206637688332e+01 6.211422066376883322e+00 3.597114220663768833e+02 4.196142206637688332e+01 4.471142206637688332e+01 3.221142206637688332e+01
3.342977511381835143e+02 3.300477511381835143e+02 3.570477511381835143e+02 3.550477511381835143e+02 3.395477511381835143e+02 3.517977511381835143e+02 3.467977511381835143e+02
0.000000000000000000e+00 0.000000000000000000e+00 0.000000000000000000e+00 0.000000000000000000e+00 0.000000000000000000e+00 0.000000000000000000e+00 0.000000000000000000e+00
0.000000000000000000e+00 0.000000000000000000e+00 0.000000000000000000e+00 0.000000000000000000e+00 0.000000000000000000e+00 0.000000000000000000e+00 0.000000000000000000e+00
0.000000000000000000e+00 0.000000000000000000e+00 0.000000000000000000e+00 0.000000000000000000e+00 0.000000000000000000e+00 0.000000000000000000e+00 0.000000000000000000e+00
1.629043466860457556e+01 2.004043466860457556e+01 2.290434668604575563e+00 9.729043466860457556e+01 3.229043466860457556e+01 2.429043466860457556e+01 2.837904346686045756e+02
3.268633261725608463e+01 4.293633261725608463e+01 3.368633261725608463e+01 1.318633261725608463e+01 3.284363326172560846e+02 2.924363326172560846e+02 2.971863326172560846e+02
3.540518269112425855e+02 3.588018269112425855e+02 3.475518269112425855e+02 3.490518269112425855e+02 3.478018269112425855e+02 3.530518269112425855e+02 3.513018269112425855e+02
0.000000000000000000e+00 0.000000000000000000e+00 0.000000000000000000e+00 0.000000000000000000e+00 0.000000000000000000e+00 0.000000000000000000e+00 0.000000000000000000e+00
4.362102044984965232e+00 3.561121020449849652e+02 3.566121020449849652e+02 3.571121020449849652e+02 3.478621020449849652e+02 3.526121020449849652e+02 3.571121020449849652e+02
3.500842103055819621e+02 3.550842103055819621e+02 3.525842103055819621e+02 3.490842103055819621e+02 3.503342103055819621e+02 3.453342103055819621e+02 3.475842103055819621e+02
6.944272444663749866e+01 4.544272444663749866e+01 4.794272444663749866e+01 2.219272444663749866e+01 3.291927244466374987e+02 3.494427244466374987e+02 3.539427244466374987e+02
2.739332619108315612e+02 2.551832619108315612e+02 2.339332619108315612e+02 2.029332619108315612e+02 1.651832619108315612e+02 1.646832619108315612e+02 2.476832619108315612e+02
3.574425626260471631e+02 3.429425626260471631e+02 3.491925626260471631e+02 3.576925626260471631e+02 3.556925626260471631e+02 3.519425626260471631e+02 3.529425626260471631e+02
3.495098749429254212e+02 3.535098749429254212e+02 3.547598749429254212e+02 3.575098749429254212e+02 3.535098749429254212e+02 3.487598749429254212e+02 3.512598749429254212e+02
3.949854397375986537e+00 1.744985439737598654e+01 3.576998543973759865e+02 5.699854397375986537e+00 3.564498543973759865e+02 3.461998543973759865e+02 3.499498543973759865e+02
3.556693919685515652e+02 3.564193919685515652e+02 3.334193919685515652e+02 3.396693919685515652e+02 2.741939196855156524e+01 3.244193919685515652e+02 2.986693919685515652e+02
3.774048907806752595e+01 3.477404890780675260e+02 2.649048907806752595e+01 3.724048907806752595e+01 3.099048907806752595e+01 3.554904890780675260e+02 3.349904890780675260e+02
1.688137322083332492e+01 1.538137322083332492e+01 5.088137322083332492e+01 3.086313732208333249e+02 3.286313732208333249e+02 3.663137322083332492e+01 6.688137322083332492e+01
0.000000000000000000e+00 0.000000000000000000e+00 0.000000000000000000e+00 0.000000000000000000e+00 0.000000000000000000e+00 0.000000000000000000e+00 0.000000000000000000e+00
3.408635954827892078e+02 3.333635954827892078e+02 3.526135954827892078e+02 3.461135954827892078e+02 3.556135954827892078e+02 1.326135954827892078e+02 2.143635954827892078e+02
3.387343257547820485e+01 4.137343257547820485e+01 3.337343257547820485e+01 1.237343257547820485e+01 3.373432575478204853e+00 1.562343257547820485e+01 8.873432575478204853e+00
3.541967469779783073e+02 3.589467469779783073e+02 2.144674697797830731e+01 3.394674697797830731e+01 1.419674697797830731e+01 3.481967469779783073e+02 3.176967469779783073e+02
1.103078370768946570e+01 7.280783707689465700e+00 3.580307837076894657e+02 3.515307837076894657e+02 3.560307837076894657e+02 6.780783707689465700e+00 8.780783707689465700e+00
7.675485088942707534e+01 7.375485088942707534e+01 7.050485088942707534e+01 5.475485088942707534e+01 2.754850889427075344e+00 3.585048508894270753e+02 4.004850889427075344e+00
0.000000000000000000e+00 0.000000000000000000e+00 0.000000000000000000e+00 0.000000000000000000e+00 0.000000000000000000e+00 0.000000000000000000e+00 0.000000000000000000e+00
0.000000000000000000e+00 0.000000000000000000e+00 0.000000000000000000e+00 0.000000000000000000e+00 0.000000000000000000e+00 0.000000000000000000e+00 0.000000000000000000e+00
1.407055856069348465e+01 2.082055856069348465e+01 7.070558560693484651e+00 3.578205585606934847e+02 3.575705585606934847e+02 3.585705585606934847e+02 3.598205585606934847e+02
0.000000000000000000e+00 0.000000000000000000e+00 0.000000000000000000e+00 0.000000000000000000e+00 0.000000000000000000e+00 0.000000000000000000e+00 0.000000000000000000e+00
7.222837145212679388e-02 2.707222837145212679e+01 2.582222837145212679e+01 3.757222837145212679e+01 3.157222837145212679e+01 1.657222837145212679e+01 5.572228371452126794e+00
3.588000136212085636e+02 1.530001362120856356e+01 3.050013621208563563e+00 3.548000136212085636e+02 5.050013621208563563e+00 8.130001362120856356e+01 9.430001362120856356e+01
3.782104879009756360e+01 6.321048790097563597e+00 3.520710487900975636e+02 1.132104879009756360e+01 1.332104879009756360e+01 3.503210487900975636e+02 3.430710487900975636e+02
0.000000000000000000e+00 0.000000000000000000e+00 0.000000000000000000e+00 0.000000000000000000e+00 0.000000000000000000e+00 0.000000000000000000e+00 0.000000000000000000e+00
1.617788460869132905e+01 2.867788460869132905e+01 6.427884608691329049e+00 4.677884608691329049e+00 1.017788460869132905e+01 1.767788460869132905e+01 1.142788460869132905e+01
3.436286508693597170e+02 3.323786508693597170e+02 3.253786508693597170e+02 3.328786508693597170e+02 3.376286508693597170e+02 3.541286508693597170e+02 3.251286508693597170e+02
1.591162654604482896e+01 7.411626546044828956e+00 1.341162654604482896e+01 2.816162654604482896e+01 8.161626546044828956e+00 3.409116265460448290e+02 2.976616265460448290e+02
1.404365510868086631e+01 3.580436551086808663e+02 1.604365510868086631e+01 1.079365510868086631e+01 1.543655108680866306e+00 2.793655108680866306e+00 2.793655108680866306e+00
1.307343447019263749e+01 3.510734344701926375e+02 3.460734344701926375e+02 3.518234344701926375e+02 3.580734344701926375e+02 3.278234344701926375e+02 2.940734344701926375e+02
3.440770514610907185e+02 3.420770514610907185e+02 3.440770514610907185e+02 3.450770514610907185e+02 3.528270514610907185e+02 3.480770514610907185e+02 3.353270514610907185e+02
3.557259973625008911e+02 8.225997362500891086e+00 8.725997362500891086e+00 3.562259973625008911e+02 3.534759973625008911e+02 3.527259973625008911e+02 3.072599736250089109e+01
3.479613367378829025e+01 1.154613367378829025e+01 1.004613367378829025e+01 2.154613367378829025e+01 1.954613367378829025e+01 3.345461336737882903e+02 3.480461336737882903e+02
3.567915518139084838e+02 3.590415518139084838e+02 3.547915518139084838e+02 3.505415518139084838e+02 3.291551813908483837e+00 3.572915518139084838e+02 2.179155181390848384e+01
3.581387562764730319e+02 3.598887562764730319e+02 1.638756276473060325e+00 3.598887562764730319e+02 3.593887562764730319e+02 3.578887562764730319e+02 3.526387562764730319e+02
3.229265525061122162e+02 3.249265525061122162e+02 3.426765525061122162e+02 3.214265525061122162e+02 3.031765525061122162e+02 3.136765525061122162e+02 3.336765525061122162e+02
3.201389399000129288e+01 5.076389399000129288e+01 1.476389399000129288e+01 1.051389399000129288e+01 2.026389399000129288e+01 7.601389399000129288e+01 3.502638939900012929e+02
4.765961450353188411e+00 2.659614503531884111e-01 2.659614503531884111e-01 3.585159614503531884e+02 3.582659614503531884e+02 3.547659614503531884e+02 5.765961450353188411e+00
3.585769367675504782e+01 2.060769367675504782e+01 1.857693676755047818e+00 1.085769367675504782e+01 3.483576936767550478e+02 3.326076936767550478e+02 1.760769367675504782e+01
2.459667359014764543e+01 3.184667359014764543e+01 2.346673590147645427e+00 4.346673590147645427e+00 3.540966735901476454e+02 3.395966735901476454e+02 3.348466735901476454e+02
7.888366564383261448e+00 5.638366564383261448e+00 4.638366564383261448e+00 2.638366564383261448e+00 3.888366564383261448e+00 3.583883665643832614e+02 3.533883665643832614e+02
0.000000000000000000e+00 0.000000000000000000e+00 0.000000000000000000e+00 0.000000000000000000e+00 0.000000000000000000e+00 0.000000000000000000e+00 0.000000000000000000e+00
1.778601376403742051e+00 2.786013764037420515e-01 2.352860137640374205e+01 3.327860137640374205e+01 1.528601376403742051e+00 7.528601376403742051e+00 2.052860137640374205e+01
3.570164693763622381e+02 4.851646937636223811e+01 5.926646937636223811e+01 3.901646937636223811e+01 7.266469376362238108e+00 8.766469376362238108e+00 2.651646937636223811e+01
1.695113586077911805e+01 1.920113586077911805e+01 5.701135860779118048e+00 3.574511358607791180e+02 3.582011358607791180e+02 5.201135860779118048e+00 1.145113586077911805e+01
0.000000000000000000e+00 0.000000000000000000e+00 0.000000000000000000e+00 0.000000000000000000e+00 0.000000000000000000e+00 0.000000000000000000e+00 0.000000000000000000e+00
8.064648244346130923e-01 3.580564648244346131e+02 5.646482443461309231e-02 2.056464824434613092e+00 2.306464824434613092e+00 3.540564648244346131e+02 3.543064648244346131e+02
0.000000000000000000e+00 0.000000000000000000e+00 0.000000000000000000e+00 0.000000000000000000e+00 0.000000000000000000e+00 0.000000000000000000e+00 0.000000000000000000e+00
1.637305958671470307e+01 2.712305958671470307e+01 3.237305958671470307e+01 2.437305958671470307e+01 1.362305958671470307e+01 3.103730595867147031e+02 4.987305958671470307e+01
3.572261999007800455e+02 3.557261999007800455e+02 2.976199900780045482e+00 9.226199900780045482e+00 3.519761999007800455e+02 5.726199900780045482e+00 2.497619990078004548e+01
0.000000000000000000e+00 0.000000000000000000e+00 0.000000000000000000e+00 0.000000000000000000e+00 0.000000000000000000e+00 0.000000000000000000e+00 0.000000000000000000e+00
3.099726580621412495e+02 2.879726580621412495e+02 3.194726580621412495e+02 3.509726580621412495e+02 3.517226580621412495e+02 3.127226580621412495e+02 3.372226580621412495e+02
0.000000000000000000e+00 0.000000000000000000e+00 0.000000000000000000e+00 0.000000000000000000e+00 0.000000000000000000e+00 0.000000000000000000e+00 0.000000000000000000e+00
3.405652195373847917e+02 3.523152195373847917e+02 9.815219537384791693e+00 3.152195373847916926e-01 3.573152195373847917e+02 7.315219537384791693e+00 2.431521953738479169e+01
0.000000000000000000e+00 0.000000000000000000e+00 0.000000000000000000e+00 0.000000000000000000e+00 0.000000000000000000e+00 0.000000000000000000e+00 0.000000000000000000e+00
7.135259656755749802e+00 3.852596567557498020e-01 3.596352596567557498e+02 1.635259656755749802e+00 3.598852596567557498e+02 3.593852596567557498e+02 5.135259656755749802e+00
0.000000000000000000e+00 0.000000000000000000e+00 0.000000000000000000e+00 0.000000000000000000e+00 0.000000000000000000e+00 0.000000000000000000e+00 0.000000000000000000e+00
3.224777175474920341e+02 3.244777175474920341e+02 2.919777175474920341e+02 3.197277175474920341e+02 3.374777175474920341e+02 3.039777175474920341e+02 3.359777175474920341e+02
2.230670768755618383e+01 4.380670768755618383e+01 2.180670768755618383e+01 1.205670768755618383e+01 9.530670768755618383e+01 5.780670768755618383e+01 3.453067076875561838e+02
9.775720998155520647e+00 2.762757209981555206e+02 2.127757209981555206e+02 5.777572099815552065e+01 3.140257209981555206e+02 3.305257209981555206e+02 3.002757209981555206e+02
1.464960354584559354e+01 1.389960354584559354e+01 1.496035458455935441e-01 3.456496035458455935e+02 3.471496035458455935e+02 3.506496035458455935e+02 3.531496035458455935e+02
3.587727804487492449e+02 3.582727804487492449e+02 1.877278044874921648e+01 2.052278044874921648e+01 3.585227804487492449e+02 3.432727804487492449e+02 3.232727804487492449e+02
3.568523466363217835e+02 2.852346636321783535e+00 4.352346636321783535e+00 1.852346636321783535e+00 3.571023466363217835e+02 3.471023466363217835e+02 3.173523466363217835e+02
1.919862274943284319e+01 1.319862274943284319e+01 2.119862274943284319e+01 1.044862274943284319e+01 5.198622749432843193e+00 2.198622749432843193e+00 1.919862274943284319e+01
0.000000000000000000e+00 0.000000000000000000e+00 0.000000000000000000e+00 0.000000000000000000e+00 0.000000000000000000e+00 0.000000000000000000e+00 0.000000000000000000e+00
0.000000000000000000e+00 0.000000000000000000e+00 0.000000000000000000e+00 0.000000000000000000e+00 0.000000000000000000e+00 0.000000000000000000e+00 0.000000000000000000e+00
1.576338125670088175e+01 1.926338125670088175e+01 1.351338125670088175e+01 1.251338125670088175e+01 1.126338125670088175e+01 1.026338125670088175e+01 3.437633812567008817e+02
8.269106299736108667e+00 3.512691062997361087e+02 3.417691062997361087e+02 3.550191062997361087e+02 3.537691062997361087e+02 3.535191062997361087e+02 3.447691062997361087e+02
3.523053261424216771e+02 3.418053261424216771e+02 1.305326142421677105e+00 3.590553261424216771e+02 3.500553261424216771e+02 9.055326142421677105e+00 1.080532614242167710e+01
2.846812376117998156e+01 1.721812376117998156e+01 7.218123761179981557e+00 3.968123761179981557e+00 2.471812376117998156e+01 1.196812376117998156e+01 3.317181237611799816e+02
0.000000000000000000e+00 0.000000000000000000e+00 0.000000000000000000e+00 0.000000000000000000e+00 0.000000000000000000e+00 0.000000000000000000e+00 0.000000000000000000e+00
1.973418027788022755e+01 1.698418027788022755e+01 3.462341802778802275e+02 3.594841802778802275e+02 5.984180277880227550e+00 3.422341802778802275e+02 3.254841802778802275e+02
3.519982715124564265e+01 2.719982715124564265e+01 1.819982715124564265e+01 2.949827151245642654e+00 3.519498271512456427e+02 3.559498271512456427e+02 3.699827151245642654e+00
3.434823451422652738e+02 3.249823451422652738e+02 3.144823451422652738e+02 3.192323451422652738e+02 4.398234514226527381e+01 3.549823451422652738e+02 3.572323451422652738e+02
0.000000000000000000e+00 0.000000000000000000e+00 0.000000000000000000e+00 0.000000000000000000e+00 0.000000000000000000e+00 0.000000000000000000e+00 0.000000000000000000e+00
1.284688627266865524e+01 2.284688627266865524e+01 1.096886272668655238e+00 1.096886272668655238e+00 2.096886272668655238e+00 9.096886272668655238e+00 6.596886272668655238e+00
2.278784966566013281e+01 1.903784966566013281e+01 1.228784966566013281e+01 5.287849665660132814e+00 3.540378496656601328e+02 3.550378496656601328e+02 3.784966566013281408e-02
3.594338078873662425e+02 3.591838078873662425e+02 1.183807887366242539e+00 9.338078873662425394e-01 3.581838078873662425e+02 9.338078873662425394e-01 3.586838078873662425e+02
0.000000000000000000e+00 0.000000000000000000e+00 0.000000000000000000e+00 0.000000000000000000e+00 0.000000000000000000e+00 0.000000000000000000e+00 0.000000000000000000e+00
0.000000000000000000e+00 0.000000000000000000e+00 0.000000000000000000e+00 0.000000000000000000e+00 0.000000000000000000e+00 0.000000000000000000e+00 0.000000000000000000e+00
9.625685876137595187e-01 3.517125685876137595e+02 3.462125685876137595e+02 3.527125685876137595e+02 3.597125685876137595e+02 3.579625685876137595e+02 3.387125685876137595e+02
6.776199161395425108e+00 1.077619916139542511e+01 1.577619916139542511e+01 1.202619916139542511e+01 3.540261991613954251e+02 3.442761991613954251e+02 5.352619916139542511e+01
1.579732386962677992e+01 3.457973238696267799e+02 3.265473238696267799e+02 3.017973238696267799e+02 2.972973238696267799e+02 3.390473238696267799e+02 3.402973238696267799e+02
1.584314065551097883e+00 3.550843140655510979e+02 3.483343140655510979e+02 3.533343140655510979e+02 3.580843140655510979e+02 3.493343140655510979e+02 3.563343140655510979e+02
0.000000000000000000e+00 0.000000000000000000e+00 0.000000000000000000e+00 0.000000000000000000e+00 0.000000000000000000e+00 0.000000000000000000e+00 0.000000000000000000e+00
1.222589843743321580e+00 3.417225898437433216e+02 3.332225898437433216e+02 3.222589843743321580e+00 3.519725898437433216e+02 6.722589843743321580e+00 2.622258984374332158e+01
3.085368541263471798e+01 2.010368541263471798e+01 6.036854126347179772e-01 1.036854126347179772e-01 2.603685412634717977e+00 6.853685412634717977e+00 1.853685412634717977e+00
0.000000000000000000e+00 0.000000000000000000e+00 0.000000000000000000e+00 0.000000000000000000e+00 0.000000000000000000e+00 0.000000000000000000e+00 0.000000000000000000e+00
0.000000000000000000e+00 0.000000000000000000e+00 0.000000000000000000e+00 0.000000000000000000e+00 0.000000000000000000e+00 0.000000000000000000e+00 0.000000000000000000e+00
3.209182839294065843e+02 3.106682839294065843e+02 9.168283929406584321e+00 6.918283929406584321e+00 3.181682839294065843e+02 3.296682839294065843e+02 3.466682839294065843e+02
3.144823411691344290e+02 1.002323411691344290e+02 6.523234116913442904e+01 5.823234116913442904e+01 5.073234116913442904e+01 2.584823411691344290e+02 2.219823411691344290e+02
3.310400652208461452e+02 3.127900652208461452e+02 3.005400652208461452e+02 2.970400652208461452e+02 2.992900652208461452e+02 2.990400652208461452e+02 3.455400652208461452e+02
8.270565927831228237e+00 1.027056592783122824e+01 1.552056592783122824e+01 3.535205659278312282e+02 2.427056592783122824e+01 6.277056592783122824e+01 1.735205659278312282e+02
3.451827639879359140e+02 3.424327639879359140e+02 3.591827639879359140e+02 3.682763987935913974e+00 2.029327639879359140e+02 2.189327639879359140e+02 1.729327639879359140e+02
0.000000000000000000e+00 0.000000000000000000e+00 0.000000000000000000e+00 0.000000000000000000e+00 0.000000000000000000e+00 0.000000000000000000e+00 0.000000000000000000e+00
0.000000000000000000e+00 0.000000000000000000e+00 0.000000000000000000e+00 0.000000000000000000e+00 0.000000000000000000e+00 0.000000000000000000e+00 0.000000000000000000e+00
