4.263115850172346200e+01 3.613115850172346200e+01 3.363115850172346200e+01 2.588115850172346200e+01 1.261311585017234620e+02 8.213115850172346200e+01 6.263115850172346200e+01
9.907831557084136875e-01 3.557407831557084137e+02 3.389907831557084137e+02 3.442407831557084137e+02 5.740783155708413688e+00 1.740783155708413688e+00 3.582407831557084137e+02
3.488965110649959342e+02 3.508965110649959342e+02 3.538965110649959342e+02 3.471465110649959342e+02 3.416465110649959342e+02 6.396511064995962670e+00 7.146511064995962670e+00
4.886180635776781855e+00 6.636180635776781855e+00 7.886180635776781855e+00 8.386180635776781855e+00 2.386180635776781855e+00 3.538861806357767819e+02 3.508861806357767819e+02
3.707419444595757341e+00 6.457419444595757341e+00 7.207419444595757341e+00 3.707419444595757341e+00 3.572074194445957573e+02 7.957419444595757341e+00 3.434574194445957573e+02
1.237334788706561994e+00 4.873347887065619943e-01 4.873347887065619943e-01 1.737334788706561994e+00 3.987334788706561994e+00 2.487334788706561994e+00 9.873347887065619943e-01
1.437122631905100434e+01 1.212122631905100434e+01 9.871226319051004339e+00 7.871226319051004339e+00 7.371226319051004339e+00 2.621226319051004339e+00 3.186212263190510043e+02
1.666533369247571272e+01 1.441533369247571272e+01 1.216533369247571272e+01 7.915333692475712724e+00 6.653336924757127235e-01 3.266533369247571272e+01 2.741533369247571272e+01
0.000000000000000000e+00 0.000000000000000000e+00 0.000000000000000000e+00 0.000000000000000000e+00 0.000000000000000000e+00 0.000000000000000000e+00 0.000000000000000000e+00
3.495377065758891604e+02 3.550377065758891604e+02 3.575377065758891604e+02 3.387877065758891604e+02 3.285377065758891604e+02 3.440377065758891604e+02 4.287706575889131955e+00
1.430671186953878760e+01 1.055671186953878760e+01 7.556711869538787596e+00 2.556711869538787596e+00 3.565567118695387876e+02 3.055671186953878760e+01 4.130671186953878760e+01
1.144518713101922458e+01 3.945187131019224580e+00 8.195187131019224580e+00 2.919518713101922458e+01 4.719518713101922458e+01 1.094518713101922458e+01 7.445187131019224580e+00
1.694936377385204196e+01 1.669936377385204196e+01 1.419936377385204196e+01 2.449363773852041959e+00 3.554493637738520420e+02 3.409493637738520420e+02 3.426993637738520420e+02
0.000000000000000000e+00 0.000000000000000000e+00 0.000000000000000000e+00 0.000000000000000000e+00 0.000000000000000000e+00 0.000000000000000000e+00 0.000000000000000000e+00
3.531471978734630284e+02 3.543971978734630284e+02 3.553971978734630284e+02 3.538971978734630284e+02 3.546471978734630284e+02 3.548971978734630284e+02 3.576471978734630284e+02
0.000000000000000000e+00 0.000000000000000000e+00 0.000000000000000000e+00 0.000000000000000000e+00 0.000000000000000000e+00 0.000000000000000000e+00 0.000000000000000000e+00
0.000000000000000000e+00 0.000000000000000000e+00 0.000000000000000000e+00 0.000000000000000000e+00 0.000000000000000000e+00 0.000000000000000000e+00 0.000000000000000000e+00
0.000000000000000000e+00 0.000000000000000000e+00 0.000000000000000000e+00 0.000000000000000000e+00 0.000000000000000000e+00 0.000000000000000000e+00 0.000000000000000000e+00
0.000000000000000000e+00 0.000000000000000000e+00 0.000000000000000000e+00 0.000000000000000000e+00 0.000000000000000000e+00 0.000000000000000000e+00 0.000000000000000000e+00
0.000000000000000000e+00 0.000000000000000000e+00 0.000000000000000000e+00 0.000000000000000000e+00 0.000000000000000000e+00 0.000000000000000000e+00 0.000000000000000000e+00
1.083683107092349474e+01 7.836831070923494735e+00 6.336831070923494735e+00 5.086831070923494735e+00 1.908683107092349474e+01 2.458683107092349474e+01 3.488368310709234947e+02
3.576654222841887076e+02 3.571654222841887076e+02 3.584154222841887076e+02 3.559154222841887076e+02 3.516654222841887076e+02 3.336654222841887076e+02 3.511654222841887076e+02
3.523956146627426165e+02 3.591456146627426165e+02 8.956146627426164741e-01 3.471456146627426165e+02 3.343956146627426165e+02 3.381456146627426165e+02 3.433956146627426165e+02
3.583217445538439279e+02 3.593217445538439279e+02 3.595717445538439279e+02 3.590717445538439279e+02 3.598217445538439279e+02 3.821744553843927861e+00 6.571744553843927861e+00
3.514159644129103981e+02 3.466659644129103981e+02 3.481659644129103981e+02 1.691596441291039810e+01 2.866596441291039810e+01 3.526659644129103981e+02 3.506659644129103981e+02
5.818808438787698378e+00 2.818808438787698378e+00 1.818808438787698378e+00 3.530688084387876984e+02 3.500688084387876984e+02 3.463188084387876984e+02 3.463188084387876984e+02
4.983637613055520887e+00 3.579836376130555209e+02 3.564836376130555209e+02 3.499836376130555209e+02 3.447336376130555209e+02 3.507336376130555209e+02 3.544836376130555209e+02
0.000000000000000000e+00 0.000000000000000000e+00 0.000000000000000000e+00 0.000000000000000000e+00 0.000000000000000000e+00 0.000000000000000000e+00 0.000000000000000000e+00
3.588260929463688171e+02 3.583260929463688171e+02 3.570760929463688171e+02 3.585760929463688171e+02 3.560760929463688171e+02 3.465760929463688171e+02 3.563260929463688171e+02
3.455024880752209242e+02 1.350248807522090999e+01 3.875248807522090999e+01 5.750248807522092420e+01 6.775248807522092420e+01 6.650248807522092420e+01 3.850248807522090999e+01
2.191735687463278737e-01 1.719173568746327874e+00 1.719173568746327874e+00 1.469173568746327874e+00 3.557191735687463279e+02 3.382191735687463279e+02 3.422191735687463279e+02
3.572390141311607294e+02 3.554890141311607294e+02 4.739014131160743659e+00 2.173901413116074366e+01 1.073901413116074366e+01 2.739014131160743659e+00 3.369890141311607294e+02
0.000000000000000000e+00 0.000000000000000000e+00 0.000000000000000000e+00 0.000000000000000000e+00 0.000000000000000000e+00 0.000000000000000000e+00 0.000000000000000000e+00
1.469773873737494796e+00 1.196977387373749480e+01 1.446977387373749480e+01 4.697738737374947959e-01 3.522197738737374948e+02 3.539697738737374948e+02 3.557197738737374948e+02
3.904182470357795864e+00 1.654182470357795864e+00 6.541824703577958644e-01 3.556541824703577959e+02 3.444041824703577959e+02 3.121541824703577959e+02 3.471541824703577959e+02
2.575771513909312915e+00 1.632577151390931292e+01 1.407577151390931292e+01 3.075771513909312915e+00 3.565757715139093307e+02 3.508257715139093307e+02 2.882577151390933068e+01
1.763492533514232719e+01 1.088492533514232719e+01 6.634925335142327185e+00 1.634925335142327185e+00 3.513849253351423272e+02 3.576349253351423272e+02 3.384925335142327185e+00
1.062108100899820329e+01 4.121081008998203288e+00 1.871081008998203288e+00 3.573710810089982033e+02 3.431210810089982033e+02 3.501210810089982033e+02 1.537108100899820329e+01
2.761568656723858339e+01 2.261568656723858339e+01 4.411568656723858339e+01 2.486568656723858339e+01 4.761568656723858339e+01 7.311568656723858339e+01 7.111568656723858339e+01
1.648890699952670502e+01 3.434889069995267050e+02 3.109889069995267050e+02 3.034889069995267050e+02 3.049889069995267050e+02 3.202389069995267050e+02 3.444889069995267050e+02
1.007464513240222459e+00 3.585074645132402225e+02 3.537574645132402225e+02 3.485074645132402225e+02 3.487574645132402225e+02 3.565074645132402225e+02 5.507464513240222459e+00
0.000000000000000000e+00 0.000000000000000000e+00 0.000000000000000000e+00 0.000000000000000000e+00 0.000000000000000000e+00 0.000000000000000000e+00 0.000000000000000000e+00
1.510571213981506844e+00 2.605712139815068440e-01 3.580105712139815068e+02 3.542605712139815068e+02 3.397605712139815068e+02 3.020105712139815068e+02 2.820105712139815068e+02
8.560170718784092969e+00 3.535601707187840930e+02 3.343101707187840930e+02 3.198101707187840930e+02 3.263101707187840930e+02 6.017071878409296914e-02 3.598101707187840930e+02
5.057822861798911163e+00 3.573078228617989112e+02 3.510578228617989112e+02 3.513078228617989112e+02 3.478078228617989112e+02 3.390578228617989112e+02 3.273078228617989112e+02
1.737102083764335703e+01 1.687102083764335703e+01 3.012102083764335703e+01 4.712102083764335703e+01 5.987102083764335703e+01 3.162102083764335703e+01 3.166210208376433570e+02
2.553405554934869315e+00 3.803405554934869315e+00 4.803405554934869315e+00 2.303405554934869315e+00 8.034055549348693148e-01 1.053405554934869315e+00 3.570534055549348977e+02
0.000000000000000000e+00 0.000000000000000000e+00 0.000000000000000000e+00 0.000000000000000000e+00 0.000000000000000000e+00 0.000000000000000000e+00 0.000000000000000000e+00
0.000000000000000000e+00 0.000000000000000000e+00 0.000000000000000000e+00 0.000000000000000000e+00 0.000000000000000000e+00 0.000000000000000000e+00 0.000000000000000000e+00
9.554660787028240065e+00 5.546607870282400654e-01 5.466078702824006541e-02 3.508046607870282401e+02 3.325546607870282401e+02 3.330546607870282401e+02 3.533046607870282401e+02
5.993592885354757982e+00 7.493592885354757982e+00 7.243592885354757982e+00 5.743592885354757982e+00 3.464935928853547580e+02 1.899359288535475798e+01 4.493592885354757982e+00
2.575977919830648943e+00 1.757597791983064894e+01 3.307597791983064894e+01 2.082597791983064894e+01 7.325977919830648943e+00 3.570759779198306205e+02 1.325977919830648943e+00
0.000000000000000000e+00 0.000000000000000000e+00 0.000000000000000000e+00 0.000000000000000000e+00 0.000000000000000000e+00 0.000000000000000000e+00 0.000000000000000000e+00
3.340122142123279332e+02 3.467622142123279332e+02 2.476221421232793318e+01 5.976221421232793318e+01 7.401221421232793318e+01 3.201221421232793318e+01 7.762214212327933183e+00
3.590715220498883014e+02 3.538215220498883014e+02 3.535715220498883014e+02 3.071522049888301353e+00 1.182152204988830135e+01 3.071522049888301353e+00 3.548215220498883014e+02
0.000000000000000000e+00 0.000000000000000000e+00 0.000000000000000000e+00 0.000000000000000000e+00 0.000000000000000000e+00 0.000000000000000000e+00 0.000000000000000000e+00
0.000000000000000000e+00 0.000000000000000000e+00 0.000000000000000000e+00 0.000000000000000000e+00 0.000000000000000000e+00 0.000000000000000000e+00 0.000000000000000000e+00
0.000000000000000000e+00 0.000000000000000000e+00 0.000000000000000000e+00 0.000000000000000000e+00 0.000000000000000000e+00 0.000000000000000000e+00 0.000000000000000000e+00
0.000000000000000000e+00 0.000000000000000000e+00 0.000000000000000000e+00 0.000000000000000000e+00 0.000000000000000000e+00 0.000000000000000000e+00 0.000000000000000000e+00
0.000000000000000000e+00 0.000000000000000000e+00 0.000000000000000000e+00 0.000000000000000000e+00 0.000000000000000000e+00 0.000000000000000000e+00 0.000000000000000000e+00
0.000000000000000000e+00 0.000000000000000000e+00 0.000000000000000000e+00 0.000000000000000000e+00 0.000000000000000000e+00 0.000000000000000000e+00 0.000000000000000000e+00
0.000000000000000000e+00 0.000000000000000000e+00 0.000000000000000000e+00 0.000000000000000000e+00 0.000000000000000000e+00 0.000000000000000000e+00 0.000000000000000000e+00
0.000000000000000000e+00 0.000000000000000000e+00 0.000000000000000000e+00 0.000000000000000000e+00 0.000000000000000000e+00 0.000000000000000000e+00 0.000000000000000000e+00
0.000000000000000000e+00 0.000000000000000000e+00 0.000000000000000000e+00 0.000000000000000000e+00 0.000000000000000000e+00 0.000000000000000000e+00 0.000000000000000000e+00
0.000000000000000000e+00 0.000000000000000000e+00 0.000000000000000000e+00 0.000000000000000000e+00 0.000000000000000000e+00 0.000000000000000000e+00 0.000000000000000000e+00
0.000000000000000000e+00 0.000000000000000000e+00 0.000000000000000000e+00 0.000000000000000000e+00 0.000000000000000000e+00 0.000000000000000000e+00 0.000000000000000000e+00
0.000000000000000000e+00 0.000000000000000000e+00 0.000000000000000000e+00 0.000000000000000000e+00 0.000000000000000000e+00 0.000000000000000000e+00 0.000000000000000000e+00
0.000000000000000000e+00 0.000000000000000000e+00 0.000000000000000000e+00 0.000000000000000000e+00 0.000000000000000000e+00 0.000000000000000000e+00 0.000000000000000000e+00
