7.576329217006547712e-01 5.354229284155928026e-01 3.710194263962149908e-01 4.837176958501876456e-01 1.127688645452408212e-01 1.963252106990144019e-01 3.727893312046126617e-01
9.816867908185605840e-01 9.729004531675203848e-01 9.417881921143331780e-01 9.077740234481295190e-01 9.549963169830584242e-01 8.974758981644644917e-01 6.523585431517870958e-01
9.742318029966944293e-01 9.751893243839445669e-01 9.666189282254705750e-01 9.526145005853252634e-01 8.010380149841689335e-01 8.624459829925051890e-01 9.464562413243349237e-01
9.943486489506090376e-01 9.932724190272116394e-01 9.931409795229688697e-01 9.875700421827122710e-01 9.796655400976892469e-01 9.337994152303878970e-01 8.870190227679674022e-01
9.839659663255053701e-01 9.767421805860331263e-01 9.746382971715155108e-01 9.579323162213975174e-01 9.353749027268246641e-01 8.083410591672437473e-01 8.324219544436383122e-01
9.823914960521035189e-01 9.861598161977837007e-01 9.909303171834055179e-01 9.946206417525014221e-01 9.819680875765743888e-01 9.181887271788972127e-01 7.869050905453468525e-01
9.783393851413212383e-01 9.683336991258622017e-01 9.466712518041416891e-01 9.016304331573918862e-01 8.614654753176151925e-01 7.304593358604231090e-01 5.658644301802427945e-01
9.854441822150057373e-01 9.858918968754013523e-01 9.731061854051511473e-01 9.255306649424048793e-01 8.602424963305475014e-01 7.106410143091914655e-01 7.245216339774379621e-01
0.000000000000000000e+00 0.000000000000000000e+00 0.000000000000000000e+00 0.000000000000000000e+00 0.000000000000000000e+00 0.000000000000000000e+00 0.000000000000000000e+00
9.788799624070985139e-01 9.739037258339815484e-01 9.438990298268917778e-01 9.216472397728211474e-01 7.648001528379773095e-01 6.603336496868811301e-01 8.981252534860963976e-01
9.850041690280065820e-01 9.877033976977404039e-01 9.826212301868828547e-01 9.742614404331281230e-01 6.661064232550675257e-01 5.379996394162974704e-01 4.489362815573292864e-01
6.007154686503822782e-01 6.238772576358136979e-01 5.526624285743383380e-01 5.964219764868039508e-01 6.897350411845682983e-01 8.201930397563701458e-01 7.197876520586603544e-01
9.771817175943847689e-01 9.718853176810268168e-01 9.531876579108821135e-01 7.809836311002625875e-01 5.713945979322201385e-01 6.032340357028479483e-01 6.978921588967905709e-01
0.000000000000000000e+00 0.000000000000000000e+00 0.000000000000000000e+00 0.000000000000000000e+00 0.000000000000000000e+00 0.000000000000000000e+00 0.000000000000000000e+00
9.938933912557920136e-01 9.953003879884285698e-01 9.964276479847221646e-01 9.955505805529444308e-01 9.973693412380822965e-01 9.926553489483479487e-01 9.861871996307688404e-01
0.000000000000000000e+00 0.000000000000000000e+00 0.000000000000000000e+00 0.000000000000000000e+00 0.000000000000000000e+00 0.000000000000000000e+00 0.000000000000000000e+00
0.000000000000000000e+00 0.000000000000000000e+00 0.000000000000000000e+00 0.000000000000000000e+00 0.000000000000000000e+00 0.000000000000000000e+00 0.000000000000000000e+00
0.000000000000000000e+00 0.000000000000000000e+00 0.000000000000000000e+00 0.000000000000000000e+00 0.000000000000000000e+00 0.000000000000000000e+00 0.000000000000000000e+00
0.000000000000000000e+00 0.000000000000000000e+00 0.000000000000000000e+00 0.000000000000000000e+00 0.000000000000000000e+00 0.000000000000000000e+00 0.000000000000000000e+00
0.000000000000000000e+00 0.000000000000000000e+00 0.000000000000000000e+00 0.000000000000000000e+00 0.000000000000000000e+00 0.000000000000000000e+00 0.000000000000000000e+00
9.780605477877718501e-01 9.774180492456513436e-01 9.658133609555605847e-01 9.669057306521926520e-01 9.776526137555999751e-01 9.698462574349132614e-01 8.698487661472305010e-01
9.876094113924543949e-01 9.943709596679024543e-01 9.929980813319103650e-01 9.836088350036978900e-01 9.596788085847784977e-01 6.100514090302188164e-01 9.406003718706329453e-01
9.589051374964122632e-01 9.776999001606856421e-01 9.760732076926454948e-01 9.541813777580638867e-01 9.675851072696340927e-01 9.621351050045653386e-01 9.621544924702090107e-01
9.897860720037169324e-01 9.923172370417344679e-01 9.931716971592833287e-01 9.934236293124052430e-01 9.912459077870868773e-01 9.844825672305881348e-01 9.738485813345750808e-01
8.473037495552093734e-01 7.945635543334222950e-01 7.285277864454218211e-01 7.101547211098437895e-01 6.658989547974567547e-01 8.627085634761081367e-01 9.034215238617562260e-01
9.836377334055180777e-01 9.801894044410093265e-01 9.858291908882534926e-01 9.935985357675032326e-01 9.873769879116995885e-01 8.949728890475652232e-01 8.887420496829362415e-01
9.732112127193567330e-01 9.473607739443782316e-01 9.542633934324410427e-01 9.654691091937323000e-01 9.565978981498649558e-01 8.992508869514246328e-01 8.536089292926941630e-01
0.000000000000000000e+00 0.000000000000000000e+00 0.000000000000000000e+00 0.000000000000000000e+00 0.000000000000000000e+00 0.000000000000000000e+00 0.000000000000000000e+00
9.790753458689256394e-01 9.879565482582558511e-01 9.928666490566737668e-01 9.923039668440553074e-01 9.835781736465051273e-01 9.668138972783302254e-01 7.946519620388968752e-01
9.037966104025955127e-01 9.107076373912988965e-01 7.366848332368884922e-01 6.090172340819782759e-01 6.734195909624176579e-01 5.521318141758047027e-01 4.199836773627951825e-01
9.759845674348787137e-01 9.796577372146801910e-01 9.827239154714156877e-01 9.787216041187696280e-01 9.058868489347822184e-01 8.487216809912415671e-01 8.849199978916532094e-01
9.167967160825608586e-01 8.718295040683669006e-01 8.295869134544435752e-01 8.454138132167619002e-01 9.058568289717082722e-01 8.922092565397828912e-01 8.586888914823376240e-01
0.000000000000000000e+00 0.000000000000000000e+00 0.000000000000000000e+00 0.000000000000000000e+00 0.000000000000000000e+00 0.000000000000000000e+00 0.000000000000000000e+00
7.812269980303628847e-01 6.537055540362444184e-01 8.534105802720567402e-01 9.364414601275068417e-01 9.548228672392834460e-01 9.710204042533984170e-01 9.782627523802410741e-01
9.892471375276254975e-01 9.895573334175132851e-01 9.850512306354944903e-01 9.820608820211454981e-01 9.694681177752709766e-01 7.545353542362706056e-01 9.472053704672169783e-01
5.631416946921231625e-01 5.759383960282316028e-01 4.312074668144504352e-01 5.405490952045793884e-01 9.244286897871085706e-01 8.157770628423821613e-01 7.494671641728475331e-01
6.473677653625532491e-01 8.563111864273462714e-01 9.366479097776470031e-01 9.759613145014043312e-01 9.913823531943595224e-01 9.775979535114430741e-01 9.740535996584148704e-01
9.602430541090994920e-01 9.647217400056766756e-01 8.173529452493570879e-01 6.232201610930384605e-01 7.445555583667187172e-01 6.973104196766624074e-01 5.415006874059129505e-01
9.068336267109734505e-01 8.556204238734759215e-01 8.394953638175142174e-01 8.715605922393383498e-01 5.675011047498464967e-01 5.162179323718099067e-01 5.021146306109705026e-01
