8.315076464608982532e-01 8.197968296388126186e-01 5.402834370323179591e-01 3.143287226999067485e-01 5.227496980836769946e-01 4.169683452517367606e-01 2.396121690150333494e-01
8.634415087852459481e-01 8.672153209630153459e-01 9.114348685321994603e-01 8.642052831497393228e-01 7.400955649653258028e-01 7.732779064529918811e-01 5.678026143987047192e-01
8.600114018718888476e-01 5.807713003730411438e-01 6.436359005269506328e-01 6.986090959100875741e-01 8.519575889657199363e-01 9.066788878356258907e-01 9.545243702728535284e-01
9.212697492236366914e-01 9.412663152472748873e-01 9.534811822986893892e-01 8.282866452887091002e-01 7.757253960000657367e-01 8.292320796511651881e-01 5.173349162680550561e-01
9.433405522868607562e-01 9.656416990125269439e-01 9.545874468011460445e-01 8.397399823906717131e-01 7.893381117248071677e-01 8.657374177125591874e-01 7.762323317315105164e-01
9.563244188598295503e-01 9.082595451857780056e-01 8.798697759014579844e-01 9.421201875073221821e-01 9.033714730682670391e-01 7.395764131429212185e-01 2.146837502766812955e-01
7.863355093098687298e-01 8.667797712275335797e-01 8.991672722415000596e-01 9.163320225207589598e-01 9.273468693840100086e-01 9.232130388244311758e-01 8.978211349033049515e-01
6.606974074715091794e-01 7.818582375204501389e-01 7.707780762112731443e-01 7.947933019264725729e-01 7.828533302493134727e-01 6.083078573779359122e-01 8.490781062218442088e-01
0.000000000000000000e+00 0.000000000000000000e+00 0.000000000000000000e+00 0.000000000000000000e+00 0.000000000000000000e+00 0.000000000000000000e+00 0.000000000000000000e+00
8.999105865116659997e-01 8.271731184575262796e-01 8.729862344385923567e-01 9.061062507694044310e-01 9.196481502791350460e-01 9.039820669700756595e-01 9.589240269203663791e-01
5.666316578150162320e-01 4.382748698131190834e-01 6.452941231601665439e-01 3.581230571758622916e-01 3.287096529644087939e-01 2.293172928740082883e-01 5.361774516561806925e-01
1.977051081520644071e-01 2.103973658283528891e-01 3.547223036782360950e-01 4.397664443895501485e-01 2.390211225920255145e-01 1.049912408346061338e-01 7.929546704611258878e-01
6.152659001987166310e-01 6.885662534295131643e-01 8.586019814710360576e-01 9.372020503916396184e-01 9.165592813205039047e-01 8.356277350746331711e-01 9.298422286318455132e-01
0.000000000000000000e+00 0.000000000000000000e+00 0.000000000000000000e+00 0.000000000000000000e+00 0.000000000000000000e+00 0.000000000000000000e+00 0.000000000000000000e+00
8.913890470514360675e-01 9.351356109847858145e-01 9.730627231304419533e-01 9.757692725045141735e-01 9.640253765266099117e-01 9.805445333875699720e-01 9.718307698320417520e-01
0.000000000000000000e+00 0.000000000000000000e+00 0.000000000000000000e+00 0.000000000000000000e+00 0.000000000000000000e+00 0.000000000000000000e+00 0.000000000000000000e+00
0.000000000000000000e+00 0.000000000000000000e+00 0.000000000000000000e+00 0.000000000000000000e+00 0.000000000000000000e+00 0.000000000000000000e+00 0.000000000000000000e+00
0.000000000000000000e+00 0.000000000000000000e+00 0.000000000000000000e+00 0.000000000000000000e+00 0.000000000000000000e+00 0.000000000000000000e+00 0.000000000000000000e+00
0.000000000000000000e+00 0.000000000000000000e+00 0.000000000000000000e+00 0.000000000000000000e+00 0.000000000000000000e+00 0.000000000000000000e+00 0.000000000000000000e+00
0.000000000000000000e+00 0.000000000000000000e+00 0.000000000000000000e+00 0.000000000000000000e+00 0.000000000000000000e+00 0.000000000000000000e+00 0.000000000000000000e+00
7.688286958862324827e-01 8.514410686473325995e-01 7.944246665483338798e-01 5.765722812475135850e-01 2.703071511887939482e-01 4.044986343800191508e-01 5.043181133382433901e-01
8.892895058587196866e-01 9.227238191528749356e-01 8.759264237053392410e-01 8.360263390313915632e-01 8.822431376160905225e-01 8.034817510188333456e-01 7.294348022454311131e-01
8.228116090360444446e-01 8.273204157572215944e-01 9.406496607677965471e-01 9.465635744038777277e-01 9.416593623473189512e-01 8.952133826717084686e-01 9.494763480213993523e-01
9.344705220829675474e-01 9.535040712267264240e-01 9.344892547532839266e-01 9.571636749926729637e-01 8.898388446998632961e-01 7.373346635816971917e-01 3.694790989392585101e-01
8.686201620323614758e-01 9.018692699056209960e-01 8.879504726221268962e-01 8.752394983826987662e-01 8.460606803680060795e-01 6.551718461403173155e-01 8.711223886009891171e-01
9.033689336087180610e-01 9.163702084419992344e-01 9.638777566046830003e-01 9.641402183941746307e-01 9.202109554828690197e-01 9.130759728772377404e-01 7.251063456766188020e-01
8.928186154158990195e-01 8.510941801304643395e-01 8.259947152193962694e-01 9.309086621263664707e-01 9.929788646388270079e-01 9.922076505516389533e-01 9.729887858493725394e-01
0.000000000000000000e+00 0.000000000000000000e+00 0.000000000000000000e+00 0.000000000000000000e+00 0.000000000000000000e+00 0.000000000000000000e+00 0.000000000000000000e+00
9.250489179618581748e-01 9.131011839543619057e-01 8.583626303876750185e-01 8.972238526560234462e-01 8.603982302596341336e-01 6.364770532900940747e-01 4.843774352971091934e-01
5.860872210195887666e-01 1.667037690456064647e-01 4.925556215259437320e-01 3.791883380419088789e-01 2.798244880239616483e-01 4.793987928339271121e-01 4.285179563923984802e-01
8.234976452592199792e-01 8.736174558074580876e-01 8.757075709633416194e-01 7.367437994941072876e-01 5.670192314930071475e-01 7.174147460396749221e-01 7.790974906409355860e-01
8.586479837214697763e-01 8.595270497327146542e-01 8.867065336818320542e-01 8.739508381166246620e-01 8.565020206532462099e-01 6.602062785230993214e-01 7.298744906454830428e-01
0.000000000000000000e+00 0.000000000000000000e+00 0.000000000000000000e+00 0.000000000000000000e+00 0.000000000000000000e+00 0.000000000000000000e+00 0.000000000000000000e+00
8.896911389761168465e-01 8.966032145137964315e-01 9.129502439929558788e-01 9.493876793566463634e-01 9.550839997681646043e-01 9.627470994527577153e-01 9.752700432652826601e-01
8.509280139770872831e-01 8.758983763251078081e-01 9.034562857050999485e-01 8.807312177696011712e-01 8.923588452254578307e-01 8.303913307107069208e-01 8.939511910513086024e-01
8.687585500111706382e-01 9.255113936565060317e-01 8.533069666785739749e-01 4.556018147346176939e-01 6.944596613558268183e-01 7.988850759978266547e-01 4.778552055351246164e-01
7.837191254178615951e-01 7.231180107165177118e-01 7.447516490374063158e-01 6.057183038590270296e-01 5.836156096984581598e-01 8.028805800239678936e-01 9.124568251485521975e-01
8.122090304831542928e-01 8.861351775791697083e-01 8.529891034689572882e-01 8.347975149873093637e-01 3.940800418792738680e-01 8.446159586881421544e-02 5.757751368592242125e-01
6.349228604445135149e-01 6.590981937442305094e-01 6.507102761259506707e-01 7.659985901145068832e-01 8.719592197525908306e-01 8.508139211425150839e-01 8.087569502673817023e-01
3.035503103980030093e-01 3.213616124403520513e-01 2.288951149605257251e-01 2.420686510054817775e-01 4.741421843796628233e-01 1.820812806583421151e-01 4.803304685564663279e-01
9.388496997598602123e-01 9.679878798963533759e-01 9.476723595639734432e-01 8.983592249134287888e-01 8.766795322621069309e-01 6.486874947579023276e-01 7.752574729563458389e-01
0.000000000000000000e+00 0.000000000000000000e+00 0.000000000000000000e+00 0.000000000000000000e+00 0.000000000000000000e+00 0.000000000000000000e+00 0.000000000000000000e+00
9.609485433587362513e-01 9.518348698866905266e-01 8.043376444365578637e-01 5.848955458298200627e-01 5.190230742279812182e-01 3.813433351755194378e-01 1.810053464277034119e-01
5.640015684217926095e-01 6.092308173693856688e-01 4.510304518227793991e-01 5.288708626145506297e-01 5.401655872987698448e-01 4.619247893278213835e-01 5.657202622113776114e-01
6.759480615267082770e-01 6.384955276686238301e-01 5.174988960690589668e-01 4.887254138661363823e-01 2.970448337995414412e-01 1.411814489241293713e-01 2.611476295243388424e-01
4.155685324331853669e-01 2.886640355426991489e-01 3.121506271320172443e-01 1.472888860410799527e-01 4.195934711528757077e-01 7.128187192367828329e-02 6.932582311252925011e-01
8.041766215341616952e-01 7.149595830317996281e-01 8.260832755315847820e-01 6.615035560742372756e-01 5.927114679827713006e-01 8.351320750827571082e-01 9.080882479770254756e-01
0.000000000000000000e+00 0.000000000000000000e+00 0.000000000000000000e+00 0.000000000000000000e+00 0.000000000000000000e+00 0.000000000000000000e+00 0.000000000000000000e+00
0.000000000000000000e+00 0.000000000000000000e+00 0.000000000000000000e+00 0.000000000000000000e+00 0.000000000000000000e+00 0.000000000000000000e+00 0.000000000000000000e+00
8.856891431949306392e-01 9.005439404326172070e-01 8.499984603457878540e-01 7.960697937680533132e-01 3.186113894820519765e-01 2.094399490601569214e-01 2.741684590030086244e-01
8.840514166232157356e-01 9.122579142177644762e-01 8.833042919970921503e-01 5.857809074762730939e-01 6.453689972259512020e-01 6.724640834210307005e-01 6.189072233391140765e-01
5.854135916480266433e-01 6.308031582870694542e-01 4.245581411008919059e-01 3.999436014017253571e-01 6.217202630883882364e-01 5.599841856532201678e-01 4.153422638205017670e-01
0.000000000000000000e+00 0.000000000000000000e+00 0.000000000000000000e+00 0.000000000000000000e+00 0.000000000000000000e+00 0.000000000000000000e+00 0.000000000000000000e+00
4.568556190499659109e-01 7.515668992960785610e-01 8.532600385815887201e-01 8.968728779987616972e-01 8.229460926563695322e-01 8.696154230017285602e-01 9.731965246822792404e-01
6.073144405897443754e-01 4.761721451955430728e-01 5.453028059677499373e-01 4.982083704509752686e-01 5.330151127106222964e-01 4.872898252476276504e-01 6.343092958651166402e-01
0.000000000000000000e+00 0.000000000000000000e+00 0.000000000000000000e+00 0.000000000000000000e+00 0.000000000000000000e+00 0.000000000000000000e+00 0.000000000000000000e+00
0.000000000000000000e+00 0.000000000000000000e+00 0.000000000000000000e+00 0.000000000000000000e+00 0.000000000000000000e+00 0.000000000000000000e+00 0.000000000000000000e+00
0.000000000000000000e+00 0.000000000000000000e+00 0.000000000000000000e+00 0.000000000000000000e+00 0.000000000000000000e+00 0.000000000000000000e+00 0.000000000000000000e+00
0.000000000000000000e+00 0.000000000000000000e+00 0.000000000000000000e+00 0.000000000000000000e+00 0.000000000000000000e+00 0.000000000000000000e+00 0.000000000000000000e+00
7.490265062243204319e-01 8.029322906032209106e-01 8.551460987808574554e-01 8.439324095645046597e-01 6.723999128946086534e-01 4.964046187916626440e-01 2.205907289650735903e-01
3.922527915441981761e-01 4.232413739258911733e-01 8.861770313875961813e-01 8.648976079544362650e-01 8.247751529503404289e-01 6.857202496585262930e-01 6.507856906772664374e-01
9.570285186882770967e-01 9.314894292450067725e-01 9.134197769812130163e-01 9.066497916240319199e-01 7.611032425228253517e-01 4.541147576214944470e-01 4.929178033234436762e-02
8.239797208110888338e-01 9.317173441946796641e-01 9.596141677905238865e-01 9.437116513314851574e-01 7.469766965669496495e-01 6.938580201627141397e-01 6.244151190393153472e-01
0.000000000000000000e+00 0.000000000000000000e+00 0.000000000000000000e+00 0.000000000000000000e+00 0.000000000000000000e+00 0.000000000000000000e+00 0.000000000000000000e+00
6.544193455168478835e-01 6.339385347883609301e-01 7.604425845129455519e-01 8.596775669537473075e-01 9.146452260415228741e-01 8.952945533737065587e-01 8.186387843391425001e-01
0.000000000000000000e+00 0.000000000000000000e+00 0.000000000000000000e+00 0.000000000000000000e+00 0.000000000000000000e+00 0.000000000000000000e+00 0.000000000000000000e+00
9.158236523968971143e-01 8.723985391609730966e-01 9.105265017029430252e-01 9.354726241463995340e-01 9.493859319447139899e-01 9.548673690464014596e-01 7.658259325992730071e-01
7.880300799773163334e-01 8.706566658754781862e-01 8.698842829632571494e-01 7.753625105237376136e-01 4.270327189225811004e-01 4.521186465228108631e-01 3.687617533821516691e-01
