1.485297447628960299e+01 1.785297447628960299e+01 1.935297447628960299e+01 9.352974476289602990e+00 3.163529744762896030e+02 2.926029744762896030e+02 2.693529744762896030e+02
9.739304273981019833e-01 3.544739304273981020e+02 3.529739304273981020e+02 2.473930427398101983e+00 6.973930427398101983e+00 1.222393042739810198e+01 3.464739304273981020e+02
9.769253834923574686e-02 3.325976925383492357e+02 3.463476925383492357e+02 3.573476925383492357e+02 3.590976925383492357e+02 3.538476925383492357e+02 3.548476925383492357e+02
1.279906381739476728e+01 3.550490638173947673e+02 3.557990638173947673e+02 3.582990638173947673e+02 3.549063817394767284e+00 3.175490638173947673e+02 2.940490638173947673e+02
4.871404065393448946e+00 7.121404065393448946e+00 6.621404065393448946e+00 6.371404065393448946e+00 1.162140406539344895e+01 7.871404065393448946e+00 1.612140406539344895e+01
3.487192085176773730e+02 3.542192085176773730e+02 3.539692085176773730e+02 7.192085176773730382e-01 2.192085176773730382e-01 3.572192085176773730e+02 2.469208517677373038e+00
1.010519255024075846e+01 1.360519255024075846e+01 1.010519255024075846e+01 7.355192550240758464e+00 3.408551925502407585e+02 1.785519255024075846e+01 1.710519255024075846e+01
1.441104879071605183e+01 3.041104879071605183e+01 1.741104879071605183e+01 1.941104879071605183e+01 1.066104879071605183e+01 3.364110487907160518e+02 3.539110487907160518e+02
0.000000000000000000e+00 0.000000000000000000e+00 0.000000000000000000e+00 0.000000000000000000e+00 0.000000000000000000e+00 0.000000000000000000e+00 0.000000000000000000e+00
3.397342098063472235e+02 3.984209806347223548e+00 1.673420980634722355e+01 7.984209806347223548e+00 5.734209806347223548e+00 3.564842098063472235e+02 3.524842098063472235e+02
1.475014023098646021e+01 6.225014023098646021e+01 5.825014023098646021e+01 5.000014023098646021e+01 2.750014023098646021e+01 3.330001402309864602e+02 2.880001402309864602e+02
6.351646693017772805e+01 2.067664669301777280e+02 1.507664669301777280e+02 1.237664669301777280e+02 9.601646693017772805e+01 6.551646693017772805e+01 1.997664669301777280e+02
2.099502368489038417e+01 4.499502368489038417e+01 1.499502368489038417e+01 9.745023684890384175e+00 5.245023684890384175e+00 3.532450236848903842e+02 3.484950236848903842e+02
0.000000000000000000e+00 0.000000000000000000e+00 0.000000000000000000e+00 0.000000000000000000e+00 0.000000000000000000e+00 0.000000000000000000e+00 0.000000000000000000e+00
2.076414643867451559e+00 3.560764146438674516e+02 3.475764146438674516e+02 3.585764146438674516e+02 3.535764146438674516e+02 3.573264146438674516e+02 3.565764146438674516e+02
0.000000000000000000e+00 0.000000000000000000e+00 0.000000000000000000e+00 0.000000000000000000e+00 0.000000000000000000e+00 0.000000000000000000e+00 0.000000000000000000e+00
0.000000000000000000e+00 0.000000000000000000e+00 0.000000000000000000e+00 0.000000000000000000e+00 0.000000000000000000e+00 0.000000000000000000e+00 0.000000000000000000e+00
0.000000000000000000e+00 0.000000000000000000e+00 0.000000000000000000e+00 0.000000000000000000e+00 0.000000000000000000e+00 0.000000000000000000e+00 0.000000000000000000e+00
0.000000000000000000e+00 0.000000000000000000e+00 0.000000000000000000e+00 0.000000000000000000e+00 0.000000000000000000e+00 0.000000000000000000e+00 0.000000000000000000e+00
0.000000000000000000e+00 0.000000000000000000e+00 0.000000000000000000e+00 0.000000000000000000e+00 0.000000000000000000e+00 0.000000000000000000e+00 0.000000000000000000e+00
8.987778955696171579e+00 7.237778955696171579e+00 3.507377789556961716e+02 6.487778955696171579e+00 3.572377789556961716e+02 6.737778955696171579e+00 1.523777895569617158e+01
3.582742997310047599e+02 3.505242997310047599e+02 1.277429973100475991e+01 2.302429973100475991e+01 1.402429973100475991e+01 1.052429973100475991e+01 3.752429973100475991e+01
3.552328437204033662e+02 3.472328437204033662e+02 3.527328437204033662e+02 3.589828437204033662e+02 3.574828437204033662e+02 3.557328437204033662e+02 3.484828437204033662e+02
5.586312917262546307e+00 7.586312917262546307e+00 3.336312917262546307e+00 3.336312917262546307e+00 3.588363129172625463e+02 4.433631291726254631e+01 3.200863129172625463e+02
3.416141104584676214e+02 3.538641104584676214e+02 1.311411045846762136e+01 2.011411045846762136e+01 3.473641104584676214e+02 3.523641104584676214e+02 3.416141104584676214e+02
9.364934857127479972e+00 1.864934857127479972e+00 3.593649348571274800e+02 3.543649348571274800e+02 3.473649348571274800e+02 8.649348571274799724e-01 2.668649348571274800e+02
3.364004702214981535e+01 4.064004702214981535e+01 1.439004702214981535e+01 3.521400470221498153e+02 3.478900470221498153e+02 3.518900470221498153e+02 3.586400470221498153e+02
0.000000000000000000e+00 0.000000000000000000e+00 0.000000000000000000e+00 0.000000000000000000e+00 0.000000000000000000e+00 0.000000000000000000e+00 0.000000000000000000e+00
3.594162310645654088e+02 7.166231064565408815e+00 2.066623106456540881e+01 9.162310645654088148e-01 8.666231064565408815e+00 2.841623106456540881e+01 8.116623106456540881e+01
2.515943181316060873e+02 2.470943181316060873e+02 1.315943181316060873e+02 2.310943181316060873e+02 2.453443181316060873e+02 1.988443181316060873e+02 3.480943181316060873e+02
3.436694898613452551e+02 3.474194898613452551e+02 2.669489861345255122e+00 3.569194898613452551e+02 1.669489861345255122e+00 3.579194898613452551e+02 2.166948986134525512e+01
4.900192636813358149e+00 7.900192636813358149e+00 1.315019263681335815e+01 3.865019263681335815e+01 4.215019263681335815e+01 2.944001926368133581e+02 2.539001926368133581e+02
0.000000000000000000e+00 0.000000000000000000e+00 0.000000000000000000e+00 0.000000000000000000e+00 0.000000000000000000e+00 0.000000000000000000e+00 0.000000000000000000e+00
3.422249386573182619e+02 2.224938657318261903e+00 1.372493865731826190e+01 1.097493865731826190e+01 5.474938657318261903e+00 4.224938657318261903e+00 4.474938657318261903e+00
3.491954237395240739e+02 3.484454237395240739e+02 3.584454237395240739e+02 3.281954237395240739e+02 3.464454237395240739e+02 1.044542373952407388e+01 3.551954237395240739e+02
3.280413982152561516e+02 3.327913982152561516e+02 1.354139821525615162e+01 2.304139821525615162e+01 5.379139821525615162e+01 1.957913982152561516e+02 2.310413982152561516e+02
2.361029471539984570e+01 3.110294715399845700e+00 3.441102947153998457e+02 3.536102947153998457e+02 3.546102947153998457e+02 3.568602947153998457e+02 2.110294715399845700e+00
1.964591640548201212e+01 4.145916405482012124e+00 3.538959164054820121e+02 6.814591640548201212e+01 4.964591640548201212e+01 1.013959164054820121e+02 1.028959164054820121e+02
3.519875441937529104e+01 2.294875441937529104e+01 2.844875441937529104e+01 3.394875441937529104e+01 4.948754419375291036e+00 4.487544193752910360e-01 5.448754419375291036e+00
