7.924218592459670862e-01 5.253307647108147460e-01 5.138101870575366714e-01 4.782138273512371307e-01 5.555568092661949953e-01 2.783879965953927615e-01 7.435008211085035734e-01
9.425009175053260524e-01 9.620128993950352037e-01 9.608177429935887970e-01 9.670258438769314679e-01 9.693650797601385261e-01 9.598849340700633670e-01 9.830705637131312846e-01
9.780258022579509936e-01 9.607072079145201338e-01 9.437579881104380952e-01 8.986468142715418050e-01 7.909550630230880452e-01 8.167290024083390110e-01 9.283370373335655401e-01
9.862864638884593083e-01 9.854010334321539055e-01 9.829162931655035518e-01 9.680374670388255387e-01 9.523154085689458093e-01 9.593356269561890137e-01 9.655127189965713175e-01
9.817238931744740604e-01 9.676619156705129621e-01 9.454844059453562100e-01 8.935058191577999187e-01 8.843313088188614612e-01 4.986212092425703069e-01 9.058452662518174936e-01
9.670400855465176582e-01 9.737202287967392511e-01 9.827888716450489115e-01 9.910059914235582745e-01 9.874585326061801061e-01 9.626066240730695167e-01 9.521607940529740466e-01
9.841866182740220959e-01 9.832498212361429069e-01 9.813799305034089926e-01 9.380820153112380266e-01 6.524529480540399717e-01 6.082067762533104327e-01 8.593194527617763478e-01
9.660120028291339089e-01 9.620143758593758809e-01 9.203936399155441261e-01 8.053701571860233388e-01 3.996226791130987333e-01 7.520572868081945028e-01 6.437049998973398690e-01
0.000000000000000000e+00 0.000000000000000000e+00 0.000000000000000000e+00 0.000000000000000000e+00 0.000000000000000000e+00 0.000000000000000000e+00 0.000000000000000000e+00
9.737670148576229590e-01 9.510196932207699572e-01 9.305855840468719720e-01 8.646528500564593100e-01 7.582422190590444311e-01 6.909373899241789685e-01 8.666731402748354407e-01
9.641595922564875076e-01 9.476152544551880164e-01 9.398109166162248451e-01 8.203739416341799817e-01 4.519172150882649897e-01 3.107874693468040128e-01 4.000561981257284572e-01
6.937553749178264617e-01 4.825574242514145129e-01 3.911195743319197393e-01 4.603321525883746212e-01 6.871170812248235116e-01 6.843327396224310188e-01 4.250794598892880249e-01
9.697995062189841420e-01 8.709255501897873453e-01 5.996437103495488863e-01 4.727553740242698699e-01 4.249640845096837038e-01 6.192191602241472470e-01 9.078484479262298734e-01
0.000000000000000000e+00 0.000000000000000000e+00 0.000000000000000000e+00 0.000000000000000000e+00 0.000000000000000000e+00 0.000000000000000000e+00 0.000000000000000000e+00
9.450210142700526950e-01 9.477262361963580961e-01 9.651267625526323002e-01 9.817189556062626554e-01 9.907639448332724585e-01 9.954596259593240237e-01 9.956299874437095632e-01
0.000000000000000000e+00 0.000000000000000000e+00 0.000000000000000000e+00 0.000000000000000000e+00 0.000000000000000000e+00 0.000000000000000000e+00 0.000000000000000000e+00
0.000000000000000000e+00 0.000000000000000000e+00 0.000000000000000000e+00 0.000000000000000000e+00 0.000000000000000000e+00 0.000000000000000000e+00 0.000000000000000000e+00
0.000000000000000000e+00 0.000000000000000000e+00 0.000000000000000000e+00 0.000000000000000000e+00 0.000000000000000000e+00 0.000000000000000000e+00 0.000000000000000000e+00
0.000000000000000000e+00 0.000000000000000000e+00 0.000000000000000000e+00 0.000000000000000000e+00 0.000000000000000000e+00 0.000000000000000000e+00 0.000000000000000000e+00
0.000000000000000000e+00 0.000000000000000000e+00 0.000000000000000000e+00 0.000000000000000000e+00 0.000000000000000000e+00 0.000000000000000000e+00 0.000000000000000000e+00
9.741148601542483076e-01 9.790328880101732967e-01 9.735213126649948645e-01 9.577109324670796120e-01 9.371951841227716962e-01 9.690099488660192106e-01 8.528660646090828745e-01
9.721740735782149478e-01 9.807048684288990348e-01 9.821213839720576155e-01 9.836296691129335912e-01 9.668256978181052341e-01 4.665783319504086535e-01 9.815186096312211728e-01
9.434469543909753675e-01 9.369626220512676795e-01 9.297976245314314436e-01 9.264891858149667536e-01 9.710099630880467680e-01 9.834050686224058424e-01 9.803754789604848252e-01
9.725884872488613775e-01 9.752081762669934095e-01 9.790333949783145417e-01 9.824616368808565259e-01 9.855798806391824485e-01 9.865454713326052838e-01 9.913975713458924588e-01
8.236372846633627232e-01 6.479790293804443824e-01 6.560985744555301036e-01 7.344218039069643211e-01 8.380988649102851795e-01 8.048552173893119832e-01 9.066162735466594125e-01
9.361915126770193885e-01 9.428245809386587295e-01 6.940122898105001159e-01 8.540735644021049122e-01 9.569172689476308502e-01 8.744539514126919988e-01 8.090747189817760754e-01
9.540254448851008817e-01 9.485385153282532844e-01 9.526717956083925465e-01 9.625742146312603609e-01 9.747341596880516601e-01 9.610372643373797930e-01 9.709162785532048368e-01
0.000000000000000000e+00 0.000000000000000000e+00 0.000000000000000000e+00 0.000000000000000000e+00 0.000000000000000000e+00 0.000000000000000000e+00 0.000000000000000000e+00
9.439778974877965911e-01 9.372663349395556898e-01 9.527107511707604282e-01 9.701461037240839413e-01 9.825479464991141443e-01 9.743138651531183525e-01 9.597916988583761189e-01
9.200541326554018129e-01 8.959928907904586293e-01 8.813864641812801937e-01 5.932924183660258644e-01 4.161106721601202096e-01 3.213975533746361024e-01 3.318447123572988988e-01
9.597400389229736595e-01 9.555608493952724158e-01 9.468694655016727246e-01 9.300845848093174384e-01 9.156353437374041837e-01 8.171197173413377035e-01 9.740243844798102124e-01
9.030247694120333568e-01 9.438364964946442948e-01 9.543590621230023663e-01 9.611002841763740534e-01 9.586781307415700448e-01 9.195027800063999557e-01 9.313991507393285518e-01
0.000000000000000000e+00 0.000000000000000000e+00 0.000000000000000000e+00 0.000000000000000000e+00 0.000000000000000000e+00 0.000000000000000000e+00 0.000000000000000000e+00
8.716615683648951673e-01 8.629634445664257081e-01 7.869044525989711270e-01 9.102993675780520766e-01 9.720461532406184935e-01 9.740144071645389090e-01 9.584112428883511114e-01
9.363760343737739245e-01 9.361823037214127563e-01 9.308578587330427201e-01 9.281270316039449408e-01 4.828537010780771244e-01 5.067678525873220430e-01 7.722431040961099669e-01
6.060044430256427556e-02 4.778596363230040722e-02 2.676973321545884077e-01 3.526245786262829918e-01 4.740651133938635908e-01 5.266610922582833920e-01 4.680412142191562319e-01
2.625078957128725299e-01 3.109384268948834351e-01 8.438989800609046910e-01 9.672090653472334987e-01 9.879024623818292161e-01 9.593788473904013570e-01 9.653129929461765624e-01
9.805159800636146228e-01 9.736219249672108944e-01 9.444553510139902519e-01 8.616119057872074771e-01 7.739035994187875023e-01 4.558301716377883839e-01 2.877863265774700530e-01
8.929584331277858888e-01 8.417747747286328242e-01 7.296947032414110579e-01 8.230772903522238781e-01 6.771738021614253089e-01 4.988618129887551489e-01 4.742049123246383502e-01
