6.268936828338155465e+00 3.555189368283381555e+02 3.477689368283381555e+02 1.576893682833815546e+01 1.201893682833815546e+01 3.582689368283381555e+02 1.625189368283381555e+02
5.716606420343964601e+00 1.146660642034396460e+01 1.546660642034396460e+01 7.966606420343964601e+00 1.121660642034396460e+01 1.471660642034396460e+01 3.596660642034396460e+01
3.479063910615149098e+02 3.481563910615149098e+02 3.399063910615149098e+02 1.390639106151490978e+01 3.569063910615149098e+02 3.519063910615149098e+02 3.501563910615149098e+02
9.959146527780262659e+00 1.895914652778026266e+01 3.320914652778026266e+01 2.545914652778026266e+01 3.049591465277802627e+02 2.514591465277802627e+02 3.159591465277802627e+02
1.577690966664454209e+01 2.052690966664454209e+01 2.627690966664454209e+01 2.577690966664454209e+01 1.702690966664454209e+01 3.505269096666445421e+02 3.487769096666445421e+02
1.105657625662621513e+01 3.420565762566262151e+02 3.585565762566262151e+02 3.598065762566262151e+02 3.563065762566262151e+02 1.205657625662621513e+01 5.855657625662621513e+01
5.126418149996652573e+00 1.287641814999665257e+01 3.412641814999665257e+01 4.512641814999665257e+01 2.962641814999665257e+01 3.712641814999665257e+01 2.162641814999665257e+01
3.417827728524009672e+02 1.103277285240096717e+01 3.853277285240096717e+01 2.028277285240096717e+01 2.178277285240096717e+01 7.782772852400967167e+00 5.532772852400967167e+00
0.000000000000000000e+00 0.000000000000000000e+00 0.000000000000000000e+00 0.000000000000000000e+00 0.000000000000000000e+00 0.000000000000000000e+00 0.000000000000000000e+00
1.080013971042353660e+01 3.503001397104235366e+02 3.360501397104235366e+02 7.050139710423536599e+00 3.538001397104235366e+02 3.528001397104235366e+02 3.535501397104235366e+02
1.697213637201031133e+01 4.922213637201031133e+01 3.347213637201031133e+01 2.922213637201031133e+01 3.599721363720103113e+02 2.339721363720103113e+02 3.402221363720103113e+02
2.565698020840495133e+02 2.625698020840495133e+02 2.513198020840495133e+02 3.475698020840495133e+02 3.535698020840495133e+02 1.985698020840495133e+02 1.925698020840495133e+02
6.813795984006048911e+00 2.456379598400604891e+01 4.031379598400604891e+01 3.406379598400604891e+01 2.131379598400604891e+01 7.813795984006048911e+00 8.063795984006048911e+00
0.000000000000000000e+00 0.000000000000000000e+00 0.000000000000000000e+00 0.000000000000000000e+00 0.000000000000000000e+00 0.000000000000000000e+00 0.000000000000000000e+00
2.815428805027295311e+00 3.580654288050272953e+02 3.565654288050272953e+02 3.540654288050272953e+02 3.500654288050272953e+02 3.545654288050272953e+02 6.542880502729531145e-02
0.000000000000000000e+00 0.000000000000000000e+00 0.000000000000000000e+00 0.000000000000000000e+00 0.000000000000000000e+00 0.000000000000000000e+00 0.000000000000000000e+00
0.000000000000000000e+00 0.000000000000000000e+00 0.000000000000000000e+00 0.000000000000000000e+00 0.000000000000000000e+00 0.000000000000000000e+00 0.000000000000000000e+00
0.000000000000000000e+00 0.000000000000000000e+00 0.000000000000000000e+00 0.000000000000000000e+00 0.000000000000000000e+00 0.000000000000000000e+00 0.000000000000000000e+00
0.000000000000000000e+00 0.000000000000000000e+00 0.000000000000000000e+00 0.000000000000000000e+00 0.000000000000000000e+00 0.000000000000000000e+00 0.000000000000000000e+00
0.000000000000000000e+00 0.000000000000000000e+00 0.000000000000000000e+00 0.000000000000000000e+00 0.000000000000000000e+00 0.000000000000000000e+00 0.000000000000000000e+00
7.843072563234250083e+01 4.643072563234250083e+01 3.526807256323425008e+02 3.321807256323425008e+02 2.911807256323425008e+02 2.901807256323425008e+02 2.846807256323425008e+02
3.481096701202207555e+02 3.416096701202207555e+02 3.493596701202207555e+02 3.476096701202207555e+02 1.359670120220755507e+00 4.609670120220755507e+00 9.359670120220755507e+00
5.769441712890568397e+00 1.944171289056839669e-02 3.442694417128905684e+02 3.395194417128905684e+02 3.377694417128905684e+02 3.537694417128905684e+02 1.026944171289056840e+01
1.736345214742738108e+01 5.613452147427381078e+00 1.511345214742738108e+01 1.486345214742738108e+01 3.571134521474273811e+02 3.596134521474273811e+02 3.438634521474273811e+02
9.001747045547176640e+00 3.542517470455471766e+02 3.347517470455471766e+02 3.247517470455471766e+02 3.295017470455471766e+02 3.347517470455471766e+02 3.415017470455471766e+02
1.948969314155385746e+01 1.448969314155385746e+01 5.489693141553857458e+00 3.739693141553857458e+00 3.567396931415538575e+02 3.534896931415538575e+02 3.429896931415538575e+02
6.220050190691551961e+01 4.345050190691551961e+01 2.595050190691551961e+01 8.700501906915519612e+00 1.200501906915519612e+00 3.542005019069155196e+02 3.512005019069155196e+02
0.000000000000000000e+00 0.000000000000000000e+00 0.000000000000000000e+00 0.000000000000000000e+00 0.000000000000000000e+00 0.000000000000000000e+00 0.000000000000000000e+00
3.474186120915337028e+02 3.591686120915337028e+02 9.186120915337028237e-01 3.404186120915337028e+02 3.531686120915337028e+02 3.564186120915337028e+02 3.396686120915337028e+02
3.379286492389529712e+02 2.159286492389529712e+02 1.846786492389529712e+02 1.704286492389529712e+02 2.594286492389529712e+02 2.639286492389529712e+02 3.371786492389529712e+02
3.333640175165871256e+02 3.471140175165871256e+02 4.864017516587125556e+00 3.640175165871255558e-01 3.231140175165871256e+02 7.061401751658712556e+01 3.513640175165871256e+02
3.188415483667995431e+00 2.938415483667995431e+00 5.688415483667995431e+00 5.938415483667995431e+00 1.518841548366799543e+01 1.093841548366799543e+01 3.406884154836679954e+02
0.000000000000000000e+00 0.000000000000000000e+00 0.000000000000000000e+00 0.000000000000000000e+00 0.000000000000000000e+00 0.000000000000000000e+00 0.000000000000000000e+00
2.072553543556040268e+01 3.472255354355604027e+02 3.317255354355604027e+02 3.509755354355604027e+02 1.572553543556040268e+01 1.722553543556040268e+01 9.475535435560402675e+00
3.463250035732479546e+02 3.565750035732479546e+02 1.557500357324795459e+01 1.132500357324795459e+01 1.082500357324795459e+01 3.598250035732479546e+02 3.498250035732479546e+02
3.482124597377810460e+02 3.494624597377810460e+02 1.021245973778101757e+01 6.462459737781017566e+00 3.472124597377810460e+02 3.534624597377810460e+02 1.821245973778101757e+01
6.210302065919961478e+00 3.557103020659199615e+02 1.271030206591996148e+01 1.796030206591996148e+01 8.710302065919961478e+00 3.549603020659199615e+02 3.710302065919961478e+00
1.832714655922853808e+01 3.782714655922853808e+01 1.357714655922853808e+01 3.357714655922853808e+01 2.532714655922853808e+01 1.782714655922853808e+01 2.978271465592285381e+02
3.916215078989381482e+01 7.266215078989381482e+01 5.841215078989381482e+01 1.741215078989381482e+01 3.574121507898938148e+02 3.494121507898938148e+02 1.016215078989381482e+01
