4.825168572634989061e+01 4.225168572634989061e+01 3.775168572634989061e+01 3.230016857263498764e+02 2.822516857263498764e+02 3.025016857263498764e+02 3.487516857263498764e+02
6.746425257139208043e+00 9.246425257139208043e+00 7.496425257139208043e+00 2.496425257139208043e+00 3.567464252571392080e+02 3.522464252571392080e+02 3.559964252571392080e+02
3.413082530361735962e+02 3.528082530361735962e+02 1.580825303617359623e+01 7.558253036173596229e+00 3.405582530361735962e+02 3.438082530361735962e+02 3.528082530361735962e+02
7.323547451650995299e+00 9.073547451650995299e+00 8.323547451650995299e+00 4.323547451650995299e+00 2.323547451650995299e+00 3.570735474516509953e+02 4.073547451650995299e+00
3.397483626013638514e+00 4.397483626013638514e+00 1.647483626013638514e+00 1.474836260136385135e-01 3.553974836260136385e+02 3.361474836260136385e+02 3.518974836260136385e+02
1.263192690271921492e-01 3.566263192690271921e+02 3.528763192690271921e+02 3.526263192690271921e+02 3.553763192690271921e+02 3.581263192690271921e+02 7.626319269027192149e+00
1.261620609745125421e+01 1.111620609745125421e+01 8.366206097451254209e+00 6.616206097451254209e+00 2.011620609745125421e+01 1.336620609745125421e+01 1.236620609745125421e+01
7.032952184229714021e+00 8.282952184229714021e+00 8.032952184229714021e+00 5.782952184229714021e+00 2.578295218422971402e+01 2.778295218422971402e+01 2.728295218422971402e+01
0.000000000000000000e+00 0.000000000000000000e+00 0.000000000000000000e+00 0.000000000000000000e+00 0.000000000000000000e+00 0.000000000000000000e+00 0.000000000000000000e+00
3.489472096225331370e+02 1.197209622533165430e+00 2.719720962253316543e+01 1.044720962253316543e+01 3.431972096225331370e+02 3.341972096225331370e+02 3.449472096225331370e+02
1.367789046989480539e+01 1.192789046989480539e+01 1.017789046989480539e+01 9.177890469894805392e+00 8.677890469894805392e+00 4.042789046989480539e+01 5.267789046989480539e+01
7.571479740133270298e+00 3.435714797401332703e+02 3.338214797401332703e+02 3.513214797401332703e+02 3.321479740133270298e+00 3.463214797401332703e+02 2.432147974013327030e+01
5.577748833802672834e+00 3.575777488338026728e+02 3.385777488338026728e+02 3.183277488338026728e+02 3.173277488338026728e+02 3.413277488338026728e+02 3.540777488338026728e+02
0.000000000000000000e+00 0.000000000000000000e+00 0.000000000000000000e+00 0.000000000000000000e+00 0.000000000000000000e+00 0.000000000000000000e+00 0.000000000000000000e+00
3.560790374424568654e+02 3.563290374424568654e+02 3.553290374424568654e+02 3.548290374424568654e+02 3.565790374424568654e+02 3.578290374424568654e+02 3.578290374424568654e+02
0.000000000000000000e+00 0.000000000000000000e+00 0.000000000000000000e+00 0.000000000000000000e+00 0.000000000000000000e+00 0.000000000000000000e+00 0.000000000000000000e+00
0.000000000000000000e+00 0.000000000000000000e+00 0.000000000000000000e+00 0.000000000000000000e+00 0.000000000000000000e+00 0.000000000000000000e+00 0.000000000000000000e+00
0.000000000000000000e+00 0.000000000000000000e+00 0.000000000000000000e+00 0.000000000000000000e+00 0.000000000000000000e+00 0.000000000000000000e+00 0.000000000000000000e+00
0.000000000000000000e+00 0.000000000000000000e+00 0.000000000000000000e+00 0.000000000000000000e+00 0.000000000000000000e+00 0.000000000000000000e+00 0.000000000000000000e+00
0.000000000000000000e+00 0.000000000000000000e+00 0.000000000000000000e+00 0.000000000000000000e+00 0.000000000000000000e+00 0.000000000000000000e+00 0.000000000000000000e+00
1.296484743852056454e+01 9.464847438520564538e+00 6.464847438520564538e+00 2.214847438520564538e+00 9.464847438520564538e+00 1.371484743852056454e+01 3.449648474385205645e+02
1.300147500679258883e+00 3.588001475006792589e+02 3.590501475006792589e+02 3.560501475006792589e+02 3.510501475006792589e+02 3.263001475006792589e+02 3.490501475006792589e+02
3.562490915600521930e+02 1.999091560052193017e+00 5.999091560052193017e+00 7.999091560052193017e+00 7.499091560052193017e+00 9.999091560052193017e+00 1.499091560052193017e+00
3.599780129885230622e+02 3.582280129885230622e+02 3.567280129885230622e+02 3.572280129885230622e+02 3.559780129885230622e+02 3.547280129885230622e+02 3.592280129885230622e+02
3.418145360526289096e+02 3.340645360526289096e+02 3.410645360526289096e+02 7.314536052628909601e+00 5.564536052628909601e+00 3.465645360526289096e+02 3.528145360526289096e+02
3.552602981453968596e+02 3.452602981453968596e+02 3.325102981453968596e+02 3.470102981453968596e+02 3.580102981453968596e+02 3.510102981453968596e+02 3.495102981453968596e+02
2.006656873061388069e+00 6.656873061388068891e-03 3.595066568730613881e+02 3.560066568730613881e+02 3.480066568730613881e+02 3.492566568730613881e+02 3.595066568730613881e+02
0.000000000000000000e+00 0.000000000000000000e+00 0.000000000000000000e+00 0.000000000000000000e+00 0.000000000000000000e+00 0.000000000000000000e+00 0.000000000000000000e+00
1.539706665782887285e-01 3.531539706665782887e+02 3.534039706665782887e+02 3.544039706665782887e+02 3.536539706665782887e+02 3.551539706665782887e+02 3.549039706665782887e+02
9.228992303380259443e+00 1.972899230338025944e+01 2.047899230338025944e+01 3.439789923033802665e+02 3.469789923033802665e+02 6.947899230338026655e+01 6.847899230338026655e+01
3.592691828057529619e+02 3.595191828057529619e+02 7.691828057529903617e-01 2.019182805752990362e+00 1.918280575299036173e-02 3.317691828057529619e+02 3.547691828057529619e+02
3.476731822304594175e+02 3.489231822304594175e+02 3.566731822304594175e+02 3.584231822304594175e+02 3.431731822304594175e+02 3.923182230459431707e+00 7.673182230459431707e+00
0.000000000000000000e+00 0.000000000000000000e+00 0.000000000000000000e+00 0.000000000000000000e+00 0.000000000000000000e+00 0.000000000000000000e+00 0.000000000000000000e+00
3.325949722160818283e+02 3.430949722160818283e+02 3.209497221608182826e+01 2.409497221608182826e+01 1.134497221608182826e+01 2.844972216081828265e+00 3.578449722160818283e+02
3.588043868106597074e+02 1.054386810659735829e+00 3.585543868106597074e+02 3.525543868106597074e+02 3.420543868106597074e+02 3.425543868106597074e+02 5.054386810659735829e+00
7.993132574765195386e+01 8.568132574765195386e+01 8.243132574765195386e+01 4.943132574765195386e+01 7.431325747651932545e+00 2.143132574765195386e+01 3.893132574765195386e+01
0.000000000000000000e+00 0.000000000000000000e+00 0.000000000000000000e+00 0.000000000000000000e+00 0.000000000000000000e+00 0.000000000000000000e+00 0.000000000000000000e+00
0.000000000000000000e+00 0.000000000000000000e+00 0.000000000000000000e+00 0.000000000000000000e+00 0.000000000000000000e+00 0.000000000000000000e+00 0.000000000000000000e+00
0.000000000000000000e+00 0.000000000000000000e+00 0.000000000000000000e+00 0.000000000000000000e+00 0.000000000000000000e+00 0.000000000000000000e+00 0.000000000000000000e+00
