6.848051282432459086e-01 7.146550702537054489e-01 4.474787451353984258e-01 2.657734823425710324e-01 1.389007320161655401e-01 3.505264156827410105e-01 3.821952754426874432e-01
7.633424056129719526e-01 8.055462148959018354e-01 7.864107832524555031e-01 8.937740137002048169e-01 9.351013690991695215e-01 9.693942008898461804e-01 9.782495852891169852e-01
9.705951947320210493e-01 9.709174557819006957e-01 9.482340131081672396e-01 9.248894318523124269e-01 8.850889515245855543e-01 7.821545255590797163e-01 9.607167427057439202e-01
9.676454527829019270e-01 9.731869166771568436e-01 9.773119544149805327e-01 9.764578732088781132e-01 9.766153401680698343e-01 9.235077775475787343e-01 9.211067295752753958e-01
9.608693528560803276e-01 9.686069078527214105e-01 9.661826532140693757e-01 9.532482536066099188e-01 9.427013178157579443e-01 6.303818582167809437e-01 7.593989507444647291e-01
9.145915245645674929e-01 9.680549653652780195e-01 9.868654116875072990e-01 9.905581899041165927e-01 9.836787462957969908e-01 9.531327203199755349e-01 9.201413115715977309e-01
7.869940028455176817e-01 8.246508150113215363e-01 8.364327601286458691e-01 8.396501694616559375e-01 8.370619065137012704e-01 6.385021830709203261e-01 5.551919184897331078e-02
9.078843983967747056e-01 9.301951555025841367e-01 9.350741554722403759e-01 8.965911439976732566e-01 8.808797532468666258e-01 7.036348657330828704e-01 6.908897936513666016e-01
0.000000000000000000e+00 0.000000000000000000e+00 0.000000000000000000e+00 0.000000000000000000e+00 0.000000000000000000e+00 0.000000000000000000e+00 0.000000000000000000e+00
9.725112327349829666e-01 9.681730382711467575e-01 9.388438762092461420e-01 9.187264947372679735e-01 8.517043509019850411e-01 6.950750922110343621e-01 9.256478941032746377e-01
8.878902532579647788e-01 9.040170650160864740e-01 9.293275511035227199e-01 9.342917562487582650e-01 8.144607333168213392e-01 4.244113076199108048e-01 4.629699339911640399e-01
4.853985551016522515e-01 4.982890375645512293e-01 7.058096595737904932e-01 7.619283720888193612e-01 7.667685797661271119e-01 8.546259452914625188e-01 7.414052277930810453e-01
8.824797424614204688e-01 8.921873019464305887e-01 8.910331905954982368e-01 8.571235334347625523e-01 7.231900124762904447e-01 6.967381257948394024e-01 7.525045679892070627e-01
0.000000000000000000e+00 0.000000000000000000e+00 0.000000000000000000e+00 0.000000000000000000e+00 0.000000000000000000e+00 0.000000000000000000e+00 0.000000000000000000e+00
9.500921867175488034e-01 9.698935838107730634e-01 9.840473285352213662e-01 9.916102841040875804e-01 9.912342566388016030e-01 9.772040977263003469e-01 9.373368699597585119e-01
0.000000000000000000e+00 0.000000000000000000e+00 0.000000000000000000e+00 0.000000000000000000e+00 0.000000000000000000e+00 0.000000000000000000e+00 0.000000000000000000e+00
0.000000000000000000e+00 0.000000000000000000e+00 0.000000000000000000e+00 0.000000000000000000e+00 0.000000000000000000e+00 0.000000000000000000e+00 0.000000000000000000e+00
0.000000000000000000e+00 0.000000000000000000e+00 0.000000000000000000e+00 0.000000000000000000e+00 0.000000000000000000e+00 0.000000000000000000e+00 0.000000000000000000e+00
0.000000000000000000e+00 0.000000000000000000e+00 0.000000000000000000e+00 0.000000000000000000e+00 0.000000000000000000e+00 0.000000000000000000e+00 0.000000000000000000e+00
0.000000000000000000e+00 0.000000000000000000e+00 0.000000000000000000e+00 0.000000000000000000e+00 0.000000000000000000e+00 0.000000000000000000e+00 0.000000000000000000e+00
8.517297932284518813e-01 9.106206240031455845e-01 9.212881212739311154e-01 9.369062551679686601e-01 9.648423355721124084e-01 9.577392648044532608e-01 9.273627422031966994e-01
9.288957145072795907e-01 9.713484800904991223e-01 9.746850197069706345e-01 9.524402845258786998e-01 9.393508794159006747e-01 6.034302219432017278e-01 9.111245564515135786e-01
9.494334711978302810e-01 9.477996547635558766e-01 9.281246536930465307e-01 9.270040675521535878e-01 9.569930030085828099e-01 9.683330199086803702e-01 8.646022471296028744e-01
9.655227175714083954e-01 9.642937038334907784e-01 9.691112355836754011e-01 9.767689144134146240e-01 9.821697496977894737e-01 9.387539421541104545e-01 7.071512911236325083e-01
7.594748190688158651e-01 7.616500595461416223e-01 6.075888475024281421e-01 4.939085732608373691e-01 4.503669710572396068e-01 7.737340034467050653e-01 7.477078887305632637e-01
9.195059522529057672e-01 9.244951239809030552e-01 9.171106140412038643e-01 9.434895532026796872e-01 9.613627996604139359e-01 7.385396079239189282e-01 4.544252862055062070e-01
9.470739099133843597e-01 9.636887087278896979e-01 9.742365956440512953e-01 9.700924949956191146e-01 8.950129253322003375e-01 4.380926813141021170e-01 5.503706165278053897e-01
0.000000000000000000e+00 0.000000000000000000e+00 0.000000000000000000e+00 0.000000000000000000e+00 0.000000000000000000e+00 0.000000000000000000e+00 0.000000000000000000e+00
8.859038801998289081e-01 9.401066596920827356e-01 9.760377225190732808e-01 9.794257762658529209e-01 9.334902642797632266e-01 8.879635765190995178e-01 3.035542554474084942e-01
8.757149034067542859e-01 8.629825809921284341e-01 7.480187276143542841e-01 6.247699371568098403e-01 6.232615709735918053e-01 5.163124022502724175e-01 6.089313404558084342e-01
9.425213795217417534e-01 9.583323852321921077e-01 9.662650656510690661e-01 9.569893499028538919e-01 9.130990740625183344e-01 8.283859409151351771e-01 4.314123334084622452e-01
7.134255529179007738e-01 7.649903789194810733e-01 8.353931707525605876e-01 8.905366804635603817e-01 8.687332643806016108e-01 3.304318380479414619e-01 2.429808157796911339e-01
0.000000000000000000e+00 0.000000000000000000e+00 0.000000000000000000e+00 0.000000000000000000e+00 0.000000000000000000e+00 0.000000000000000000e+00 0.000000000000000000e+00
7.120944072575162709e-01 8.491360969345086440e-01 8.500107020335341268e-01 8.635418411398200211e-01 9.123039214087834692e-01 9.550868337384749163e-01 9.424414494355949357e-01
9.652574184067093110e-01 9.735046418400580270e-01 9.716897258777569268e-01 9.553463243172560793e-01 7.403871941502629950e-01 3.560491232313931498e-01 3.413996322655814541e-01
4.227921675454732742e-01 5.863370079962658687e-01 7.105579020591969996e-01 8.055010272630360735e-01 8.772394484952495963e-01 4.463773688812895379e-01 9.522381867236358322e-02
5.915448877967076635e-01 7.937754538758556855e-01 9.279589356680567613e-01 9.732214836236343647e-01 9.874432266819238579e-01 9.635342183234451019e-01 9.668176692137099293e-01
8.223469804041901865e-01 8.431644349505323932e-01 8.461678883940899620e-01 6.039474862809879330e-01 7.394349227484880993e-01 2.539242989615028145e-01 1.716531291494571287e-01
8.875980680623339891e-01 9.055677277546071435e-01 8.103842385604356213e-01 8.311956120999897113e-01 5.540040920034828842e-01 5.589223496485326015e-01 4.295817279173125836e-01
