3.543637380735758029e+02 3.508637380735758029e+02 3.458637380735758029e+02 3.353637380735758029e+02 4.961373807357580290e+01 3.243637380735758029e+02 1.278637380735758029e+02
3.492085790218748684e+02 3.574585790218748684e+02 3.492085790218748684e+02 3.584585790218748684e+02 1.208579021874868431e+00 3.569585790218748684e+02 3.589585790218748684e+02
1.731545241157255077e+01 3.408154524115725508e+02 3.570654524115725508e+02 1.565452411572550773e+00 3.598154524115725508e+02 3.595654524115725508e+02 3.508154524115725508e+02
5.153765163607886279e+00 1.140376516360788628e+01 9.037651636078862794e-01 3.501537651636078863e+02 3.426537651636078863e+02 3.509037651636078863e+02 3.536537651636078863e+02
7.249075324077125515e-01 2.724907532407712552e+00 3.557249075324077126e+02 3.504749075324077126e+02 3.484749075324077126e+02 3.582249075324077126e+02 1.222490753240771255e+01
1.394118158245106542e+01 3.529411815824510654e+02 3.314411815824510654e+02 3.339411815824510654e+02 3.384411815824510654e+02 6.911815824510654238e-01 3.546911815824510654e+02
2.814799835889073165e+01 6.897998358890731652e+00 3.483979983588907317e+02 1.479983588907316516e-01 3.573979983588907317e+02 9.564799835889073165e+01 2.578979983588907317e+02
3.494250435058935409e+02 2.425043505893540896e+00 3.692504350589354090e+01 3.392504350589354090e+01 1.992504350589354090e+01 6.425043505893540896e+00 8.675043505893540896e+00
0.000000000000000000e+00 0.000000000000000000e+00 0.000000000000000000e+00 0.000000000000000000e+00 0.000000000000000000e+00 0.000000000000000000e+00 0.000000000000000000e+00
9.455636600134710079e+00 3.557056366001347101e+02 3.462056366001347101e+02 3.494556366001347101e+02 3.499556366001347101e+02 3.554556366001347101e+02 3.494556366001347101e+02
3.458748832581582064e+02 4.862488325815820644e+01 8.374883258158206445e+00 3.381248832581582064e+02 1.862488325815820644e+01 1.216248832581582064e+02 1.163748832581582064e+02
1.584762239290230923e+02 2.389762239290230923e+02 2.149762239290230923e+02 6.347622392902309230e+01 1.977262239290230923e+02 7.476223929023092296e+00 2.069762239290230923e+02
1.372246065824214156e+01 3.379724606582421416e+02 1.572246065824214156e+01 1.397246065824214156e+01 6.972460658242141562e+00 4.222460658242141562e+00 4.722460658242141562e+00
0.000000000000000000e+00 0.000000000000000000e+00 0.000000000000000000e+00 0.000000000000000000e+00 0.000000000000000000e+00 0.000000000000000000e+00 0.000000000000000000e+00
2.484404460638927503e+00 3.519844044606389275e+02 3.512344044606389275e+02 2.234404460638927503e+00 7.984404460638927503e+00 3.734404460638927503e+00 3.547344044606389275e+02
0.000000000000000000e+00 0.000000000000000000e+00 0.000000000000000000e+00 0.000000000000000000e+00 0.000000000000000000e+00 0.000000000000000000e+00 0.000000000000000000e+00
0.000000000000000000e+00 0.000000000000000000e+00 0.000000000000000000e+00 0.000000000000000000e+00 0.000000000000000000e+00 0.000000000000000000e+00 0.000000000000000000e+00
0.000000000000000000e+00 0.000000000000000000e+00 0.000000000000000000e+00 0.000000000000000000e+00 0.000000000000000000e+00 0.000000000000000000e+00 0.000000000000000000e+00
0.000000000000000000e+00 0.000000000000000000e+00 0.000000000000000000e+00 0.000000000000000000e+00 0.000000000000000000e+00 0.000000000000000000e+00 0.000000000000000000e+00
0.000000000000000000e+00 0.000000000000000000e+00 0.000000000000000000e+00 0.000000000000000000e+00 0.000000000000000000e+00 0.000000000000000000e+00 0.000000000000000000e+00
2.673826740164827243e+01 4.882674016482724255e-01 3.534882674016482724e+02 3.524882674016482724e+02 7.488267401648272426e+00 3.484882674016482724e+02 3.098826740164827243e+01
3.576480371394443978e+02 3.556480371394443978e+02 3.593980371394443978e+02 7.648037139444397781e+00 5.648037139444397781e+00 3.416480371394443978e+02 3.538980371394443978e+02
8.681693965604040386e+00 5.431693965604040386e+00 3.544316939656040404e+02 6.816939656040403861e-01 3.591816939656040404e+02 3.591816939656040404e+02 6.816939656040403861e-01
6.280586002499148890e+00 3.490305860024991489e+02 3.340305860024991489e+02 5.530586002499148890e+00 1.078058600249914889e+01 3.137805860024991489e+02 3.112805860024991489e+02
9.907229429662947950e+00 3.411572294296629480e+02 3.431572294296629480e+02 3.534072294296629480e+02 3.574072294296629480e+02 3.441572294296629480e+02 3.381572294296629480e+02
3.569390130546184423e+02 2.439013054618442311e+00 3.546890130546184423e+02 3.579390130546184423e+02 3.464390130546184423e+02 3.561890130546184423e+02 2.626890130546184423e+02
2.942431657011087509e+01 2.192431657011087509e+01 1.767431657011087509e+01 2.292431657011087509e+01 3.559243165701108751e+02 3.559243165701108751e+02 3.166743165701108751e+02
0.000000000000000000e+00 0.000000000000000000e+00 0.000000000000000000e+00 0.000000000000000000e+00 0.000000000000000000e+00 0.000000000000000000e+00 0.000000000000000000e+00
2.178578940990064439e+01 1.503578940990064439e+01 3.437857894099006444e+02 1.928578940990064439e+01 4.535789409900644387e+00 2.450357894099006444e+02 7.978578940990064439e+01
9.109867930242683087e+01 2.058486793024268309e+02 2.125986793024268309e+02 1.728486793024268309e+02 5.309867930242683087e+01 3.848679302426830873e+00 3.558486793024268309e+02
1.457786810645836795e+01 1.457786810645836795e+01 1.807786810645836795e+01 2.232786810645836795e+01 4.827868106458367947e+00 1.107786810645836795e+01 3.055778681064583679e+02
2.452031216777015743e+00 3.364520312167770157e+02 3.187020312167770157e+02 3.227020312167770157e+02 3.267020312167770157e+02 8.395203121677701574e+01 1.874520312167770157e+02
0.000000000000000000e+00 0.000000000000000000e+00 0.000000000000000000e+00 0.000000000000000000e+00 0.000000000000000000e+00 0.000000000000000000e+00 0.000000000000000000e+00
3.599288256499730778e+02 3.486788256499730778e+02 3.444288256499730778e+02 2.928825649973077816e+00 6.678825649973077816e+00 3.178825649973077816e+00 3.928825649973077816e+00
3.549176084214041111e+02 3.489176084214041111e+02 3.406676084214041111e+02 3.189176084214041111e+02 3.491760842140411114e+01 4.316760842140411114e+01 2.946676084214041111e+02
3.513170765869894012e+02 3.323170765869894012e+02 2.953170765869894012e+02 1.178170765869894296e+02 3.706707658698942964e+01 3.328170765869894012e+02 3.053170765869894012e+02
1.176699585355720501e+00 3.369266995853557205e+02 3.246766995853557205e+02 3.076766995853557205e+02 3.244266995853557205e+02 3.369266995853557205e+02 3.384266995853557205e+02
5.001078208469726860e+01 4.001078208469726860e+01 4.726078208469726860e+01 2.925107820846972686e+02 2.660107820846972686e+02 3.162607820846972686e+02 3.057607820846972686e+02
3.553214976511359282e+02 3.582149765113592821e+01 2.082149765113592821e+01 5.571497651135928209e+00 3.071497651135928209e+00 2.265714976511359282e+02 8.082149765113592821e+01
