8.691782849065816663e+00 1.269178284906581666e+01 2.119178284906581666e+01 1.844178284906581666e+01 6.941782849065816663e+00 1.619178284906581666e+01 2.769178284906581666e+01
3.585493712477005488e+02 3.565493712477005488e+02 6.049371247700548793e+00 1.179937124770054879e+01 1.454937124770054879e+01 1.829937124770054879e+01 4.799371247700548793e+00
3.474993966737634992e+02 3.487493966737634992e+02 1.174939667376349917e+01 8.499396673763499166e+00 3.592493966737634992e+02 3.514993966737634992e+02 3.509993966737634992e+02
2.579323228276007285e+01 3.504323228276007285e+01 3.204323228276007285e+01 5.793232282760072849e+00 1.279323228276007285e+01 3.154323228276007285e+01 1.429323228276007285e+01
2.961196578951876290e+01 3.486196578951876290e+01 3.686196578951876290e+01 9.861965789518762904e+00 2.411196578951876290e+01 2.361196578951876290e+01 1.611196578951876290e+01
3.506666229527475025e+02 1.666229527475024952e-01 7.416622952747502495e+00 1.341662295274750250e+01 2.841662295274750250e+01 2.691662295274750250e+01 7.916622952747502495e+00
1.523552164823604471e+01 1.948552164823604471e+01 2.473552164823604471e+01 1.473552164823604471e+01 8.235521648236044712e+00 2.573552164823604471e+01 2.098552164823604471e+01
2.145458084568531376e+00 1.989545808456853138e+01 2.339545808456853138e+01 1.014545808456853138e+01 2.395458084568531376e+00 2.189545808456853138e+01 1.739545808456853138e+01
0.000000000000000000e+00 0.000000000000000000e+00 0.000000000000000000e+00 0.000000000000000000e+00 0.000000000000000000e+00 0.000000000000000000e+00 0.000000000000000000e+00
6.416323286290435135e-01 8.141632328629043514e+00 1.464163232862904351e+01 5.391632328629043514e+00 3.496416323286290435e+02 3.498916323286290435e+02 3.513916323286290435e+02
1.210742067602552652e+01 3.510742067602552652e+01 3.985742067602552652e+01 3.885742067602552652e+01 2.210742067602552652e+01 5.035742067602552652e+01 8.210742067602552652e+01
1.934440999663016783e+02 1.436940999663016783e+02 1.209440999663016783e+02 1.469440999663016783e+02 1.616940999663016783e+02 3.504440999663016783e+02 1.879440999663016783e+02
2.568622458244550444e+01 2.493622458244550444e+01 2.168622458244550444e+01 2.743622458244550444e+01 1.793622458244550444e+01 2.618622458244550444e+01 1.343622458244550444e+01
0.000000000000000000e+00 0.000000000000000000e+00 0.000000000000000000e+00 0.000000000000000000e+00 0.000000000000000000e+00 0.000000000000000000e+00 0.000000000000000000e+00
3.463438062405480764e+02 3.478438062405480764e+02 3.410938062405480764e+02 3.545938062405480764e+02 3.343806240548076403e+00 1.593806240548076403e+00 6.843806240548076403e+00
0.000000000000000000e+00 0.000000000000000000e+00 0.000000000000000000e+00 0.000000000000000000e+00 0.000000000000000000e+00 0.000000000000000000e+00 0.000000000000000000e+00
0.000000000000000000e+00 0.000000000000000000e+00 0.000000000000000000e+00 0.000000000000000000e+00 0.000000000000000000e+00 0.000000000000000000e+00 0.000000000000000000e+00
0.000000000000000000e+00 0.000000000000000000e+00 0.000000000000000000e+00 0.000000000000000000e+00 0.000000000000000000e+00 0.000000000000000000e+00 0.000000000000000000e+00
0.000000000000000000e+00 0.000000000000000000e+00 0.000000000000000000e+00 0.000000000000000000e+00 0.000000000000000000e+00 0.000000000000000000e+00 0.000000000000000000e+00
0.000000000000000000e+00 0.000000000000000000e+00 0.000000000000000000e+00 0.000000000000000000e+00 0.000000000000000000e+00 0.000000000000000000e+00 0.000000000000000000e+00
1.498854095054946356e+01 2.048854095054946356e+01 5.988540950549463560e+00 3.988540950549463560e+00 4.473854095054946356e+01 1.173854095054946356e+01 7.923854095054946356e+01
3.533114841696004191e+02 3.465614841696004191e+02 3.585614841696004191e+02 5.614841696004191363e-01 3.598114841696004191e+02 1.181148416960041914e+01 1.406148416960041914e+01
3.444019090641831440e+02 3.529019090641831440e+02 3.381519090641831440e+02 3.301519090641831440e+02 3.346519090641831440e+02 3.451519090641831440e+02 3.436519090641831440e+02
3.569954364584108362e+02 3.552454364584108362e+02 3.539954364584108362e+02 3.564954364584108362e+02 3.394954364584108362e+02 3.289954364584108362e+02 3.422454364584108362e+02
1.961710048154111519e+01 5.867100481541115187e+00 3.296171004815411152e+02 3.201171004815411152e+02 3.253671004815411152e+02 3.431171004815411152e+02 3.571171004815411152e+02
1.579095960143104094e+01 3.532909596014310409e+02 3.470409596014310409e+02 3.585409596014310409e+02 2.879095960143104094e+01 8.540959601431040937e+00 2.909596014310409373e-01
4.061640670946252385e+01 2.436640670946252385e+01 2.936640670946252385e+01 5.366406709462523850e+00 3.581164067094625238e+02 3.576164067094625238e+02 3.571164067094625238e+02
0.000000000000000000e+00 0.000000000000000000e+00 0.000000000000000000e+00 0.000000000000000000e+00 0.000000000000000000e+00 0.000000000000000000e+00 0.000000000000000000e+00
3.583598850026949094e+02 3.468598850026949094e+02 3.561098850026949094e+02 8.359885002694909417e+00 1.235988500269490942e+01 3.566098850026949094e+02 1.710988500269490942e+01
1.763970176519850952e+01 2.639701765198509520e+00 5.763970176519850952e+01 1.221397017651985095e+02 2.993897017651985379e+02 2.716397017651985379e+02 2.896397017651985379e+02
3.495932466536883680e+02 3.548432466536883680e+02 2.843246653688368042e+00 3.340932466536883680e+02 3.365932466536883680e+02 3.473432466536883680e+02 3.175932466536883680e+02
4.426326629645927824e+00 1.042632662964592782e+01 9.926326629645927824e+00 7.426326629645927824e+00 3.554263266296459278e+02 3.579263266296459278e+02 5.926326629645927824e+00
0.000000000000000000e+00 0.000000000000000000e+00 0.000000000000000000e+00 0.000000000000000000e+00 0.000000000000000000e+00 0.000000000000000000e+00 0.000000000000000000e+00
3.544342397014436301e+02 3.479342397014436301e+02 3.436842397014436301e+02 3.599342397014436301e+02 2.043423970144363011e+01 1.843423970144363011e+01 1.293423970144363011e+01
3.376214102178332155e+02 3.363714102178332155e+02 3.528714102178332155e+02 7.871410217833215484e+00 1.062141021783321548e+01 1.512141021783321548e+01 5.871410217833215484e+00
3.390060542091515572e+02 3.577560542091515572e+02 2.256054209151585610e+00 1.300605420915158561e+01 3.400605420915158561e+01 1.950605420915158561e+01 1.212560542091515856e+02
1.490482067471646133e+00 3.529904820674716461e+02 2.224048206747164613e+01 2.624048206747164613e+01 8.490482067471646133e+00 3.547404820674716461e+02 3.419904820674716461e+02
3.509027610390398877e+01 3.184027610390398877e+01 1.859027610390398877e+01 3.300902761039039888e+02 3.355902761039039888e+02 3.420902761039039888e+02 8.590276103903988769e+00
4.367586335974647227e+01 3.417586335974647227e+01 2.542586335974647227e+01 1.367586335974647227e+01 1.417586335974647227e+01 3.566758633597464723e+02 1.092586335974647227e+01
