3.472030978045253513e-01 3.978398100388779168e-01 1.364090961018219472e-01 2.569530675575146597e-02 6.193021605323226902e-02 3.535396671127373769e-01 3.151821862672570251e-01
8.336060711620257857e-01 4.498811685447424158e-01 5.215256422131785419e-01 5.451722738184440198e-01 4.189256891602570199e-01 1.460763854653497895e-01 2.290476086946651169e-01
8.266612669978433692e-01 7.734703627931480696e-01 6.896303496235409725e-01 7.781825424530458557e-01 9.050040405663056786e-01 9.455817594929961656e-01 9.038095600504673088e-01
7.538651735660805153e-01 8.507623938114579065e-01 8.070095299960746704e-01 7.504074361882627775e-01 4.150823630381154095e-01 4.489506103868002307e-01 2.808007603883958536e-01
7.542007510824327854e-01 7.428532887369282411e-01 7.984290512809615326e-01 7.732014730025424942e-01 7.259364472074261165e-01 5.991233055843454558e-01 2.928997385069996851e-01
8.275536843161153122e-01 6.037438402324623032e-01 4.882738593793425896e-01 4.719002087689116443e-01 1.171798091786053764e-01 3.134353161319474168e-01 3.932304592407800392e-01
7.934270804983353242e-01 6.051189446307636555e-01 7.722469259548477849e-01 8.669997600371827096e-01 8.357427479890274791e-01 7.628669700439364432e-01 3.127725442407738310e-01
8.285425418404889220e-01 7.234455660128498167e-01 6.224409939357486987e-01 6.282319255355540699e-01 4.170272661460320274e-01 2.851437471828022208e-01 8.418998344749923923e-01
0.000000000000000000e+00 0.000000000000000000e+00 0.000000000000000000e+00 0.000000000000000000e+00 0.000000000000000000e+00 0.000000000000000000e+00 0.000000000000000000e+00
8.534804265006702417e-01 7.668952539707154514e-01 7.659351742006478281e-01 8.427802137254859494e-01 9.294387494718612253e-01 9.557597993711188789e-01 9.760126585695730883e-01
4.071966404924520222e-01 6.897521368991622603e-01 7.093563445511824606e-01 5.293782405736753294e-01 4.067868598478202036e-01 3.119520543410125302e-01 5.430031831175983204e-01
1.477910286351727387e-01 1.778249729525321898e-01 4.527730816649374601e-01 2.877512099426510761e-01 2.177741303088827907e-01 3.650891848803996531e-01 5.414937077272521382e-01
5.746250628211598821e-01 4.369173054876104301e-01 8.662623456753832940e-01 9.243561629984659023e-01 9.066546768239366338e-01 8.372502164695567739e-01 9.516395196253649713e-01
0.000000000000000000e+00 0.000000000000000000e+00 0.000000000000000000e+00 0.000000000000000000e+00 0.000000000000000000e+00 0.000000000000000000e+00 0.000000000000000000e+00
9.227554331061063042e-01 9.404616861748845702e-01 9.459296694521736049e-01 9.280630889098673286e-01 9.226026327834057073e-01 9.071821267391850796e-01 8.191261728836412015e-01
0.000000000000000000e+00 0.000000000000000000e+00 0.000000000000000000e+00 0.000000000000000000e+00 0.000000000000000000e+00 0.000000000000000000e+00 0.000000000000000000e+00
0.000000000000000000e+00 0.000000000000000000e+00 0.000000000000000000e+00 0.000000000000000000e+00 0.000000000000000000e+00 0.000000000000000000e+00 0.000000000000000000e+00
0.000000000000000000e+00 0.000000000000000000e+00 0.000000000000000000e+00 0.000000000000000000e+00 0.000000000000000000e+00 0.000000000000000000e+00 0.000000000000000000e+00
0.000000000000000000e+00 0.000000000000000000e+00 0.000000000000000000e+00 0.000000000000000000e+00 0.000000000000000000e+00 0.000000000000000000e+00 0.000000000000000000e+00
0.000000000000000000e+00 0.000000000000000000e+00 0.000000000000000000e+00 0.000000000000000000e+00 0.000000000000000000e+00 0.000000000000000000e+00 0.000000000000000000e+00
7.735141998986171386e-01 8.491908679615962630e-01 7.908195902399202115e-01 7.629499781413016102e-01 7.488163997401139360e-01 6.309078849115862253e-01 5.376086049022457125e-01
8.297117547203277654e-01 9.207397136120929471e-01 9.486617037066331637e-01 9.698545867242893692e-01 9.245964211542374578e-01 8.222947005865590686e-01 6.489981362401495701e-01
9.016972096303167428e-01 8.559538128329534645e-01 8.568452276475096996e-01 8.312943757435387049e-01 8.803315503645847695e-01 8.256921219625499297e-01 7.525042146976429480e-01
8.797777673882776206e-01 9.047326841836651479e-01 8.915418366089843394e-01 8.548503280171683150e-01 8.355640254568501568e-01 6.830123026715657630e-01 5.675527641490160091e-01
7.888610024930130526e-01 8.590034489312755595e-01 9.217789933296867133e-01 8.168877946342971708e-01 7.718550999304514271e-01 7.608060107408511907e-01 6.091471099144559753e-01
8.486212394416959848e-01 8.822666343914186138e-01 8.053099942959314195e-01 5.614756642174838497e-01 2.822011096631004134e-01 4.384867344462391459e-01 1.670206409732371000e-01
8.185783733289386799e-01 8.720970138185887288e-01 7.527254475944188394e-01 8.499427224348974352e-01 7.564071644617214041e-01 5.878930600899164860e-01 4.778672819412140838e-01
0.000000000000000000e+00 0.000000000000000000e+00 0.000000000000000000e+00 0.000000000000000000e+00 0.000000000000000000e+00 0.000000000000000000e+00 0.000000000000000000e+00
8.934094764041408121e-01 9.050124288709264775e-01 8.959370908748855999e-01 6.187457841623055232e-01 2.118452693128639874e-01 3.761322760346483274e-01 8.976222232063975348e-02
2.802730705189018789e-01 1.270168843068782694e-01 1.039564947208527906e-01 2.322208239087279746e-01 2.945119879408589769e-01 1.479542292564354211e-01 2.567079119593927428e-01
8.819781737188314708e-01 8.236401543697193794e-01 8.917029120814728982e-01 6.662277787902278758e-01 6.176542338196313597e-01 3.187705916242636883e-01 3.238199483026524272e-01
6.447576335759097610e-01 7.252631362358178402e-01 6.489721674135439100e-01 3.547062321461849077e-01 2.333179692734750066e-01 8.674563983383777599e-02 3.947732425016373115e-01
0.000000000000000000e+00 0.000000000000000000e+00 0.000000000000000000e+00 0.000000000000000000e+00 0.000000000000000000e+00 0.000000000000000000e+00 0.000000000000000000e+00
7.332036368321249720e-01 9.010950338625045575e-01 9.476003968814026290e-01 9.624414718368271560e-01 9.856462461986147394e-01 9.902226709990503695e-01 9.593932192243677104e-01
9.146780136267623762e-01 9.219364017815010470e-01 8.361032095306283329e-01 4.895861179153929710e-01 2.346325108777385093e-01 3.715548189154536107e-01 1.941629181055603559e-01
4.870788597746432691e-01 3.458337517705924458e-01 2.333156173532834055e-01 3.437870367299457608e-01 5.394351981682657948e-01 1.218081556229525519e-01 1.830878789395351258e-01
7.085417701405439805e-01 6.413838449692284005e-01 2.514074481155348928e-01 4.570175026192533907e-01 7.089222634088613306e-01 6.554865947497831025e-01 7.667857813415328572e-01
8.288826690370540984e-01 7.132415697511073072e-01 6.830150864505791786e-01 3.761803918964240490e-01 1.766991154586979307e-01 2.196187878355201628e-01 3.748372067397817142e-01
2.167084192314261137e-01 1.625238212123373271e-01 4.282645186441528251e-01 5.173107823965951146e-01 3.680882463518442282e-01 3.044844157880987057e-01 2.948190195853049311e-01
