3.594734973954782049e+02 3.723497395478219119e+00 1.222349739547821912e+01 3.797349739547821912e+01 4.847349739547821912e+01 2.647349739547821912e+01 5.147349739547821912e+01
4.625904772002968457e+00 1.875904772002968457e+00 3.496259047720029685e+02 3.218759047720029685e+02 3.323759047720029685e+02 3.563759047720029685e+02 3.591259047720029685e+02
3.571540050687502799e+02 3.581540050687502799e+02 3.576540050687502799e+02 3.484040050687502799e+02 3.319040050687502799e+02 3.539040050687502799e+02 1.665400506875025144e+01
1.413500350381798398e+01 9.385003503817983983e+00 4.635003503817983983e+00 2.135003503817983983e+00 1.385003503817983983e+00 3.486350035038179840e+02 3.546350035038179840e+02
1.095622825540351641e+01 6.456228255403516414e+00 2.956228255403516414e+00 1.956228255403516414e+00 5.206228255403516414e+00 3.327062282554035164e+02 3.357062282554035164e+02
3.593463915902764256e+02 1.346391590276425632e+00 3.346391590276425632e+00 1.846391590276425632e+00 3.573463915902764256e+02 3.555963915902764256e+02 1.284639159027642563e+01
1.564615485062381595e+01 1.814615485062381595e+01 2.239615485062381595e+01 2.264615485062381595e+01 2.664615485062381595e+01 2.939615485062381595e+01 1.146154850623815946e+00
1.712468585560139900e+01 1.662468585560139900e+01 1.737468585560139900e+01 2.037468585560139900e+01 2.662468585560139900e+01 2.887468585560139900e+01 3.787468585560139900e+01
0.000000000000000000e+00 0.000000000000000000e+00 0.000000000000000000e+00 0.000000000000000000e+00 0.000000000000000000e+00 0.000000000000000000e+00 0.000000000000000000e+00
3.547927681443129586e+02 3.560427681443129586e+02 3.572927681443129586e+02 3.512927681443129586e+02 3.362927681443129586e+02 3.420427681443129586e+02 1.779276814431298703e+01
2.364436308018690625e+01 2.739436308018690625e+01 3.039436308018690625e+01 3.089436308018690625e+01 3.139436308018690625e+01 5.039436308018690625e+01 5.664436308018690625e+01
2.945186611553123157e+01 3.870186611553123157e+01 5.720186611553123157e+01 5.145186611553123157e+01 3.995186611553123157e+01 2.245186611553123157e+01 3.424518661155312316e+02
2.143880925560614514e+01 1.968880925560614514e+01 4.438809255606145143e+00 3.271888092556061451e+02 3.304388092556061451e+02 3.441888092556061451e+02 3.499388092556061451e+02
0.000000000000000000e+00 0.000000000000000000e+00 0.000000000000000000e+00 0.000000000000000000e+00 0.000000000000000000e+00 0.000000000000000000e+00 0.000000000000000000e+00
3.508590286703425818e+02 3.513590286703425818e+02 3.521090286703425818e+02 3.521090286703425818e+02 3.538590286703425818e+02 3.566090286703425818e+02 3.576090286703425818e+02
0.000000000000000000e+00 0.000000000000000000e+00 0.000000000000000000e+00 0.000000000000000000e+00 0.000000000000000000e+00 0.000000000000000000e+00 0.000000000000000000e+00
0.000000000000000000e+00 0.000000000000000000e+00 0.000000000000000000e+00 0.000000000000000000e+00 0.000000000000000000e+00 0.000000000000000000e+00 0.000000000000000000e+00
0.000000000000000000e+00 0.000000000000000000e+00 0.000000000000000000e+00 0.000000000000000000e+00 0.000000000000000000e+00 0.000000000000000000e+00 0.000000000000000000e+00
0.000000000000000000e+00 0.000000000000000000e+00 0.000000000000000000e+00 0.000000000000000000e+00 0.000000000000000000e+00 0.000000000000000000e+00 0.000000000000000000e+00
0.000000000000000000e+00 0.000000000000000000e+00 0.000000000000000000e+00 0.000000000000000000e+00 0.000000000000000000e+00 0.000000000000000000e+00 0.000000000000000000e+00
1.879137640117778574e+01 2.529137640117778574e+01 3.404137640117778574e+01 1.804137640117778574e+01 9.791376401177785738e+00 3.054137640117778574e+01 3.791376401177785738e+00
5.559968825287739946e+00 5.809968825287739946e+00 3.559968825287739946e+00 3.533099688252877399e+02 3.558099688252877399e+02 3.415599688252877399e+02 3.380599688252877399e+02
0.000000000000000000e+00 0.000000000000000000e+00 0.000000000000000000e+00 0.000000000000000000e+00 0.000000000000000000e+00 0.000000000000000000e+00 0.000000000000000000e+00
0.000000000000000000e+00 0.000000000000000000e+00 0.000000000000000000e+00 0.000000000000000000e+00 0.000000000000000000e+00 0.000000000000000000e+00 0.000000000000000000e+00
0.000000000000000000e+00 0.000000000000000000e+00 0.000000000000000000e+00 0.000000000000000000e+00 0.000000000000000000e+00 0.000000000000000000e+00 0.000000000000000000e+00
0.000000000000000000e+00 0.000000000000000000e+00 0.000000000000000000e+00 0.000000000000000000e+00 0.000000000000000000e+00 0.000000000000000000e+00 0.000000000000000000e+00
0.000000000000000000e+00 0.000000000000000000e+00 0.000000000000000000e+00 0.000000000000000000e+00 0.000000000000000000e+00 0.000000000000000000e+00 0.000000000000000000e+00
0.000000000000000000e+00 0.000000000000000000e+00 0.000000000000000000e+00 0.000000000000000000e+00 0.000000000000000000e+00 0.000000000000000000e+00 0.000000000000000000e+00
0.000000000000000000e+00 0.000000000000000000e+00 0.000000000000000000e+00 0.000000000000000000e+00 0.000000000000000000e+00 0.000000000000000000e+00 0.000000000000000000e+00
0.000000000000000000e+00 0.000000000000000000e+00 0.000000000000000000e+00 0.000000000000000000e+00 0.000000000000000000e+00 0.000000000000000000e+00 0.000000000000000000e+00
0.000000000000000000e+00 0.000000000000000000e+00 0.000000000000000000e+00 0.000000000000000000e+00 0.000000000000000000e+00 0.000000000000000000e+00 0.000000000000000000e+00
0.000000000000000000e+00 0.000000000000000000e+00 0.000000000000000000e+00 0.000000000000000000e+00 0.000000000000000000e+00 0.000000000000000000e+00 0.000000000000000000e+00
0.000000000000000000e+00 0.000000000000000000e+00 0.000000000000000000e+00 0.000000000000000000e+00 0.000000000000000000e+00 0.000000000000000000e+00 0.000000000000000000e+00
0.000000000000000000e+00 0.000000000000000000e+00 0.000000000000000000e+00 0.000000000000000000e+00 0.000000000000000000e+00 0.000000000000000000e+00 0.000000000000000000e+00
0.000000000000000000e+00 0.000000000000000000e+00 0.000000000000000000e+00 0.000000000000000000e+00 0.000000000000000000e+00 0.000000000000000000e+00 0.000000000000000000e+00
0.000000000000000000e+00 0.000000000000000000e+00 0.000000000000000000e+00 0.000000000000000000e+00 0.000000000000000000e+00 0.000000000000000000e+00 0.000000000000000000e+00
0.000000000000000000e+00 0.000000000000000000e+00 0.000000000000000000e+00 0.000000000000000000e+00 0.000000000000000000e+00 0.000000000000000000e+00 0.000000000000000000e+00
0.000000000000000000e+00 0.000000000000000000e+00 0.000000000000000000e+00 0.000000000000000000e+00 0.000000000000000000e+00 0.000000000000000000e+00 0.000000000000000000e+00
0.000000000000000000e+00 0.000000000000000000e+00 0.000000000000000000e+00 0.000000000000000000e+00 0.000000000000000000e+00 0.000000000000000000e+00 0.000000000000000000e+00
0.000000000000000000e+00 0.000000000000000000e+00 0.000000000000000000e+00 0.000000000000000000e+00 0.000000000000000000e+00 0.000000000000000000e+00 0.000000000000000000e+00
0.000000000000000000e+00 0.000000000000000000e+00 0.000000000000000000e+00 0.000000000000000000e+00 0.000000000000000000e+00 0.000000000000000000e+00 0.000000000000000000e+00
0.000000000000000000e+00 0.000000000000000000e+00 0.000000000000000000e+00 0.000000000000000000e+00 0.000000000000000000e+00 0.000000000000000000e+00 0.000000000000000000e+00
0.000000000000000000e+00 0.000000000000000000e+00 0.000000000000000000e+00 0.000000000000000000e+00 0.000000000000000000e+00 0.000000000000000000e+00 0.000000000000000000e+00
0.000000000000000000e+00 0.000000000000000000e+00 0.000000000000000000e+00 0.000000000000000000e+00 0.000000000000000000e+00 0.000000000000000000e+00 0.000000000000000000e+00
8.354594630187278881e+00 3.591045946301873073e+02 3.546045946301873073e+02 3.566045946301873073e+02 3.531045946301873073e+02 3.581045946301873073e+02 2.604594630187278881e+00
3.444586472059364155e+02 3.224586472059364155e+02 3.137086472059364155e+02 3.589586472059364155e+02 6.545864720593641550e+01 2.745864720593641550e+01 3.069586472059364155e+02
6.546948904033058625e+00 7.546948904033058625e+00 5.796948904033058625e+00 2.296948904033058625e+00 3.590469489040330586e+02 3.590469489040330586e+02 2.046948904033058625e+00
0.000000000000000000e+00 0.000000000000000000e+00 0.000000000000000000e+00 0.000000000000000000e+00 0.000000000000000000e+00 0.000000000000000000e+00 0.000000000000000000e+00
0.000000000000000000e+00 0.000000000000000000e+00 0.000000000000000000e+00 0.000000000000000000e+00 0.000000000000000000e+00 0.000000000000000000e+00 0.000000000000000000e+00
1.531366520978764356e+01 1.806366520978764356e+01 3.006366520978764356e+01 4.631366520978764356e+01 1.756366520978764356e+01 3.781366520978764356e+01 5.106366520978764356e+01
1.549348379600189674e+01 1.249348379600189674e+01 7.743483796001896735e+00 4.743483796001896735e+00 3.599934837960018967e+02 3.557434837960018967e+02 3.527434837960018967e+02
3.341914630674431805e+02 1.191463067443180535e+00 1.769146306744318053e+01 2.219146306744318053e+01 1.119146306744318053e+01 1.169146306744318053e+01 1.219146306744318053e+01
0.000000000000000000e+00 0.000000000000000000e+00 0.000000000000000000e+00 0.000000000000000000e+00 0.000000000000000000e+00 0.000000000000000000e+00 0.000000000000000000e+00
3.406007050511018406e+02 3.411007050511018406e+02 3.451007050511018406e+02 2.385070505110184058e+01 2.235070505110184058e+01 1.600705051101840581e+00 9.350705051101840581e+00
3.439056501930391505e+02 3.539056501930391505e+02 4.056501930391220867e-01 3.524056501930391505e+02 3.386556501930391505e+02 4.905650193039122087e+00 1.440565019303912209e+01
0.000000000000000000e+00 0.000000000000000000e+00 0.000000000000000000e+00 0.000000000000000000e+00 0.000000000000000000e+00 0.000000000000000000e+00 0.000000000000000000e+00
0.000000000000000000e+00 0.000000000000000000e+00 0.000000000000000000e+00 0.000000000000000000e+00 0.000000000000000000e+00 0.000000000000000000e+00 0.000000000000000000e+00
0.000000000000000000e+00 0.000000000000000000e+00 0.000000000000000000e+00 0.000000000000000000e+00 0.000000000000000000e+00 0.000000000000000000e+00 0.000000000000000000e+00
0.000000000000000000e+00 0.000000000000000000e+00 0.000000000000000000e+00 0.000000000000000000e+00 0.000000000000000000e+00 0.000000000000000000e+00 0.000000000000000000e+00
1.943614758534073417e+01 1.943614758534073417e+01 1.518614758534073417e+01 1.243614758534073417e+01 5.186147585340734167e+00 3.418614758534073417e+01 2.018614758534073417e+01
5.686853664618553239e+00 3.686853664618553239e+00 2.436853664618553239e+00 2.686853664618553239e+00 5.686853664618553239e+00 6.436853664618553239e+00 3.466868536646185248e+02
7.181921787587100425e+00 4.931921787587100425e+00 1.819217875871004253e-01 3.514319217875871004e+02 3.521819217875871004e+02 1.193192178758710043e+01 4.681921787587100425e+00
3.504806368302673718e+02 3.522306368302673718e+02 3.512306368302673718e+02 3.574806368302673718e+02 3.527306368302673718e+02 3.539806368302673718e+02 3.730636830267400228e+00
0.000000000000000000e+00 0.000000000000000000e+00 0.000000000000000000e+00 0.000000000000000000e+00 0.000000000000000000e+00 0.000000000000000000e+00 0.000000000000000000e+00
3.596780885437381130e+02 3.421780885437381130e+02 3.506780885437381130e+02 9.280885437381130032e-01 4.428088543738113003e+00 3.404280885437381130e+02 3.444280885437381130e+02
0.000000000000000000e+00 0.000000000000000000e+00 0.000000000000000000e+00 0.000000000000000000e+00 0.000000000000000000e+00 0.000000000000000000e+00 0.000000000000000000e+00
1.207329293157778238e+01 8.073292931577782383e+00 5.323292931577782383e+00 4.573292931577782383e+00 5.073292931577782383e+00 4.823292931577782383e+00 3.595732929315777824e+02
1.696537432604037576e+01 2.096537432604037576e+01 2.996537432604037576e+01 3.796537432604037576e+01 5.046537432604037576e+01 2.896537432604037576e+01 1.071537432604037576e+01
