9.706056355638800204e-01 9.797910817735457911e-01 9.295317930447165589e-01 8.586996438896342676e-01 6.945005375707579143e-01 7.546972855380400524e-01 7.598048611987732182e-01
7.636971136198607013e-01 8.521253366550594066e-01 8.518045122470311314e-01 8.792460728222397659e-01 8.344567140660188453e-01 4.866154766995014480e-01 6.624643768421545342e-01
0.000000000000000000e+00 0.000000000000000000e+00 0.000000000000000000e+00 0.000000000000000000e+00 0.000000000000000000e+00 0.000000000000000000e+00 0.000000000000000000e+00
0.000000000000000000e+00 0.000000000000000000e+00 0.000000000000000000e+00 0.000000000000000000e+00 0.000000000000000000e+00 0.000000000000000000e+00 0.000000000000000000e+00
6.209548592372688969e-01 6.929385666676058930e-01 6.767509367324292535e-01 7.061206064150186146e-01 6.862661271597548795e-01 7.533507622839921147e-01 8.548798805243034149e-01
0.000000000000000000e+00 0.000000000000000000e+00 0.000000000000000000e+00 0.000000000000000000e+00 0.000000000000000000e+00 0.000000000000000000e+00 0.000000000000000000e+00
8.208568546403238742e-01 7.897688784699510300e-01 6.748768645842994074e-01 5.585966182061995466e-01 4.100037794369392752e-01 4.825704716253352844e-01 4.723083564689457559e-01
8.254105462903772450e-01 6.545071389499855785e-01 7.521041535674666267e-01 7.083510010640390320e-01 5.841778394555485754e-01 5.778519773619434918e-01 4.489126541893647127e-01
0.000000000000000000e+00 0.000000000000000000e+00 0.000000000000000000e+00 0.000000000000000000e+00 0.000000000000000000e+00 0.000000000000000000e+00 0.000000000000000000e+00
0.000000000000000000e+00 0.000000000000000000e+00 0.000000000000000000e+00 0.000000000000000000e+00 0.000000000000000000e+00 0.000000000000000000e+00 0.000000000000000000e+00
6.854273884012802576e-01 6.097915338859866141e-01 7.023798774451185389e-01 5.794497015341819601e-01 7.475593702166012378e-01 7.324145953123925024e-01 4.092316685447363045e-01
7.433883073519409468e-01 4.994322951070209737e-01 5.975419276129515511e-01 3.049765207841441672e-01 8.157142156479062489e-01 9.242448123121149717e-01 9.623942094911489553e-01
3.150895998289338640e-01 4.828452264655612725e-01 6.803638832612546317e-01 6.145193413520493309e-01 7.579333119938926888e-01 8.802803406344861248e-01 8.879734658676946557e-01
8.746192308125002590e-01 9.507214124742405792e-01 9.609426704828980537e-01 9.718617987220065091e-01 9.772366532476181034e-01 9.639876044541197952e-01 9.608014728949707539e-01
6.915854058667981752e-01 8.508215164670039909e-01 8.946824203503036532e-01 9.173827822445753677e-01 9.322456825159566307e-01 9.141339066994751406e-01 9.411694706398359145e-01
0.000000000000000000e+00 0.000000000000000000e+00 0.000000000000000000e+00 0.000000000000000000e+00 0.000000000000000000e+00 0.000000000000000000e+00 0.000000000000000000e+00
0.000000000000000000e+00 0.000000000000000000e+00 0.000000000000000000e+00 0.000000000000000000e+00 0.000000000000000000e+00 0.000000000000000000e+00 0.000000000000000000e+00
6.554501368870501166e-01 7.505284529166810215e-01 7.030216567372111758e-01 6.162875866334633912e-01 5.688588413762203366e-01 8.143840723237895096e-01 9.380501963283505162e-01
8.797165035289219448e-01 7.974057887056950067e-01 8.679783300931250833e-01 8.876277384896147371e-01 7.370900909705857540e-01 5.126781658147981924e-01 4.960957994562965601e-01
0.000000000000000000e+00 0.000000000000000000e+00 0.000000000000000000e+00 0.000000000000000000e+00 0.000000000000000000e+00 0.000000000000000000e+00 0.000000000000000000e+00
0.000000000000000000e+00 0.000000000000000000e+00 0.000000000000000000e+00 0.000000000000000000e+00 0.000000000000000000e+00 0.000000000000000000e+00 0.000000000000000000e+00
3.529684175842407456e-01 2.973851200796711058e-01 5.160902592441161119e-01 6.295322552327871080e-01 5.839447323686913771e-01 4.068929602666798706e-01 4.448763039820797793e-01
8.440631503907525257e-01 8.721993877912823656e-01 8.352641022815256999e-01 7.331622036852708524e-01 7.864013051480759353e-01 6.009416994209415552e-01 5.084277923853945946e-01
0.000000000000000000e+00 0.000000000000000000e+00 0.000000000000000000e+00 0.000000000000000000e+00 0.000000000000000000e+00 0.000000000000000000e+00 0.000000000000000000e+00
6.086878781633792146e-01 7.162607626174146702e-01 6.725352437967919705e-01 5.536171128828206722e-01 3.776794028056784658e-01 3.199985591530201123e-01 8.117151234829139694e-01
7.842397150375319814e-01 7.500952625248624717e-01 8.619431399765246082e-01 7.692196351530756759e-01 4.811681010980047302e-01 7.219717919341051005e-01 6.495427986760248240e-01
0.000000000000000000e+00 0.000000000000000000e+00 0.000000000000000000e+00 0.000000000000000000e+00 0.000000000000000000e+00 0.000000000000000000e+00 0.000000000000000000e+00
0.000000000000000000e+00 0.000000000000000000e+00 0.000000000000000000e+00 0.000000000000000000e+00 0.000000000000000000e+00 0.000000000000000000e+00 0.000000000000000000e+00
8.086746721767233970e-01 8.155836159947704722e-01 7.980418519961814949e-01 9.105103292433134321e-01 9.501265894578820870e-01 9.069985864506888706e-01 8.303511019702727314e-01
6.064640289935629980e-01 7.652860260353454569e-01 8.327620275851915776e-01 8.522115546141546538e-01 8.955930801091317450e-01 9.052052497547551368e-01 9.586573617979730066e-01
0.000000000000000000e+00 0.000000000000000000e+00 0.000000000000000000e+00 0.000000000000000000e+00 0.000000000000000000e+00 0.000000000000000000e+00 0.000000000000000000e+00
7.045557840599526722e-01 6.956544933446665580e-01 8.524651486529851718e-01 9.461907170611729700e-01 9.477206762217159630e-01 9.046270304706901522e-01 9.517839267677358217e-01
0.000000000000000000e+00 0.000000000000000000e+00 0.000000000000000000e+00 0.000000000000000000e+00 0.000000000000000000e+00 0.000000000000000000e+00 0.000000000000000000e+00
7.387593019745504197e-01 8.686225994807519335e-01 9.333119581718202218e-01 8.901898041814572116e-01 8.762866065549262951e-01 8.054330265440836634e-01 3.309148960228506797e-01
6.804189043212212074e-01 6.546431810754446134e-01 7.408423305001683445e-01 8.977310340916776488e-01 9.524356845138404193e-01 9.550297642204195192e-01 9.662367528795040572e-01
7.923065928044320527e-01 8.330553918965393212e-01 8.119748242089495083e-01 8.491598387335989040e-01 7.788108343803570310e-01 5.743911464812204715e-01 6.383847158661318799e-01
9.646443043875310153e-01 9.750135798054829772e-01 9.196471902566851764e-01 9.245273453822377974e-01 9.026020977085856822e-01 7.081235862990833407e-01 3.413388700272484977e-01
9.251288073446473081e-01 9.528655167212415344e-01 8.958591875458742360e-01 8.516255796088769703e-01 7.879182741502576137e-01 7.013589698680338103e-01 7.890058991365672680e-01
4.548137156679546433e-01 5.900407730852377242e-01 5.661898258890086799e-01 6.582185901632221503e-01 8.416802599800181639e-01 8.907153140616964615e-01 7.858665686975218057e-01
0.000000000000000000e+00 0.000000000000000000e+00 0.000000000000000000e+00 0.000000000000000000e+00 0.000000000000000000e+00 0.000000000000000000e+00 0.000000000000000000e+00
7.797412372246681489e-01 8.324077394084757886e-01 8.850791532158458486e-01 7.973203742842861486e-01 8.151833871268353571e-01 6.813723820415860111e-01 5.777486135230939235e-01
0.000000000000000000e+00 0.000000000000000000e+00 0.000000000000000000e+00 0.000000000000000000e+00 0.000000000000000000e+00 0.000000000000000000e+00 0.000000000000000000e+00
0.000000000000000000e+00 0.000000000000000000e+00 0.000000000000000000e+00 0.000000000000000000e+00 0.000000000000000000e+00 0.000000000000000000e+00 0.000000000000000000e+00
4.554551667371679602e-01 7.013339451713741513e-01 6.332558817918223504e-01 3.417376954536855971e-01 4.956479540460840272e-01 8.486494816589729151e-01 9.110261901749698854e-01
8.273325874762695875e-01 7.339944205770259078e-01 7.485010288847299131e-01 5.932047638034395609e-01 6.694363951314177275e-01 8.801116684970532456e-01 9.653115497000936962e-01
5.975975003883727821e-01 7.342995903460943774e-01 8.994513151064249534e-01 7.770370479811781195e-01 9.392356669787066403e-01 9.839644460876716403e-01 9.793456203601457188e-01
5.377430958879333422e-01 5.521887130966042223e-01 4.455286061334918779e-01 4.805658696588579470e-01 3.821071289098352253e-01 6.069477546780174260e-01 8.325979533365122087e-01
2.337231803719235501e-01 3.744156963852598441e-01 2.535054976444154340e-01 6.982841326254861369e-02 3.811081135379321694e-01 2.365516305848269774e-01 3.741841715413432023e-01
4.730371862349270762e-01 5.827440458187685968e-01 7.371076488766464818e-01 8.358725441864498507e-01 7.535552983780324787e-01 5.873322618688466834e-01 4.643200406865215513e-01
0.000000000000000000e+00 0.000000000000000000e+00 0.000000000000000000e+00 0.000000000000000000e+00 0.000000000000000000e+00 0.000000000000000000e+00 0.000000000000000000e+00
8.655975704775695778e-01 9.129301823515866277e-01 9.112459436231473697e-01 9.772446002589711966e-01 9.767800355034732540e-01 9.592766178894891471e-01 9.586974660538437609e-01
8.974655059964898873e-01 9.148716415524000833e-01 9.200832224912058876e-01 9.476199641737039769e-01 9.019339704246075451e-01 8.438299140536923426e-01 8.712626441923594367e-01
6.848859485553727700e-01 7.089529277109027916e-01 7.223252531262781551e-01 8.194444648251988372e-01 9.125824961519914957e-01 9.000519198099077300e-01 9.132398876048604119e-01
8.949897688317413058e-01 9.237201843427845782e-01 9.158390089925386723e-01 9.083816307500887088e-01 8.631240589194546509e-01 9.045018303043954599e-01 8.625713052319589069e-01
7.157381826532512870e-01 7.911468095381281040e-01 8.536924701045898178e-01 8.391810192078914543e-01 7.995405570757820879e-01 4.749387317873285386e-01 4.788330473284767574e-01
6.104665641212173588e-01 8.633311049162982753e-01 8.108758367611974549e-01 8.175507135123925018e-01 8.689907050031087099e-01 7.852300591580045896e-01 6.114325637176796224e-01
7.090623935098002706e-01 9.083790722722350219e-01 9.461233526690432383e-01 9.277972076592860828e-01 9.398653342828023893e-01 9.441068649583916894e-01 9.772224169714242015e-01
7.002397625868682640e-01 9.080598344537607058e-01 9.458826796813266657e-01 9.286374861448740692e-01 9.389704707547559259e-01 9.441714003638373987e-01 9.776011727234868998e-01
0.000000000000000000e+00 0.000000000000000000e+00 0.000000000000000000e+00 0.000000000000000000e+00 0.000000000000000000e+00 0.000000000000000000e+00 0.000000000000000000e+00
9.111165885581922197e-01 8.952187431879532475e-01 9.140992949111717003e-01 8.589031737594587934e-01 7.353555334295525103e-01 7.352450863551632798e-01 7.022183737927065739e-01
0.000000000000000000e+00 0.000000000000000000e+00 0.000000000000000000e+00 0.000000000000000000e+00 0.000000000000000000e+00 0.000000000000000000e+00 0.000000000000000000e+00
6.238977968881285197e-01 7.444735788842860025e-01 8.545467746134722820e-01 8.841462052255453230e-01 9.386786322913628355e-01 9.474366123030428799e-01 9.523496879059845099e-01
0.000000000000000000e+00 0.000000000000000000e+00 0.000000000000000000e+00 0.000000000000000000e+00 0.000000000000000000e+00 0.000000000000000000e+00 0.000000000000000000e+00
5.703073711355929332e-01 7.636512431689849167e-01 5.653013390771839397e-01 5.302492241923467686e-01 5.308918814538381437e-01 6.530635591140451224e-01 3.026198070919854377e-01
0.000000000000000000e+00 0.000000000000000000e+00 0.000000000000000000e+00 0.000000000000000000e+00 0.000000000000000000e+00 0.000000000000000000e+00 0.000000000000000000e+00
0.000000000000000000e+00 0.000000000000000000e+00 0.000000000000000000e+00 0.000000000000000000e+00 0.000000000000000000e+00 0.000000000000000000e+00 0.000000000000000000e+00
4.169840441992281321e-01 4.644511817985215174e-01 8.317740052654534200e-01 7.921630191329323001e-01 7.752236095917649505e-01 4.914957400242071506e-01 2.074992557275177618e-01
3.954941842370015004e-01 5.292847688373943926e-01 6.026807549849070300e-01 5.907049271143072211e-01 3.566878612337234244e-01 5.407270471187815009e-01 5.699090351853900449e-01
8.998503867777788434e-01 7.870704718465465488e-01 7.292390784495416112e-01 7.988116074354314478e-01 8.086131296228975529e-01 5.401393235344139621e-01 3.385711827205507563e-01
0.000000000000000000e+00 0.000000000000000000e+00 0.000000000000000000e+00 0.000000000000000000e+00 0.000000000000000000e+00 0.000000000000000000e+00 0.000000000000000000e+00
7.500920401175535934e-01 7.454238223084843629e-01 7.350651369043201822e-01 7.004827297548703591e-01 7.885100535987646930e-01 7.371700779914910351e-01 6.972979889959651789e-01
0.000000000000000000e+00 0.000000000000000000e+00 0.000000000000000000e+00 0.000000000000000000e+00 0.000000000000000000e+00 0.000000000000000000e+00 0.000000000000000000e+00
0.000000000000000000e+00 0.000000000000000000e+00 0.000000000000000000e+00 0.000000000000000000e+00 0.000000000000000000e+00 0.000000000000000000e+00 0.000000000000000000e+00
5.147860776567073637e-01 3.196714402849554215e-01 3.317102352983745672e-01 3.690033817395981242e-01 2.254810395829435210e-01 4.204887421706724471e-01 5.387083630173786775e-01
0.000000000000000000e+00 0.000000000000000000e+00 0.000000000000000000e+00 0.000000000000000000e+00 0.000000000000000000e+00 0.000000000000000000e+00 0.000000000000000000e+00
7.165700657575344579e-01 8.044437319597512737e-01 9.633257018810196248e-01 9.416483430628160844e-01 9.134659176827151228e-01 8.468200977430884180e-01 6.706264605920172484e-01
2.968825107733451540e-01 2.750254094092674517e-01 4.361251356478011432e-01 4.549391372865236316e-01 2.994067036866381870e-01 4.302296147443769314e-01 6.413474467084421260e-01
3.477184379956525517e-01 2.149327878742086362e-01 3.308889107199288193e-01 2.041398784426203261e-01 2.028104334686144095e-01 4.153875785434194001e-01 3.880628622425481011e-01
8.623304505511384388e-01 8.209203824423542128e-01 8.508361698795178230e-01 9.071707338589309888e-01 8.005086990778609302e-01 3.994774126733277031e-01 2.046670109226985390e-01
6.839498053418165968e-01 6.715023374242058418e-01 7.214453908051799980e-01 7.830442507136571306e-01 7.489615432377215720e-01 6.564406487121238198e-01 7.099318163642640567e-01
0.000000000000000000e+00 0.000000000000000000e+00 0.000000000000000000e+00 0.000000000000000000e+00 0.000000000000000000e+00 0.000000000000000000e+00 0.000000000000000000e+00
6.875673639395128989e-01 8.652621157274509311e-01 9.179945316612646566e-01 9.789260211702421888e-01 9.765639821859493086e-01 9.798173858008613069e-01 9.890013089287781334e-01
4.165563100914278505e-01 7.110782825518816574e-01 8.780716806849694356e-01 8.277428635013083236e-01 6.033726872569955546e-01 5.480182995866466067e-01 4.969339098103950914e-01
5.518340455402495071e-01 6.477244994698596603e-01 7.660983091796496058e-01 2.646587662157801613e-01 5.540371956018877997e-01 6.353455971117775158e-01 4.713291441568009388e-01
5.326477993091548457e-01 6.636066422678505994e-01 6.580240072025087539e-01 3.647434214794313401e-01 8.940744132444698733e-02 1.644952834338746228e-01 7.357141804818534414e-01
6.842418728616513901e-01 8.261632961711397050e-01 8.863210292979230021e-01 7.836009542461049859e-01 3.749526821258736264e-01 1.973977791014012162e-01 2.280619048006835847e-01
6.841885000538776573e-01 8.256183105511988307e-01 8.831208919398568780e-01 7.824660317921308117e-01 3.870171878955805389e-01 2.037901315677741743e-01 2.249623406508794166e-01
9.068167773441589974e-01 9.538218325178360324e-01 8.539662858091661146e-01 8.500659762318499846e-01 7.159290120161407867e-01 6.947836747502630361e-01 5.367257020499284215e-01
0.000000000000000000e+00 0.000000000000000000e+00 0.000000000000000000e+00 0.000000000000000000e+00 0.000000000000000000e+00 0.000000000000000000e+00 0.000000000000000000e+00
0.000000000000000000e+00 0.000000000000000000e+00 0.000000000000000000e+00 0.000000000000000000e+00 0.000000000000000000e+00 0.000000000000000000e+00 0.000000000000000000e+00
0.000000000000000000e+00 0.000000000000000000e+00 0.000000000000000000e+00 0.000000000000000000e+00 0.000000000000000000e+00 0.000000000000000000e+00 0.000000000000000000e+00
6.421449757760899768e-01 7.467770690310983062e-01 5.185368760209856376e-01 3.101804141181769281e-01 5.327906715035335417e-01 4.612344752319976204e-01 3.863055596903108291e-01
3.450310704014450391e-01 5.270993743975282975e-01 3.191070010666058332e-01 4.949874959705528599e-01 4.662522032014437268e-01 6.587281148275022646e-01 7.288499056818801280e-01
4.739995978220764572e-01 7.878624365750355185e-01 9.196962939367202550e-01 8.757205501972199491e-01 9.462385024546989820e-01 9.806628426432978385e-01 9.873607025925865699e-01
0.000000000000000000e+00 0.000000000000000000e+00 0.000000000000000000e+00 0.000000000000000000e+00 0.000000000000000000e+00 0.000000000000000000e+00 0.000000000000000000e+00
8.914888745041157359e-01 8.479426606412587830e-01 8.410669933318110081e-01 8.644209642208466882e-01 8.414055237569829648e-01 8.059230418676238683e-01 9.229602975329931347e-01
8.070195226112634179e-01 8.530001116800707273e-01 8.781477645784242503e-01 9.108309957558260450e-01 9.695024385686564772e-01 9.799531601007195336e-01 9.911927266216353782e-01
5.798042292399275821e-01 2.713183609843136668e-01 1.824420902887441687e-01 3.738421379500172503e-01 2.836180398184474094e-01 4.024133200015191369e-01 5.735311654529474668e-01
1.498780781568893050e-01 1.631234884819774689e-01 4.576076807409408809e-01 4.383367916672970543e-01 3.808779007455243004e-01 7.489805733426389833e-02 5.679041324100558841e-01
6.812079045541614697e-01 7.804780974208408439e-01 8.848722844459004921e-01 9.203184076662690449e-01 9.463887931556275168e-01 9.736312434034514185e-01 9.923444045602078933e-01
6.380759109772010662e-01 5.467338065723381657e-01 8.697619241829089853e-01 9.429544552070603380e-01 9.703453414972902369e-01 9.766772899192066593e-01 9.858329970724347691e-01
1.191210404857539484e-01 7.338668574028938130e-01 8.650999105515744247e-01 9.059445438128690409e-01 9.585649426668885198e-01 9.733839206728616134e-01 9.652651751039356132e-01
7.489532329281139988e-01 6.120301211389127527e-01 3.694848547993293542e-01 3.607782733121651098e-01 2.761309566650401170e-01 3.372864473714936584e-01 5.657013198642008023e-01
4.203517739382794938e-01 6.107533016806580006e-01 7.430133478224283383e-01 7.689796890093455461e-01 7.994075594886385083e-01 8.885252113546047159e-01 8.611289788155337410e-01
6.606647016472145806e-01 6.584981848371236346e-01 6.478945274979843738e-01 7.501044620673464891e-01 7.943296390822908171e-01 7.680589716187573579e-01 8.972613553440083045e-01
0.000000000000000000e+00 0.000000000000000000e+00 0.000000000000000000e+00 0.000000000000000000e+00 0.000000000000000000e+00 0.000000000000000000e+00 0.000000000000000000e+00
7.375350215070769488e-01 8.482465810439949738e-01 8.806894159960593216e-01 8.096236968533536693e-01 6.177564076704168405e-01 3.944440072287951349e-01 7.027785980551375378e-01
1.601870817912717515e-01 3.234425979632501447e-01 4.543553367234202667e-01 8.124678865056864652e-01 9.384359411878381296e-01 8.743407929345365925e-01 8.051062645589649458e-01
8.766462933000287450e-01 7.633215139468453314e-01 9.196108332535759544e-01 9.402688979198250419e-01 9.618132539158219529e-01 8.490053556971722815e-01 8.509776166365189409e-01
7.455337621269860771e-01 7.122275978625235426e-01 8.216307319926251518e-01 9.001377909521576237e-01 9.273158123090717853e-01 9.583073484521794638e-01 9.840980951835589519e-01
8.335733388262870358e-01 8.171399058067374543e-01 8.074227110719001121e-01 8.691048456966088409e-01 9.519036066299598753e-01 9.877822726242347917e-01 9.965924261730489953e-01
0.000000000000000000e+00 0.000000000000000000e+00 0.000000000000000000e+00 0.000000000000000000e+00 0.000000000000000000e+00 0.000000000000000000e+00 0.000000000000000000e+00
0.000000000000000000e+00 0.000000000000000000e+00 0.000000000000000000e+00 0.000000000000000000e+00 0.000000000000000000e+00 0.000000000000000000e+00 0.000000000000000000e+00
6.751968789699047679e-01 8.091143169812978764e-01 9.263497474505689722e-01 9.401507124958987660e-01 9.030697806725450638e-01 9.253210959478386233e-01 9.188746764191503269e-01
0.000000000000000000e+00 0.000000000000000000e+00 0.000000000000000000e+00 0.000000000000000000e+00 0.000000000000000000e+00 0.000000000000000000e+00 0.000000000000000000e+00
7.077896085108072999e-01 7.250574354484307094e-01 7.967454289490755182e-01 7.325534708813311591e-01 7.225230291211082179e-01 3.459948367949567949e-01 4.662221855595386488e-01
7.577666151727837640e-01 4.890848407033679401e-01 5.884624731241429041e-01 8.183441031852130010e-01 7.055826883966647145e-01 6.131979237363293089e-01 7.415438959743583247e-01
6.639728939183435763e-01 7.822238558623346716e-01 5.426222351378722220e-01 4.886824253319924094e-01 5.715792528006959916e-01 4.646827291883040556e-01 3.304420369865063156e-01
0.000000000000000000e+00 0.000000000000000000e+00 0.000000000000000000e+00 0.000000000000000000e+00 0.000000000000000000e+00 0.000000000000000000e+00 0.000000000000000000e+00
8.331040607845594526e-01 7.951355299479998529e-01 7.983187873246870847e-01 9.226169814245133161e-01 8.292062858594254626e-01 6.547198724208023179e-01 7.475837638225941717e-01
8.587032143715145338e-01 7.719173483114570855e-01 8.258481347024541064e-01 5.499971131465476448e-01 1.912761469729604147e-01 1.994435743025747831e-01 4.218375282146012983e-01
8.314275729646634083e-01 8.030768167765718335e-01 8.049412491902407929e-01 8.505423460157019999e-01 8.537350938170426007e-01 6.007413287380692912e-01 9.364252797154760943e-02
8.450508094894381150e-01 8.981295129708158909e-01 9.490259396033274841e-01 9.614818318235408556e-01 9.583792271823139419e-01 8.907025929374877693e-01 8.965654392150762542e-01
8.178731519996721433e-01 9.070856432893557031e-01 9.461416739617356519e-01 8.303791516718436183e-01 2.493257134826646071e-01 1.922718419205521057e-01 5.932705816262029419e-01
8.386220103921192548e-01 9.076175403828002919e-01 9.142649740552613036e-01 9.590693612435807758e-01 9.822001571119504115e-01 9.877288636514692799e-01 9.645228067153159834e-01
7.372973891300045324e-01 8.965218685222507977e-01 9.526429838033548814e-01 9.661877931955937804e-01 9.668436912041309395e-01 9.012021487340383663e-01 7.091965869322329752e-01
6.544219368815084037e-01 6.661317243527773435e-01 6.368974633071263769e-01 4.391597461919665157e-01 4.776677483191488771e-01 4.538389609781700584e-01 5.446046778474832317e-01
4.765971602185742895e-01 4.897253976736090086e-01 8.015963885729561200e-01 8.327843889436000735e-01 8.213841480277891405e-01 5.067814697691758186e-01 1.844049487589734249e-01
9.374675164557395579e-01 9.610882703342733535e-01 9.376195625331188443e-01 8.933613585528172862e-01 9.307229656854033584e-01 9.609102474498080193e-01 9.616636007676735431e-01
6.177275957022136943e-01 6.346944388125715930e-01 7.790068537259254855e-01 7.125592343557725084e-01 3.550775518377304873e-01 4.071029508975209654e-01 7.777549724284339439e-01
8.690700438614311629e-01 9.607892962697843764e-01 9.595395882662365317e-01 9.207300955299450029e-01 8.570314652631432217e-01 7.017908039889445559e-01 7.282884695312429324e-01
8.950082311962360704e-01 9.488696022688929421e-01 9.406191165518590358e-01 9.345055741934670257e-01 8.797736400388065370e-01 8.304735113280125036e-01 9.313409018478929768e-01
5.263244890985994129e-01 4.944167789063127483e-01 4.840168202278043452e-01 5.330749342908368549e-01 6.781073297187527604e-01 5.074789800240920856e-01 5.746599539271436408e-01
5.479645472655607641e-01 4.801797251224279584e-01 5.576444184023492401e-01 6.075633251391889811e-01 5.875384808507940759e-01 4.073906241919676985e-01 6.790920943366985929e-01
7.445165879718794733e-01 8.747501093150126250e-01 9.395682202049457921e-01 9.184946923606230884e-01 8.846718972344229659e-01 7.023498422477409964e-01 6.527148895673239304e-01
0.000000000000000000e+00 0.000000000000000000e+00 0.000000000000000000e+00 0.000000000000000000e+00 0.000000000000000000e+00 0.000000000000000000e+00 0.000000000000000000e+00
5.741231958054685558e-01 7.053543264385040423e-01 6.398871080338226491e-01 6.150898435623453064e-01 7.777842244405451799e-01 9.054758568523723072e-01 9.537285994582005433e-01
5.790457682194790623e-01 5.631050509067848653e-01 2.138289824789086357e-01 3.757069518837288236e-01 5.449011964232122196e-01 7.570472028025755362e-01 9.164450948382663054e-01
8.316720330039908404e-01 7.693074164960633787e-01 8.813359843032115837e-01 8.217045371832124578e-01 6.238485460112731529e-01 6.545049172927203118e-01 7.440237657304394903e-01
0.000000000000000000e+00 0.000000000000000000e+00 0.000000000000000000e+00 0.000000000000000000e+00 0.000000000000000000e+00 0.000000000000000000e+00 0.000000000000000000e+00
8.608121001591834132e-01 8.737942440244244047e-01 9.033973937446891922e-01 9.550807368302054456e-01 9.598014141973221225e-01 8.602381681654034384e-01 7.098013078202055626e-01
0.000000000000000000e+00 0.000000000000000000e+00 0.000000000000000000e+00 0.000000000000000000e+00 0.000000000000000000e+00 0.000000000000000000e+00 0.000000000000000000e+00
5.745012269220872714e-01 4.840227079232068963e-01 5.726119593094733951e-01 4.909739250939670896e-01 6.026429508139266034e-01 5.530489121852523171e-01 6.314158807345183755e-01
9.162464944890804652e-01 8.596512870639495540e-01 8.236499828938029788e-01 8.485857279126212127e-01 7.894278318370306913e-01 5.985603549400724255e-01 6.415474011477652061e-01
0.000000000000000000e+00 0.000000000000000000e+00 0.000000000000000000e+00 0.000000000000000000e+00 0.000000000000000000e+00 0.000000000000000000e+00 0.000000000000000000e+00
3.406249663624560942e-01 2.961623732622894467e-01 3.007507964394430244e-01 7.253512792940792764e-01 6.930619283991812374e-01 3.880214646496481512e-01 6.794321649476166014e-01
0.000000000000000000e+00 0.000000000000000000e+00 0.000000000000000000e+00 0.000000000000000000e+00 0.000000000000000000e+00 0.000000000000000000e+00 0.000000000000000000e+00
7.542564107787889105e-01 9.147315529156483382e-01 9.640831898819091084e-01 9.405608379794275775e-01 9.159810561295838038e-01 8.350803328435563166e-01 6.963402554216818752e-01
0.000000000000000000e+00 0.000000000000000000e+00 0.000000000000000000e+00 0.000000000000000000e+00 0.000000000000000000e+00 0.000000000000000000e+00 0.000000000000000000e+00
9.113887563762333999e-01 8.731638586559639092e-01 8.914741084155307638e-01 9.104355796943078838e-01 8.888969270717492765e-01 8.319437198946649792e-01 7.195794879876314942e-01
0.000000000000000000e+00 0.000000000000000000e+00 0.000000000000000000e+00 0.000000000000000000e+00 0.000000000000000000e+00 0.000000000000000000e+00 0.000000000000000000e+00
5.550776583792961238e-01 7.010143896245892847e-01 8.684446436867735430e-01 8.096158927070146172e-01 6.411028863592195259e-01 1.918466376859173372e-01 7.054963199149543174e-01
5.412931096771509409e-01 3.811348543350282503e-01 2.372203061211398123e-01 1.532299582228402735e-01 2.681173108323054999e-01 4.213774997163119429e-01 5.438944570409546264e-01
5.304862529502766266e-01 5.364294307743753265e-01 2.208826489166013651e-01 3.959648867136698058e-01 4.685622563206501279e-01 3.256995749560952502e-01 5.768783462962089326e-01
4.709851597407334056e-01 5.032453068573964350e-01 4.125489925854135542e-01 3.563236971962912003e-01 4.280911454405428862e-01 7.739684678077971558e-01 8.863644006687378951e-01
7.646798334236996064e-01 7.559471561587571831e-01 8.575742378367769980e-01 8.590660279717691195e-01 7.846904657135630456e-01 5.548880928626876985e-01 4.566141872017183134e-01
8.387052352286729073e-01 8.038482997513118899e-01 7.788553544534645434e-01 8.267306901407092123e-01 7.540827125372929762e-01 5.208711930870184581e-01 6.459941082922220079e-02
8.284397843934182548e-01 6.397688025598062822e-01 8.750810800433453940e-01 9.599964734581073467e-01 9.580434239534374452e-01 8.262062241957107700e-01 8.818043971165470118e-01
0.000000000000000000e+00 0.000000000000000000e+00 0.000000000000000000e+00 0.000000000000000000e+00 0.000000000000000000e+00 0.000000000000000000e+00 0.000000000000000000e+00
0.000000000000000000e+00 0.000000000000000000e+00 0.000000000000000000e+00 0.000000000000000000e+00 0.000000000000000000e+00 0.000000000000000000e+00 0.000000000000000000e+00
8.342372766919690097e-01 7.892233711590819212e-01 7.788693388061164180e-01 8.536359276832363729e-01 8.430675682238586433e-01 8.563171240993145972e-01 8.408464556252943645e-01
8.204213191660681970e-01 8.539226389098681924e-01 7.578664430534144403e-01 6.742723437722313307e-01 6.777724877193245234e-01 7.673963790271672858e-01 8.201741244950471188e-01
6.180326706813958904e-01 7.243225201641073641e-01 4.449867728177348547e-01 6.298948722280517387e-01 8.247287383349244383e-01 6.091013145912949067e-01 7.400351394083445333e-01
7.402640378558906775e-01 8.426306454396377266e-01 8.985464943010477157e-01 9.082912344668916393e-01 9.164214867941912201e-01 9.400939524722292662e-01 9.267710271061079252e-01
0.000000000000000000e+00 0.000000000000000000e+00 0.000000000000000000e+00 0.000000000000000000e+00 0.000000000000000000e+00 0.000000000000000000e+00 0.000000000000000000e+00
6.080389573325664099e-01 6.095964988881438229e-01 8.081636902500408670e-01 8.483480018867736172e-01 9.329658602339240270e-01 9.569860352510342061e-01 9.676079119030712716e-01
5.119087941033252376e-01 7.802818994334308478e-01 9.148830985425893125e-01 9.104640360324017800e-01 9.022888690291119840e-01 9.018644368742012585e-01 9.147160404293237512e-01
6.761102863996205636e-01 6.556832174811282332e-01 6.213846785210944690e-01 5.257966088370146229e-01 3.609674643933561411e-01 4.839005674219267750e-01 8.070639069057995441e-01
0.000000000000000000e+00 0.000000000000000000e+00 0.000000000000000000e+00 0.000000000000000000e+00 0.000000000000000000e+00 0.000000000000000000e+00 0.000000000000000000e+00
6.884463682228979531e-01 5.863120165439473785e-01 6.888437110118915685e-01 8.642806367177113813e-01 8.947296899686563165e-01 9.554809710841599690e-01 9.736453060142351568e-01
7.753715695477582104e-01 8.212644696029322011e-01 5.992037315861278302e-01 8.532245970455932804e-01 9.025648643552263151e-01 9.545705736467356983e-01 9.740881119610601546e-01
7.855445597521705237e-01 9.306463609016026872e-01 9.491630440860410189e-01 9.151923103937761317e-01 9.437671652961577839e-01 9.250429305422344095e-01 8.586103102787722152e-01
0.000000000000000000e+00 0.000000000000000000e+00 0.000000000000000000e+00 0.000000000000000000e+00 0.000000000000000000e+00 0.000000000000000000e+00 0.000000000000000000e+00
0.000000000000000000e+00 0.000000000000000000e+00 0.000000000000000000e+00 0.000000000000000000e+00 0.000000000000000000e+00 0.000000000000000000e+00 0.000000000000000000e+00
8.856022677700920998e-01 9.024353950013368486e-01 7.852986450823750131e-01 7.722061082310122115e-01 8.805969080818043526e-01 7.991882082523165121e-01 8.128479230640174302e-01
8.341178058010234597e-01 7.170008956026684421e-01 5.891038892040089126e-01 5.855230639164712425e-01 5.881326425195534391e-01 5.282448084469140159e-01 1.911719915670178072e-01
5.246208666813363397e-01 6.755940848154863287e-01 5.323734022979096370e-01 6.818888709946051563e-01 7.119367587820051302e-01 4.827610007365268907e-01 5.784069117823225081e-01
8.982409653558425244e-01 8.511443828805188572e-01 9.020336857170684342e-01 9.177970508592689924e-01 9.269907967296203699e-01 7.385252653040011994e-01 6.903886183796702491e-01
0.000000000000000000e+00 0.000000000000000000e+00 0.000000000000000000e+00 0.000000000000000000e+00 0.000000000000000000e+00 0.000000000000000000e+00 0.000000000000000000e+00
8.503143715138468117e-01 8.356300996332556297e-01 8.902829070534713507e-01 8.674040757290281123e-01 7.783138459462863867e-01 7.753016699172565751e-01 6.127058795668093305e-01
7.632572877832083380e-01 8.780937279482171620e-01 8.240161594498548459e-01 8.014478049050550723e-01 9.319029693180140850e-01 9.458183087816510737e-01 8.637112107109816694e-01
0.000000000000000000e+00 0.000000000000000000e+00 0.000000000000000000e+00 0.000000000000000000e+00 0.000000000000000000e+00 0.000000000000000000e+00 0.000000000000000000e+00
0.000000000000000000e+00 0.000000000000000000e+00 0.000000000000000000e+00 0.000000000000000000e+00 0.000000000000000000e+00 0.000000000000000000e+00 0.000000000000000000e+00
2.213601649622080891e-01 4.282445995601455446e-01 3.204946737774136967e-01 3.003517144695634356e-01 4.460121190958711290e-01 3.913654206482050646e-01 6.444428150971707181e-01
6.087548051587640119e-01 6.006975595910519772e-01 3.123847098352560137e-01 5.848288404996232481e-01 7.041598444739660678e-01 2.666721851160506196e-01 3.990906057230421133e-01
7.519901633223878834e-01 7.447409502114409330e-01 6.481391280536821231e-01 5.520785929421878624e-01 5.552048428175569983e-01 4.399805120877029463e-01 6.688037976565883169e-02
7.959953482494140919e-01 7.621565057231329821e-01 7.424669332372100250e-01 5.563379124151072164e-01 5.513144699282860328e-01 4.009756083561175632e-01 5.327673507521881735e-01
8.983201572273418201e-01 8.958840666594256597e-01 9.236622816419515214e-01 8.884112284822287542e-01 5.887680586662796811e-01 6.085474508023666629e-02 5.249775433158250237e-01
0.000000000000000000e+00 0.000000000000000000e+00 0.000000000000000000e+00 0.000000000000000000e+00 0.000000000000000000e+00 0.000000000000000000e+00 0.000000000000000000e+00
0.000000000000000000e+00 0.000000000000000000e+00 0.000000000000000000e+00 0.000000000000000000e+00 0.000000000000000000e+00 0.000000000000000000e+00 0.000000000000000000e+00
