3.515368939291648189e+02 3.292868939291648189e+02 3.412868939291648189e+02 1.553689392916480472e+01 3.853689392916480472e+01 5.553689392916480472e+01 5.903689392916480472e+01
3.515665762500817095e+02 3.563165762500817095e+02 3.570665762500817095e+02 3.510665762500817095e+02 3.458165762500817095e+02 3.590665762500817095e+02 3.593165762500817095e+02
3.545615247911544543e+02 3.811524791154454306e+00 1.531152479115445431e+01 1.981152479115445431e+01 3.520615247911544543e+02 3.368115247911544543e+02 3.453115247911544543e+02
1.637507222419719710e+01 2.487507222419719710e+01 2.312507222419719710e+01 1.812507222419719710e+01 1.987507222419719710e+01 1.012507222419719710e+01 3.571250722241971971e+02
1.569352186811738648e+01 1.869352186811738648e+01 1.619352186811738648e+01 1.294352186811738648e+01 2.394352186811738648e+01 3.819352186811738648e+01 3.524435218681173865e+02
1.216941470345875587e+01 1.016941470345875587e+01 8.419414703458755866e+00 3.919414703458755866e+00 3.541694147034587559e+02 3.501694147034587559e+02 9.919414703458755866e+00
9.824531486781552303e+00 8.074531486781552303e+00 9.324531486781552303e+00 1.232453148678155230e+01 3.082453148678155230e+01 5.607453148678155230e+01 3.443245314867815523e+02
1.123780443644466231e+01 1.273780443644466231e+01 1.573780443644466231e+01 9.487804436444662315e+00 1.823780443644466231e+01 3.498780443644466231e+01 3.573780443644466231e+01
0.000000000000000000e+00 0.000000000000000000e+00 0.000000000000000000e+00 0.000000000000000000e+00 0.000000000000000000e+00 0.000000000000000000e+00 0.000000000000000000e+00
3.567023585658781144e+02 3.202358565878114405e+00 1.145235856587811440e+01 1.295235856587811440e+01 3.539523585658781144e+02 3.459523585658781144e+02 3.467023585658781144e+02
2.328112104845922659e+01 2.378112104845922659e+01 2.053112104845922659e+01 1.928112104845922659e+01 3.953112104845922659e+01 7.078112104845922659e+01 6.753112104845922659e+01
1.456612580067132967e+01 4.566125800671329671e+00 2.256612580067132967e+01 4.006612580067132967e+01 3.681612580067132967e+01 3.256612580067132967e+01 7.331612580067132967e+01
2.529720328491134751e+01 2.004720328491134751e+01 3.592972032849113475e+02 3.562972032849113475e+02 1.604720328491134751e+01 1.754720328491134751e+01 3.575472032849113475e+02
0.000000000000000000e+00 0.000000000000000000e+00 0.000000000000000000e+00 0.000000000000000000e+00 0.000000000000000000e+00 0.000000000000000000e+00 0.000000000000000000e+00
3.496012158922303570e+02 3.468512158922303570e+02 3.458512158922303570e+02 3.491012158922303570e+02 3.513512158922303570e+02 3.533512158922303570e+02 3.596012158922303570e+02
0.000000000000000000e+00 0.000000000000000000e+00 0.000000000000000000e+00 0.000000000000000000e+00 0.000000000000000000e+00 0.000000000000000000e+00 0.000000000000000000e+00
0.000000000000000000e+00 0.000000000000000000e+00 0.000000000000000000e+00 0.000000000000000000e+00 0.000000000000000000e+00 0.000000000000000000e+00 0.000000000000000000e+00
0.000000000000000000e+00 0.000000000000000000e+00 0.000000000000000000e+00 0.000000000000000000e+00 0.000000000000000000e+00 0.000000000000000000e+00 0.000000000000000000e+00
0.000000000000000000e+00 0.000000000000000000e+00 0.000000000000000000e+00 0.000000000000000000e+00 0.000000000000000000e+00 0.000000000000000000e+00 0.000000000000000000e+00
0.000000000000000000e+00 0.000000000000000000e+00 0.000000000000000000e+00 0.000000000000000000e+00 0.000000000000000000e+00 0.000000000000000000e+00 0.000000000000000000e+00
2.773981137249592166e+01 3.123981137249592166e+01 3.448981137249592166e+01 2.148981137249592166e+01 3.148981137249592166e+01 4.298981137249592166e+01 1.323981137249592166e+01
7.115176920410135608e+00 1.615176920410135608e+00 3.578651769204101356e+02 2.865176920410135608e+00 1.761517692041013561e+01 3.651769204101356081e-01 3.581151769204101356e+02
0.000000000000000000e+00 0.000000000000000000e+00 0.000000000000000000e+00 0.000000000000000000e+00 0.000000000000000000e+00 0.000000000000000000e+00 0.000000000000000000e+00
3.592447270475211667e+02 3.574947270475211667e+02 3.554947270475211667e+02 3.547447270475211667e+02 3.564947270475211667e+02 3.592447270475211667e+02 3.564947270475211667e+02
3.497781977640129867e+02 3.545281977640129867e+02 3.437781977640129867e+02 3.197781977640129867e+02 3.112781977640129867e+02 3.515281977640129867e+02 8.278197764012986681e+00
3.346760533014304428e+00 3.568467605330142760e+02 3.558467605330142760e+02 3.553467605330142760e+02 3.548467605330142760e+02 2.346760533014304428e+00 3.467605330143044284e-01
3.495509686239394114e+02 3.493009686239394114e+02 3.503009686239394114e+02 3.490509686239394114e+02 5.096862393938295099e-02 6.550968623939382951e+00 3.548009686239394114e+02
0.000000000000000000e+00 0.000000000000000000e+00 0.000000000000000000e+00 0.000000000000000000e+00 0.000000000000000000e+00 0.000000000000000000e+00 0.000000000000000000e+00
4.853062237021447345e+00 9.603062237021447345e+00 1.310306223702144734e+01 8.853062237021447345e+00 3.523530622370214473e+02 3.476030622370214473e+02 4.103062237021447345e+00
4.426404027874220048e+00 3.554264040278742414e+02 2.442640402787422005e+01 6.142640402787424136e+01 6.642640402787424136e+01 4.426404027874220048e+00 2.929264040278742414e+02
3.552417424646258155e+02 3.559917424646258155e+02 3.569917424646258155e+02 3.579917424646258155e+02 3.494917424646258155e+02 3.599917424646258155e+02 3.577417424646258155e+02
1.467047904145205450e+01 1.117047904145205450e+01 8.170479041452054503e+00 3.554204790414520403e+02 3.561704790414520403e+02 3.420479041452054503e+00 1.670479041452054503e+00
0.000000000000000000e+00 0.000000000000000000e+00 0.000000000000000000e+00 0.000000000000000000e+00 0.000000000000000000e+00 0.000000000000000000e+00 0.000000000000000000e+00
2.473926748288710087e+01 2.723926748288710087e+01 6.739267482887100869e+00 1.023926748288710087e+01 2.648926748288710087e+01 2.198926748288710087e+01 1.398926748288710087e+01
3.573549844996507545e+02 3.561049844996507545e+02 3.573549844996507545e+02 2.354984499650726093e+00 3.604984499650726093e+00 3.408549844996507545e+02 2.604984499650726093e+00
3.435939717750500222e+01 5.010939717750500222e+01 3.410939717750500222e+01 7.359397177504995113e+00 3.548593971775050022e+02 3.463593971775050022e+02 3.566093971775050022e+02
2.380568467734032367e+01 1.680568467734032367e+01 8.056846773403236739e-01 3.538056846773403095e+02 3.500556846773403095e+02 3.056846773403236739e-01 3.585556846773403095e+02
1.746747729575827179e+01 4.674772957582717936e-01 1.321747729575827179e+01 1.396747729575827179e+01 3.574674772957582718e+02 4.421747729575827179e+01 6.146747729575827179e+01
1.196165012942140038e+01 1.596165012942140038e+01 4.271165012942140038e+01 1.671165012942140038e+01 2.984616501294214004e+02 3.332116501294214004e+02 3.519616501294214004e+02
3.437791746959724719e+02 3.240291746959724719e+02 3.190291746959724719e+02 3.205291746959724719e+02 3.192791746959724719e+02 3.287791746959724719e+02 3.515291746959724719e+02
3.561548542270772373e+02 3.571548542270772373e+02 3.544048542270772373e+02 3.506548542270772373e+02 3.544048542270772373e+02 3.579048542270772373e+02 3.599048542270772373e+02
0.000000000000000000e+00 0.000000000000000000e+00 0.000000000000000000e+00 0.000000000000000000e+00 0.000000000000000000e+00 0.000000000000000000e+00 0.000000000000000000e+00
6.455685754689852729e+00 5.705685754689852729e+00 4.455685754689852729e+00 4.455685754689852729e+00 1.595568575468985273e+01 3.567056857546898527e+02 3.037056857546898527e+02
3.554088353525966113e+02 3.579088353525966113e+02 3.391588353525966113e+02 3.266588353525966113e+02 3.451588353525966113e+02 6.658835352596639723e+00 3.549088353525966113e+02
3.500575743732645151e+02 3.465575743732645151e+02 3.515575743732645151e+02 4.557574373264543510e+00 3.550575743732645151e+02 3.488075743732645151e+02 3.530575743732645151e+02
3.326394423862236067e+02 3.433894423862236067e+02 2.313944238622360672e+01 4.588944238622360672e+01 3.963944238622360672e+01 3.216394423862236067e+02 3.108894423862236067e+02
3.570689084375525226e+02 3.570689084375525226e+02 3.555689084375525226e+02 3.545689084375525226e+02 3.555689084375525226e+02 3.555689084375525226e+02 3.593189084375525226e+02
0.000000000000000000e+00 0.000000000000000000e+00 0.000000000000000000e+00 0.000000000000000000e+00 0.000000000000000000e+00 0.000000000000000000e+00 0.000000000000000000e+00
0.000000000000000000e+00 0.000000000000000000e+00 0.000000000000000000e+00 0.000000000000000000e+00 0.000000000000000000e+00 0.000000000000000000e+00 0.000000000000000000e+00
7.154150776296717140e+00 2.404150776296717140e+00 2.165415077629671714e+01 3.140415077629671714e+01 6.404150776296717140e+00 5.390415077629671714e+01 6.565415077629671714e+01
3.564566521399962653e+02 2.066521399962653049e-01 5.956652139996265305e+00 3.592066521399962653e+02 6.706652139996265305e+00 6.120665213999626530e+01 3.554566521399962653e+02
2.622572168058451325e+01 2.697572168058451325e+01 3.497572168058451325e+01 2.522572168058451325e+01 1.722572168058451325e+01 2.597572168058451325e+01 3.022572168058451325e+01
0.000000000000000000e+00 0.000000000000000000e+00 0.000000000000000000e+00 0.000000000000000000e+00 0.000000000000000000e+00 0.000000000000000000e+00 0.000000000000000000e+00
2.487849007009427282e+01 6.378490070094272824e+00 2.128490070094272824e+00 3.586284900700942444e+02 8.628490070094272824e+00 1.787849007009427282e+01 1.237849007009427282e+01
3.586635509837859672e+02 3.526635509837859672e+02 3.581635509837859672e+02 3.596635509837859672e+02 3.419135509837859672e+02 3.394135509837859672e+02 1.091355098378596722e+01
0.000000000000000000e+00 0.000000000000000000e+00 0.000000000000000000e+00 0.000000000000000000e+00 0.000000000000000000e+00 0.000000000000000000e+00 0.000000000000000000e+00
0.000000000000000000e+00 0.000000000000000000e+00 0.000000000000000000e+00 0.000000000000000000e+00 0.000000000000000000e+00 0.000000000000000000e+00 0.000000000000000000e+00
0.000000000000000000e+00 0.000000000000000000e+00 0.000000000000000000e+00 0.000000000000000000e+00 0.000000000000000000e+00 0.000000000000000000e+00 0.000000000000000000e+00
0.000000000000000000e+00 0.000000000000000000e+00 0.000000000000000000e+00 0.000000000000000000e+00 0.000000000000000000e+00 0.000000000000000000e+00 0.000000000000000000e+00
2.184146315424487739e+01 2.184146315424487739e+01 2.484146315424487739e+01 3.634146315424487739e+01 2.309146315424487739e+01 6.134146315424487739e+01 6.059146315424487739e+01
3.477976848225905542e+02 3.545476848225905542e+02 3.585476848225905542e+02 3.297684822590554177e+00 7.797684822590554177e+00 1.904768482259055418e+01 3.590476848225905542e+02
2.957716749288579194e-01 4.045771674928857919e+00 5.545771674928857919e+00 5.295771674928857919e+00 3.570457716749288579e+02 3.550457716749288579e+02 3.590457716749288579e+02
3.551800049258117156e+02 3.506800049258117156e+02 3.514300049258117156e+02 3.489300049258117156e+02 1.680004925811715566e+00 2.430004925811715566e+00 3.491800049258117156e+02
0.000000000000000000e+00 0.000000000000000000e+00 0.000000000000000000e+00 0.000000000000000000e+00 0.000000000000000000e+00 0.000000000000000000e+00 0.000000000000000000e+00
9.704973443031406077e+00 3.544549734430314061e+02 3.487049734430314061e+02 3.497049734430314061e+02 3.567049734430314061e+02 3.499549734430314061e+02 3.529549734430314061e+02
0.000000000000000000e+00 0.000000000000000000e+00 0.000000000000000000e+00 0.000000000000000000e+00 0.000000000000000000e+00 0.000000000000000000e+00 0.000000000000000000e+00
5.646363206184560113e+00 2.646363206184560113e+00 3.646363206184560113e+00 9.396363206184560113e+00 9.396363206184560113e+00 5.646363206184560113e+00 2.396363206184560113e+00
3.036544499150852516e+01 2.036544499150852516e+01 2.061544499150852516e+01 3.311544499150852516e+01 5.561544499150852516e+01 4.161544499150852516e+01 6.865444991508525163e+00
