9.286893929164818928e+00 1.378689392916481893e+01 3.328689392916481893e+01 4.028689392916481893e+01 7.286893929164818928e+00 3.297868939291648189e+02 3.092868939291648189e+02
3.558165762500817095e+02 3.463165762500817095e+02 1.681657625008170953e+01 1.931657625008170953e+01 1.031657625008170953e+01 1.406657625008170953e+01 9.066576250081709532e+00
3.590615247911544543e+02 1.481152479115445431e+01 5.061524791154454306e+00 3.523115247911544543e+02 3.528115247911544543e+02 3.550615247911544543e+02 3.535615247911544543e+02
4.375072224197197102e+00 1.087507222419719710e+01 1.412507222419719710e+01 1.962507222419719710e+01 1.412507222419719710e+01 3.625072224197197102e+00 8.750722241971971016e-01
6.193521868117386475e+00 8.943521868117386475e+00 1.969352186811738648e+01 2.569352186811738648e+01 2.069352186811738648e+01 3.549435218681173865e+02 3.534435218681173865e+02
1.516941470345875587e+01 7.919414703458755866e+00 1.291941470345875587e+01 1.766941470345875587e+01 2.416941470345875587e+01 3.491941470345875587e+01 9.919414703458755866e+00
1.332453148678155230e+01 1.132453148678155230e+01 2.382453148678155230e+01 1.357453148678155230e+01 1.257453148678155230e+01 2.257453148678155230e+01 1.732453148678155230e+01
2.378044364446623149e-01 3.173780443644466231e+01 4.148780443644466231e+01 5.423780443644466231e+01 5.023780443644466231e+01 3.487378044364446623e+02 9.237804436444662315e+00
0.000000000000000000e+00 0.000000000000000000e+00 0.000000000000000000e+00 0.000000000000000000e+00 0.000000000000000000e+00 0.000000000000000000e+00 0.000000000000000000e+00
1.952358565878114405e+00 2.245235856587811440e+01 2.645235856587811440e+01 9.452358565878114405e+00 3.502023585658781144e+02 3.524523585658781144e+02 3.537023585658781144e+02
3.165311210484592266e+02 3.417811210484592266e+02 7.811210484592265857e-01 1.328112104845922659e+01 3.577811210484592266e+02 2.103112104845922659e+01 7.281121048459226586e+00
5.316125800671329671e+00 3.113161258006713297e+02 1.368161258006713297e+02 1.310661258006713297e+02 1.005661258006713297e+02 2.281612580067132967e+01 1.930661258006713297e+02
1.304720328491134751e+01 3.629720328491134751e+01 3.954720328491134751e+01 3.704720328491134751e+01 2.329720328491134751e+01 1.329720328491134751e+01 7.547203284911347509e+00
0.000000000000000000e+00 0.000000000000000000e+00 0.000000000000000000e+00 0.000000000000000000e+00 0.000000000000000000e+00 0.000000000000000000e+00 0.000000000000000000e+00
3.353512158922303570e+02 3.556012158922303570e+02 3.548512158922303570e+02 3.566012158922303570e+02 5.851215892230356985e+00 9.351215892230356985e+00 9.601215892230356985e+00
0.000000000000000000e+00 0.000000000000000000e+00 0.000000000000000000e+00 0.000000000000000000e+00 0.000000000000000000e+00 0.000000000000000000e+00 0.000000000000000000e+00
0.000000000000000000e+00 0.000000000000000000e+00 0.000000000000000000e+00 0.000000000000000000e+00 0.000000000000000000e+00 0.000000000000000000e+00 0.000000000000000000e+00
0.000000000000000000e+00 0.000000000000000000e+00 0.000000000000000000e+00 0.000000000000000000e+00 0.000000000000000000e+00 0.000000000000000000e+00 0.000000000000000000e+00
0.000000000000000000e+00 0.000000000000000000e+00 0.000000000000000000e+00 0.000000000000000000e+00 0.000000000000000000e+00 0.000000000000000000e+00 0.000000000000000000e+00
0.000000000000000000e+00 0.000000000000000000e+00 0.000000000000000000e+00 0.000000000000000000e+00 0.000000000000000000e+00 0.000000000000000000e+00 0.000000000000000000e+00
3.489811372495921660e+00 8.489811372495921660e+00 1.098981137249592166e+01 3.437398113724959217e+02 3.259898113724959217e+02 1.239811372495921660e+00 2.937398113724959217e+02
7.365176920410135608e+00 3.593651769204101356e+02 1.711517692041013561e+01 8.115176920410135608e+00 1.151769204101356081e-01 1.036517692041013561e+01 2.486517692041013561e+01
0.000000000000000000e+00 0.000000000000000000e+00 0.000000000000000000e+00 0.000000000000000000e+00 0.000000000000000000e+00 0.000000000000000000e+00 0.000000000000000000e+00
4.494727047521166696e+00 3.594947270475211667e+02 4.994727047521166696e+00 3.599947270475211667e+02 3.447447270475211667e+02 3.479947270475211667e+02 3.539947270475211667e+02
1.302819776401298668e+01 3.405281977640129867e+02 3.407781977640129867e+02 1.627819776401298668e+01 7.278197764012986681e+00 3.445281977640129867e+02 3.520281977640129867e+02
8.596760533014276007e+00 3.575967605330142760e+02 3.438467605330142760e+02 3.565967605330142760e+02 1.059676053301427601e+01 4.846760533014276007e+00 3.495967605330142760e+02
4.755096862393941137e+01 3.955096862393941137e+01 1.055096862393941137e+01 6.800968623939411373e+00 2.050968623939411373e+00 2.300968623939411373e+00 3.800968623939411373e+00
0.000000000000000000e+00 0.000000000000000000e+00 0.000000000000000000e+00 0.000000000000000000e+00 0.000000000000000000e+00 0.000000000000000000e+00 0.000000000000000000e+00
8.353062237021447345e+00 1.260306223702144734e+01 1.260306223702144734e+01 9.853062237021447345e+00 4.103062237021447345e+00 3.483530622370214473e+02 3.478530622370214473e+02
3.692640402787421294e+01 8.242640402787421294e+01 1.841764040278742129e+02 2.029264040278742129e+02 2.664264040278742414e+02 3.034264040278742414e+02 3.169264040278742414e+02
3.557417424646258155e+02 3.529917424646258155e+02 3.574917424646258155e+02 3.529917424646258155e+02 2.741742464625815501e+00 4.741742464625815501e+00 1.241742464625815501e+00
4.420479041452040292e+00 9.420479041452040292e+00 3.170479041452040292e+00 3.516704790414520403e+02 3.514204790414520403e+02 2.170479041452040292e+00 2.417047904145204029e+01
0.000000000000000000e+00 0.000000000000000000e+00 0.000000000000000000e+00 0.000000000000000000e+00 0.000000000000000000e+00 0.000000000000000000e+00 0.000000000000000000e+00
3.404892674828871009e+02 3.419892674828871009e+02 3.597392674828871009e+02 6.239267482887100869e+00 6.489267482887100869e+00 8.739267482887100869e+00 8.739267482887100869e+00
3.376049844996507545e+02 3.426049844996507545e+02 3.481049844996507545e+02 3.478549844996507545e+02 8.549844996507545147e-01 1.685498449965075451e+01 6.854984499650754515e+00
3.416093971775050022e+02 3.503593971775050022e+02 8.609397177505002219e+00 3.441093971775050022e+02 3.368593971775050022e+02 3.466093971775050022e+02 3.109397177505002219e+00
8.055684677340309463e+00 1.555568467734030946e+01 1.305568467734030946e+01 1.905568467734030946e+01 1.355568467734030946e+01 3.540556846773403095e+02 3.520556846773403095e+02
3.572174772957582718e+02 3.512174772957582718e+02 2.346747729575827179e+01 1.721747729575827179e+01 4.217477295758271794e+00 2.717477295758271794e+00 3.519674772957582718e+02
3.371165012942140038e+01 5.321165012942140038e+01 4.671165012942140038e+01 2.221165012942140038e+01 5.961650129421400379e+00 2.961650129421400379e+00 3.559616501294214004e+02
2.695291746959724719e+02 2.295291746959724719e+02 2.215291746959724719e+02 2.967791746959724719e+02 3.545291746959724719e+02 7.791746959724719090e-01 6.029174695972471909e+00
6.154854227077237283e+00 3.586548542270772373e+02 6.904854227077237283e+00 6.154854227077237283e+00 4.654854227077237283e+00 3.454048542270772373e+02 3.549048542270772373e+02
0.000000000000000000e+00 0.000000000000000000e+00 0.000000000000000000e+00 0.000000000000000000e+00 0.000000000000000000e+00 0.000000000000000000e+00 0.000000000000000000e+00
1.705685754689852729e+00 3.557056857546898527e+02 3.572056857546898527e+02 3.594556857546898527e+02 3.455685754689852729e+00 9.205685754689852729e+00 3.582056857546898527e+02
2.908835352596611301e+00 3.594088353525966113e+02 3.544088353525966113e+02 4.908835352596611301e+00 1.215883535259661130e+01 4.658835352596611301e+00 3.584088353525966113e+02
4.807574373264515089e+00 2.255757437326451509e+01 2.530757437326451509e+01 3.480757437326451509e+01 3.930757437326451509e+01 3.055757437326451509e+01 4.557574373264515089e+00
2.821394423862236636e+02 3.008894423862236636e+02 2.961394423862236636e+02 3.028894423862236636e+02 2.681394423862236636e+02 3.418894423862236636e+02 5.388944238622366356e+01
3.453189084375525226e+02 3.363189084375525226e+02 3.398189084375525226e+02 3.395689084375525226e+02 3.475689084375525226e+02 8.818908437552522628e+00 1.206890843755252263e+01
0.000000000000000000e+00 0.000000000000000000e+00 0.000000000000000000e+00 0.000000000000000000e+00 0.000000000000000000e+00 0.000000000000000000e+00 0.000000000000000000e+00
0.000000000000000000e+00 0.000000000000000000e+00 0.000000000000000000e+00 0.000000000000000000e+00 0.000000000000000000e+00 0.000000000000000000e+00 0.000000000000000000e+00
3.581541507762967171e+02 3.596541507762967171e+02 3.065415077629671714e+01 2.590415077629671714e+01 3.594041507762967171e+02 3.516541507762967171e+02 3.524041507762967171e+02
2.495665213999626530e+01 2.570665213999626530e+01 1.870665213999626530e+01 7.956652139996265305e+00 6.956652139996265305e+00 3.532066521399962653e+02 2.456652139996265305e+00
9.725721680584513251e+00 3.427257216805845133e+02 3.539757216805845133e+02 2.897572168058451325e+01 2.947572168058451325e+01 2.047572168058451325e+01 1.897572168058451325e+01
0.000000000000000000e+00 0.000000000000000000e+00 0.000000000000000000e+00 0.000000000000000000e+00 0.000000000000000000e+00 0.000000000000000000e+00 0.000000000000000000e+00
3.126284900700942444e+02 3.146284900700942444e+02 3.001284900700942444e+02 3.043784900700942444e+02 3.318784900700942444e+02 3.551284900700942444e+02 3.556284900700942444e+02
1.635509837859672189e-01 3.216635509837859672e+02 3.866355098378596722e+01 6.166355098378596722e+01 7.616355098378596722e+01 8.466355098378596722e+01 3.464135509837859672e+02
0.000000000000000000e+00 0.000000000000000000e+00 0.000000000000000000e+00 0.000000000000000000e+00 0.000000000000000000e+00 0.000000000000000000e+00 0.000000000000000000e+00
0.000000000000000000e+00 0.000000000000000000e+00 0.000000000000000000e+00 0.000000000000000000e+00 0.000000000000000000e+00 0.000000000000000000e+00 0.000000000000000000e+00
0.000000000000000000e+00 0.000000000000000000e+00 0.000000000000000000e+00 0.000000000000000000e+00 0.000000000000000000e+00 0.000000000000000000e+00 0.000000000000000000e+00
0.000000000000000000e+00 0.000000000000000000e+00 0.000000000000000000e+00 0.000000000000000000e+00 0.000000000000000000e+00 0.000000000000000000e+00 0.000000000000000000e+00
1.659146315424487739e+01 1.059146315424487739e+01 2.084146315424487739e+01 2.559146315424487739e+01 8.591463154244877387e+00 1.841463154244877387e+00 6.091463154244877387e+00
5.954768482259055418e+01 4.729768482259055418e+01 3.497976848225905542e+02 3.575476848225905542e+02 2.297684822590554177e+00 3.495476848225905542e+02 2.976848225905541767e-01
1.004577167492885792e+01 1.279577167492885792e+01 1.429577167492885792e+01 5.795771674928857919e+00 3.450457716749288579e+02 3.332957716749288579e+02 3.154577167492885792e+01
3.451800049258117156e+02 3.534300049258117156e+02 3.536800049258117156e+02 3.529300049258117156e+02 3.479300049258117156e+02 3.569300049258117156e+02 4.930004925811715566e+00
0.000000000000000000e+00 0.000000000000000000e+00 0.000000000000000000e+00 0.000000000000000000e+00 0.000000000000000000e+00 0.000000000000000000e+00 0.000000000000000000e+00
3.594549734430313492e+02 3.492049734430313492e+02 3.322049734430313492e+02 3.389549734430313492e+02 3.547049734430313492e+02 8.954973443031349234e+00 1.070497344303134923e+01
0.000000000000000000e+00 0.000000000000000000e+00 0.000000000000000000e+00 0.000000000000000000e+00 0.000000000000000000e+00 0.000000000000000000e+00 0.000000000000000000e+00
3.289636320618456011e+01 8.963632061845601129e-01 3.468963632061845601e+02 3.521463632061845601e+02 3.596463632061845601e+02 7.146363206184560113e+00 2.146363206184560113e+00
4.365444991508525163e+00 3.598654449915085252e+02 1.561544499150852516e+01 1.736544499150852516e+01 1.686544499150852516e+01 6.865444991508525163e+00 9.365444991508525163e+00
