8.446533635851691812e-01 6.103910951047099021e-01 6.615991739617227418e-01 7.888391631441799001e-01 2.677416573092780694e-01 1.682806636505071174e-01 4.956145957466622787e-01
9.810325739680745283e-01 9.531704544812765745e-01 9.054165877793658446e-01 9.295893226853468860e-01 9.709858512435854960e-01 9.876017626508833969e-01 9.882664195575232569e-01
9.718112582795470633e-01 9.670507916668941162e-01 9.598308016840740864e-01 9.593815273166264035e-01 8.667559543905980490e-01 8.464796622176624652e-01 9.570772556815624332e-01
9.969919077306271804e-01 9.963702314465182619e-01 9.939991782655327457e-01 9.855667972480983696e-01 9.719705118029385860e-01 9.385765652810273973e-01 9.638274747575893420e-01
9.939698260531111274e-01 9.910151112627626491e-01 9.794580813300026723e-01 9.519494633270989548e-01 9.141306803579158924e-01 6.244891766112993237e-01 8.425115725174721071e-01
9.741537145948926391e-01 9.850907042135004232e-01 9.920807664799083936e-01 9.937959987567421827e-01 9.840826294557967202e-01 9.648320196876392085e-01 9.614832075343472395e-01
9.878988511154472851e-01 9.794541458647066934e-01 9.646713283101983061e-01 9.143729236479243294e-01 8.636081794252187249e-01 6.458564625459772834e-01 6.234383465464220508e-01
9.879786271400039510e-01 9.877604002674301720e-01 9.731970514362385805e-01 9.086674261954074128e-01 9.043181727326905506e-01 6.582307295425239291e-01 7.156075728737406605e-01
0.000000000000000000e+00 0.000000000000000000e+00 0.000000000000000000e+00 0.000000000000000000e+00 0.000000000000000000e+00 0.000000000000000000e+00 0.000000000000000000e+00
9.787603038188625870e-01 9.767132635043449529e-01 9.528809895459602330e-01 9.295427869499011120e-01 8.195923321554613450e-01 6.603274043854384656e-01 8.955187933504751285e-01
9.950272844246519366e-01 9.930380092112881529e-01 9.906148955955311752e-01 9.771827306108469280e-01 4.786786335644062085e-01 8.899352558674151759e-01 4.922094853375518775e-01
7.283004793579307412e-01 6.334961359239574819e-01 5.920482628297629724e-01 7.209049040861261748e-01 6.586446962116454529e-01 7.019903614162279482e-01 7.198264257608190109e-01
9.854526331176529652e-01 9.809059176727762397e-01 9.553429408567583048e-01 7.144527139658531922e-01 5.510221768564762534e-01 5.808708483588244098e-01 7.161890760212414886e-01
0.000000000000000000e+00 0.000000000000000000e+00 0.000000000000000000e+00 0.000000000000000000e+00 0.000000000000000000e+00 0.000000000000000000e+00 0.000000000000000000e+00
9.870033214979646585e-01 9.897538116336382918e-01 9.919814666385492474e-01 9.891977492059107480e-01 9.937291377392006853e-01 9.961786233374435584e-01 9.838450091449718604e-01
0.000000000000000000e+00 0.000000000000000000e+00 0.000000000000000000e+00 0.000000000000000000e+00 0.000000000000000000e+00 0.000000000000000000e+00 0.000000000000000000e+00
0.000000000000000000e+00 0.000000000000000000e+00 0.000000000000000000e+00 0.000000000000000000e+00 0.000000000000000000e+00 0.000000000000000000e+00 0.000000000000000000e+00
0.000000000000000000e+00 0.000000000000000000e+00 0.000000000000000000e+00 0.000000000000000000e+00 0.000000000000000000e+00 0.000000000000000000e+00 0.000000000000000000e+00
0.000000000000000000e+00 0.000000000000000000e+00 0.000000000000000000e+00 0.000000000000000000e+00 0.000000000000000000e+00 0.000000000000000000e+00 0.000000000000000000e+00
0.000000000000000000e+00 0.000000000000000000e+00 0.000000000000000000e+00 0.000000000000000000e+00 0.000000000000000000e+00 0.000000000000000000e+00 0.000000000000000000e+00
9.668345532287835331e-01 9.740189496309163975e-01 9.763959686360619283e-01 9.773604087550733510e-01 9.780266626030439392e-01 9.771131465687878936e-01 8.479824754162978984e-01
9.871633750179195088e-01 9.932485302801566940e-01 9.915523558493877232e-01 9.807181690474885416e-01 9.618616037612456315e-01 5.498042800635606353e-01 9.759722718333874170e-01
9.325558322501289465e-01 9.660541849008084103e-01 9.650595458693139728e-01 9.447903707656434280e-01 9.609741947424812469e-01 9.566091572833559376e-01 9.378777493371059926e-01
9.932679423709945832e-01 9.929248561125680883e-01 9.923394778386960269e-01 9.924392460937089266e-01 9.937796683713294721e-01 9.876010084771208453e-01 9.533717995315248439e-01
7.825128136407165647e-01 7.753206470647084902e-01 8.057227921910534718e-01 7.650535877870131563e-01 8.354850682897395631e-01 8.445903466229875978e-01 9.395958441487644031e-01
9.714822589371775452e-01 9.660642804861284683e-01 9.730222249510027677e-01 9.798863272106300704e-01 9.798040626079187465e-01 8.743756803287059398e-01 8.966212603884420318e-01
9.738509341841341538e-01 9.619508993167034117e-01 9.391427200179069956e-01 9.392847420235493905e-01 9.146169494803719768e-01 8.837962142588737802e-01 7.557287634747290594e-01
0.000000000000000000e+00 0.000000000000000000e+00 0.000000000000000000e+00 0.000000000000000000e+00 0.000000000000000000e+00 0.000000000000000000e+00 0.000000000000000000e+00
9.859739024715203914e-01 9.880868177216094450e-01 9.922018219381707471e-01 9.930825442079295184e-01 9.903980173702183754e-01 9.773265667781722010e-01 8.022904633377188066e-01
9.120429490954985452e-01 9.284503833081623192e-01 8.811346067369527635e-01 6.136191694956422138e-01 5.655053981262238016e-01 5.251883454979233701e-01 4.197603903544071535e-01
9.784907173817692927e-01 9.826647322447902289e-01 9.838256740228458197e-01 9.767819197211520255e-01 9.255425376669612625e-01 8.279844452068113592e-01 9.339481500501144451e-01
8.845863750286869776e-01 8.307841874488877121e-01 7.469774481470918825e-01 8.562478316714418058e-01 9.384793317958857184e-01 9.128642926046910411e-01 8.733365781045870913e-01
0.000000000000000000e+00 0.000000000000000000e+00 0.000000000000000000e+00 0.000000000000000000e+00 0.000000000000000000e+00 0.000000000000000000e+00 0.000000000000000000e+00
7.235432887433277394e-01 8.065382668695271207e-01 8.552229035830968273e-01 9.205150242670230298e-01 9.533430577869733691e-01 9.669280965932619543e-01 9.736472960979312141e-01
9.900925331523638961e-01 9.921946998394828299e-01 9.901892198520033661e-01 9.805994729930217479e-01 9.482285890597793587e-01 8.643035869333658416e-01 5.698936903676952159e-01
5.369559239944681206e-01 4.512529030494009108e-01 4.039575702476038144e-01 7.084004573649294034e-01 9.273876173254034239e-01 8.265806916367215429e-01 7.103216768161295658e-01
5.286116989272027222e-01 7.441594049379272047e-01 9.107675310840198657e-01 9.693083397740344109e-01 9.917550929996885589e-01 9.741125577967386651e-01 9.668802243063793211e-01
9.793817144259896468e-01 9.733286364894492282e-01 8.186266949822299521e-01 6.467360099001265850e-01 9.060309421747063663e-01 5.106139111158308763e-01 1.874136382159063419e-01
8.891432821748306292e-01 8.720347368384578912e-01 8.468480734983317992e-01 8.521440742938406476e-01 6.678493691628744067e-01 5.163629301400237681e-01 5.149623214220302447e-01
7.026155470646107126e-01 7.121467189066266190e-01 3.181333961019624512e-01 3.670536160064135633e-01 5.880452988808010373e-01 8.610058439519930884e-01 8.318719633596527441e-01
9.904563354778194162e-01 9.907789264640616267e-01 9.783104404438744961e-01 9.465867520032372751e-01 9.591139340864557328e-01 9.825420374086573094e-01 9.329660592470058189e-01
0.000000000000000000e+00 0.000000000000000000e+00 0.000000000000000000e+00 0.000000000000000000e+00 0.000000000000000000e+00 0.000000000000000000e+00 0.000000000000000000e+00
9.902000771691870096e-01 9.908293291341260245e-01 9.926147297404195324e-01 9.881520902739807655e-01 9.525830225870662860e-01 6.340764654356437768e-01 6.144802245291751674e-01
6.436726547084898886e-01 8.804600703310538901e-01 8.827457056821761405e-01 8.585263406517978924e-01 8.989751241873185084e-01 9.773529755099343852e-01 9.886423632043170873e-01
9.775441033998543139e-01 9.789105500817167904e-01 9.805862157396920686e-01 9.809202807920421874e-01 9.623594452381332154e-01 9.413141156958658717e-01 8.349014492615425276e-01
6.056112483613269593e-01 7.022447400244961058e-01 6.634749996054870591e-01 6.565494581858989376e-01 7.221094437161924562e-01 4.936395749259464560e-01 4.397462584149304243e-01
9.861541892802536680e-01 9.864450145997961661e-01 9.905253937706965939e-01 9.924054441338751031e-01 9.889012041493655536e-01 9.720961770813265623e-01 9.121778039938980287e-01
0.000000000000000000e+00 0.000000000000000000e+00 0.000000000000000000e+00 0.000000000000000000e+00 0.000000000000000000e+00 0.000000000000000000e+00 0.000000000000000000e+00
0.000000000000000000e+00 0.000000000000000000e+00 0.000000000000000000e+00 0.000000000000000000e+00 0.000000000000000000e+00 0.000000000000000000e+00 0.000000000000000000e+00
9.786409013431326409e-01 9.608780322723742273e-01 6.218221437877726743e-01 4.890987038920011631e-01 8.611415773236229532e-01 4.025742930715708878e-01 8.654206634068677406e-01
9.956405657374104434e-01 9.925975067075570868e-01 9.841002691449206585e-01 9.657896014726182754e-01 8.826836647836170391e-01 8.700009721112995642e-01 9.654999025544613867e-01
7.248579601651198301e-01 7.913453157331402643e-01 8.833430537479797229e-01 9.253102042050993514e-01 9.650756524814113613e-01 9.676617451055234964e-01 9.605660465340717380e-01
0.000000000000000000e+00 0.000000000000000000e+00 0.000000000000000000e+00 0.000000000000000000e+00 0.000000000000000000e+00 0.000000000000000000e+00 0.000000000000000000e+00
7.260292381119970440e-01 7.922181574596558473e-01 7.866687332040788183e-01 5.452167318688898590e-01 6.558078864155187926e-01 8.046636924171706173e-01 8.531556067942630550e-01
9.043211399107041748e-01 9.266043441648541545e-01 9.377573886069709985e-01 9.434717213779868494e-01 9.464707265906624478e-01 8.761597941896213104e-01 7.753288636063181416e-01
0.000000000000000000e+00 0.000000000000000000e+00 0.000000000000000000e+00 0.000000000000000000e+00 0.000000000000000000e+00 0.000000000000000000e+00 0.000000000000000000e+00
0.000000000000000000e+00 0.000000000000000000e+00 0.000000000000000000e+00 0.000000000000000000e+00 0.000000000000000000e+00 0.000000000000000000e+00 0.000000000000000000e+00
0.000000000000000000e+00 0.000000000000000000e+00 0.000000000000000000e+00 0.000000000000000000e+00 0.000000000000000000e+00 0.000000000000000000e+00 0.000000000000000000e+00
0.000000000000000000e+00 0.000000000000000000e+00 0.000000000000000000e+00 0.000000000000000000e+00 0.000000000000000000e+00 0.000000000000000000e+00 0.000000000000000000e+00
9.701722475491453279e-01 9.852758785486867010e-01 9.897389849920248395e-01 9.886752939159054732e-01 9.771936627123820607e-01 6.293625565394146415e-01 8.528288803053756251e-01
9.904726308523281730e-01 9.889805808593512548e-01 9.889527833165860926e-01 9.901433942090317464e-01 9.806271774969997912e-01 9.685586098136180766e-01 9.379424535053179079e-01
9.874937432990883446e-01 9.883646128654134388e-01 9.882618745264513116e-01 9.882818220703144529e-01 9.456733941903854301e-01 9.064488185459012026e-01 9.292041291568621242e-01
9.652622319284818175e-01 9.574480909811174945e-01 9.516575408316159113e-01 9.380722753610356568e-01 9.192108202004785067e-01 8.771527179462006441e-01 7.056443425205938258e-01
0.000000000000000000e+00 0.000000000000000000e+00 0.000000000000000000e+00 0.000000000000000000e+00 0.000000000000000000e+00 0.000000000000000000e+00 0.000000000000000000e+00
7.809108162954306875e-01 8.108122291496893119e-01 8.645611478887962331e-01 9.127314844682787864e-01 8.490414852294307924e-01 9.500538519705127305e-01 9.796616848785631992e-01
0.000000000000000000e+00 0.000000000000000000e+00 0.000000000000000000e+00 0.000000000000000000e+00 0.000000000000000000e+00 0.000000000000000000e+00 0.000000000000000000e+00
9.890303784953866639e-01 9.906913572173442484e-01 9.944940899225375164e-01 9.942402008379195300e-01 9.886631914875627647e-01 9.679670762435786946e-01 7.831652211232381644e-01
9.712009896055968650e-01 9.532561858718454628e-01 8.901747294717740067e-01 9.115849116991854295e-01 9.132426782660808540e-01 9.202756486424166216e-01 9.525586063985833629e-01
