1.004656731879281040e+01 3.375465673187928246e+02 3.492965673187928246e+02 3.497965673187928246e+02 2.847965673187928246e+02 3.205465673187928246e+02 1.729656731879281040e+01
3.501867943895933308e+02 3.509367943895933308e+02 3.451867943895933308e+02 3.481867943895933308e+02 3.511867943895933308e+02 3.536867943895933308e+02 3.551867943895933308e+02
3.515664367941640194e+02 3.550664367941640194e+02 1.566436794164047797e+00 5.066436794164047797e+00 5.816436794164047797e+00 9.066436794164047797e+00 3.316436794164047797e+00
3.583379985282415987e+02 3.590879985282415987e+02 1.587998528241598706e+00 2.337998528241598706e+00 3.560879985282415987e+02 3.458379985282415987e+02 3.500879985282415987e+02
3.581598821649712363e+02 4.098821649712363069e-01 2.909882164971236307e+00 1.598821649712363069e-01 3.506598821649712363e+02 3.346598821649712363e+02 3.336598821649712363e+02
3.562099140852069468e+02 3.572099140852069468e+02 3.569599140852069468e+02 3.557099140852069468e+02 3.554599140852069468e+02 3.554599140852069468e+02 2.709914085206946766e+00
6.341830462529571832e+00 1.109183046252957183e+01 1.634183046252957183e+01 2.134183046252957183e+01 2.709183046252957183e+01 2.859183046252957183e+01 3.290918304625295718e+02
1.645287289733795433e+01 1.420287289733795433e+01 1.170287289733795433e+01 3.702872897337954328e+00 7.452872897337954328e+00 3.070287289733795433e+01 2.820287289733795433e+01
0.000000000000000000e+00 0.000000000000000000e+00 0.000000000000000000e+00 0.000000000000000000e+00 0.000000000000000000e+00 0.000000000000000000e+00 0.000000000000000000e+00
3.532066027858045345e+02 3.572066027858045345e+02 7.206602785804562927e+00 7.206602785804562927e+00 3.564566027858045345e+02 3.474566027858045345e+02 3.582066027858045345e+02
1.186985514950100651e+01 9.619855149501006508e+00 8.369855149501006508e+00 1.869855149501006508e+00 3.348698551495010065e+02 9.869855149501006508e+00 3.686985514950100651e+01
3.574939923314588555e+02 6.993992331458855460e+00 2.249399233145885546e+01 3.999399233145885546e+01 5.699399233145885546e+01 8.743992331458855460e+00 1.074399233145885546e+01
1.949536704420734168e+01 2.074536704420734168e+01 1.399536704420734168e+01 3.347453670442073417e+02 3.219953670442073417e+02 3.312453670442073417e+02 3.422453670442073417e+02
0.000000000000000000e+00 0.000000000000000000e+00 0.000000000000000000e+00 0.000000000000000000e+00 0.000000000000000000e+00 0.000000000000000000e+00 0.000000000000000000e+00
3.537096478425026476e+02 3.529596478425026476e+02 3.529596478425026476e+02 3.544596478425026476e+02 3.544596478425026476e+02 3.539596478425026476e+02 3.544596478425026476e+02
0.000000000000000000e+00 0.000000000000000000e+00 0.000000000000000000e+00 0.000000000000000000e+00 0.000000000000000000e+00 0.000000000000000000e+00 0.000000000000000000e+00
0.000000000000000000e+00 0.000000000000000000e+00 0.000000000000000000e+00 0.000000000000000000e+00 0.000000000000000000e+00 0.000000000000000000e+00 0.000000000000000000e+00
0.000000000000000000e+00 0.000000000000000000e+00 0.000000000000000000e+00 0.000000000000000000e+00 0.000000000000000000e+00 0.000000000000000000e+00 0.000000000000000000e+00
0.000000000000000000e+00 0.000000000000000000e+00 0.000000000000000000e+00 0.000000000000000000e+00 0.000000000000000000e+00 0.000000000000000000e+00 0.000000000000000000e+00
0.000000000000000000e+00 0.000000000000000000e+00 0.000000000000000000e+00 0.000000000000000000e+00 0.000000000000000000e+00 0.000000000000000000e+00 0.000000000000000000e+00
1.232373815764822211e+01 9.323738157648222113e+00 5.823738157648222113e+00 3.573237381576482221e+02 1.573738157648222113e+00 8.073738157648222113e+00 3.375737381576482221e+02
3.595241537057199821e+02 3.592741537057199821e+02 3.567741537057199821e+02 3.500241537057199821e+02 3.460241537057199821e+02 3.162741537057199821e+02 3.515241537057199821e+02
3.525593955507399642e+02 3.563093955507399642e+02 3.540593955507399642e+02 3.473093955507399642e+02 3.375593955507399642e+02 3.398093955507399642e+02 3.493093955507399642e+02
3.573014253445684290e+02 3.575514253445684290e+02 3.583014253445684290e+02 3.578014253445684290e+02 3.538014253445684290e+02 3.563014253445684290e+02 1.051425344568428955e+00
3.528634103868352554e+02 6.134103868352553945e-01 1.036341038683525539e+01 1.736341038683525539e+01 1.036341038683525539e+01 3.473634103868352554e+02 3.553634103868352554e+02
1.898367351241404322e+00 3.561483673512414043e+02 3.558983673512414043e+02 3.531483673512414043e+02 3.548983673512414043e+02 3.591483673512414043e+02 3.466483673512414043e+02
3.593123993004849126e+02 3.555623993004849126e+02 3.450623993004849126e+02 3.275623993004849126e+02 3.323123993004849126e+02 3.453123993004849126e+02 3.498123993004849126e+02
0.000000000000000000e+00 0.000000000000000000e+00 0.000000000000000000e+00 0.000000000000000000e+00 0.000000000000000000e+00 0.000000000000000000e+00 0.000000000000000000e+00
3.560987857308472826e+02 3.568487857308472826e+02 3.538487857308472826e+02 3.535987857308472826e+02 3.533487857308472826e+02 3.478487857308472826e+02 3.578487857308472826e+02
2.016808850115431540e+00 3.766808850115431540e+00 1.226680885011543154e+01 3.626680885011543154e+01 6.526680885011541022e+01 6.626680885011541022e+01 3.076680885011543154e+01
1.483946074425460893e+00 1.233946074425460893e+00 3.592339460744254893e+02 9.839460744254608926e-01 7.233946074425460893e+00 3.464839460744254893e+02 3.394839460744254893e+02
3.592907972041936091e+02 3.560407972041936091e+02 3.415407972041936091e+02 3.522907972041936091e+02 3.550407972041936091e+02 3.290797204193637526e+00 3.567907972041936091e+02
0.000000000000000000e+00 0.000000000000000000e+00 0.000000000000000000e+00 0.000000000000000000e+00 0.000000000000000000e+00 0.000000000000000000e+00 0.000000000000000000e+00
3.373009496501489934e+02 3.563009496501489934e+02 3.585509496501489934e+02 3.463009496501489934e+02 3.508009496501489934e+02 3.548009496501489934e+02 3.555509496501489934e+02
3.529135660523106139e+02 3.549135660523106139e+02 3.551635660523106139e+02 3.519135660523106139e+02 3.454135660523106139e+02 3.446635660523106139e+02 4.413566052310613941e+00
3.114103591243025448e+01 3.614103591243025448e+01 4.039103591243025448e+01 9.141035912430236721e+00 3.588910359124302545e+02 3.451410359124302545e+02 3.891035912430236721e+00
3.344627523079667526e+02 3.424627523079667526e+02 3.534627523079667526e+02 3.549627523079667526e+02 3.504627523079667526e+02 4.627523079667810180e-01 2.962752307966781018e+00
1.192283301373413451e+01 1.317283301373413451e+01 2.792283301373413451e+01 3.667283301373413451e+01 8.172833013734134511e+00 3.426728330137341345e+02 3.446728330137341345e+02
2.599223363112690777e+01 1.749223363112690777e+01 3.399223363112690777e+01 1.799223363112690777e+01 5.024223363112690777e+01 5.999223363112690777e+01 5.624223363112690777e+01
2.356028551168719787e+01 3.540602855116871979e+02 3.170602855116871979e+02 3.175602855116871979e+02 3.128102855116871979e+02 3.350602855116871979e+02 3.545602855116871979e+02
3.528548447579305503e+02 3.501048447579305503e+02 3.431048447579305503e+02 3.401048447579305503e+02 3.463548447579305503e+02 3.576048447579305503e+02 3.596048447579305503e+02
0.000000000000000000e+00 0.000000000000000000e+00 0.000000000000000000e+00 0.000000000000000000e+00 0.000000000000000000e+00 0.000000000000000000e+00 0.000000000000000000e+00
3.578114802619685406e+02 3.573114802619685406e+02 3.550614802619685406e+02 3.510614802619685406e+02 3.388114802619685406e+02 3.028114802619685406e+02 2.803114802619685406e+02
3.555729172930917912e+02 3.400729172930917912e+02 3.203229172930917912e+02 3.105729172930917912e+02 3.263229172930917912e+02 3.583229172930917912e+02 3.530729172930917912e+02
3.583474828301643242e+02 3.565974828301643242e+02 3.568474828301643242e+02 3.533474828301643242e+02 3.513474828301643242e+02 3.538474828301643242e+02 3.580974828301643242e+02
3.253179837284511109e+02 3.165679837284511109e+02 3.355679837284511109e+02 3.806798372845111089e+01 6.306798372845111089e+01 5.456798372845111089e+01 2.993179837284511109e+02
3.142396695437810195e-01 2.314239669543781019e+00 2.314239669543781019e+00 5.642396695437810195e-01 3.593142396695437810e+02 3.595642396695437810e+02 3.590642396695437810e+02
0.000000000000000000e+00 0.000000000000000000e+00 0.000000000000000000e+00 0.000000000000000000e+00 0.000000000000000000e+00 0.000000000000000000e+00 0.000000000000000000e+00
0.000000000000000000e+00 0.000000000000000000e+00 0.000000000000000000e+00 0.000000000000000000e+00 0.000000000000000000e+00 0.000000000000000000e+00 0.000000000000000000e+00
9.356386535605054178e+00 1.435638653560505418e+01 4.235638653560505418e+01 4.860638653560505418e+01 6.356386535605054178e+00 3.383563865356050542e+02 9.606386535605054178e+00
2.018532170163211958e-01 1.201853217016321196e+00 2.451853217016321196e+00 4.518532170163211958e-01 3.384518532170163212e+02 3.529518532170163212e+02 3.557018532170163212e+02
3.510966281597142142e+02 3.505966281597142142e+02 3.515966281597142142e+02 1.309662815971424266e+01 9.096628159714242656e+00 3.575966281597142142e+02 2.846628159714242656e+00
0.000000000000000000e+00 0.000000000000000000e+00 0.000000000000000000e+00 0.000000000000000000e+00 0.000000000000000000e+00 0.000000000000000000e+00 0.000000000000000000e+00
3.312439897491750571e+02 3.392439897491750571e+02 1.124398974917502869e+01 5.699398974917502869e+01 4.424398974917502869e+01 1.574398974917502869e+01 1.224398974917502869e+01
8.335971370071604269e-01 3.580835971370071320e+02 3.563335971370071320e+02 3.550835971370071320e+02 3.565835971370071320e+02 8.359713700716042695e-02 9.583597137007160427e+00
0.000000000000000000e+00 0.000000000000000000e+00 0.000000000000000000e+00 0.000000000000000000e+00 0.000000000000000000e+00 0.000000000000000000e+00 0.000000000000000000e+00
0.000000000000000000e+00 0.000000000000000000e+00 0.000000000000000000e+00 0.000000000000000000e+00 0.000000000000000000e+00 0.000000000000000000e+00 0.000000000000000000e+00
0.000000000000000000e+00 0.000000000000000000e+00 0.000000000000000000e+00 0.000000000000000000e+00 0.000000000000000000e+00 0.000000000000000000e+00 0.000000000000000000e+00
0.000000000000000000e+00 0.000000000000000000e+00 0.000000000000000000e+00 0.000000000000000000e+00 0.000000000000000000e+00 0.000000000000000000e+00 0.000000000000000000e+00
1.924010413754967885e+01 1.599010413754967885e+01 1.399010413754967885e+01 1.249010413754967885e+01 1.224010413754967885e+01 3.497401041375496789e+02 3.519901041375496789e+02
3.548386815702400554e+00 1.048386815702400554e+00 3.580483868157024290e+02 3.557983868157024290e+02 3.525483868157024290e+02 3.537983868157024290e+02 3.587983868157024290e+02
3.582754244610432579e+02 2.542446104325790657e-02 2.754244610432579066e-01 3.520254244610432579e+02 3.392754244610432579e+02 3.367754244610432579e+02 3.527754244610432579e+02
3.583439810906793355e+02 3.540939810906793355e+02 3.480939810906793355e+02 3.535939810906793355e+02 3.503439810906793355e+02 1.343981090679335466e+00 9.843981090679335466e+00
0.000000000000000000e+00 0.000000000000000000e+00 0.000000000000000000e+00 0.000000000000000000e+00 0.000000000000000000e+00 0.000000000000000000e+00 0.000000000000000000e+00
7.855431711006417572e+00 1.760543171100641757e+01 3.260543171100641757e+01 7.605431711006417572e+00 3.496054317110064176e+02 3.531054317110064176e+02 3.556054317110064176e+02
0.000000000000000000e+00 0.000000000000000000e+00 0.000000000000000000e+00 0.000000000000000000e+00 0.000000000000000000e+00 0.000000000000000000e+00 0.000000000000000000e+00
1.956379953355735779e-03 3.592519563799533557e+02 2.519563799533557358e-01 7.519563799533557358e-01 7.519563799533557358e-01 3.577519563799533557e+02 3.477519563799533557e+02
1.941619641001625496e+01 2.016619641001625496e+01 2.041619641001625496e+01 1.416619641001625496e+01 2.191619641001625496e+01 2.341619641001625496e+01 1.816619641001625496e+01
