8.677618052213887934e-01 6.545784306005540953e-01 6.220330507802228626e-01 5.850345049062313230e-01 6.727675032532521859e-01 4.614743669899399325e-01 1.429424217846418932e-01
8.546855294359525512e-01 8.989417904557953642e-01 8.932996987284562707e-01 9.372337096849784333e-01 9.038925245537334785e-01 6.772410035607897560e-01 6.927795717098474970e-01
7.811271196025482144e-01 7.785043392218365943e-01 5.325415355735955147e-01 7.362432481139135065e-01 8.826683050653512108e-01 9.178849828689424895e-01 9.511688531897193322e-01
7.157695039257402359e-01 8.452449362179413894e-01 9.220948877756142137e-01 9.328640682536213369e-01 9.381942620815986178e-01 7.636239821891356305e-01 5.418222022868484089e-01
5.650128841859807238e-01 8.103066781952203979e-01 9.071579338172989226e-01 9.065795727952262739e-01 9.268178617369372541e-01 8.102759582129110960e-01 5.761764628169770974e-01
8.993165942355674236e-01 9.094186927621107364e-01 8.488514500083790271e-01 9.105529713823683480e-01 8.523283461033615005e-01 8.244665515326680127e-01 9.006702714739268645e-01
8.281918919059823025e-01 8.528281942124046333e-01 8.427465916552256964e-01 8.990699968724090718e-01 8.143649809144192231e-01 8.234449583390998084e-01 6.719455262446593080e-01
8.213823422776219685e-01 8.539859141031137524e-01 7.841116927963076577e-01 7.238451433947082903e-01 5.023777533933838635e-01 5.043381206858222887e-01 9.127386226040608008e-01
0.000000000000000000e+00 0.000000000000000000e+00 0.000000000000000000e+00 0.000000000000000000e+00 0.000000000000000000e+00 0.000000000000000000e+00 0.000000000000000000e+00
9.087468876554024577e-01 9.245998528258677629e-01 7.283430726250014198e-01 8.491216759248777501e-01 9.312403340510985172e-01 9.554325028598258385e-01 9.718309996158910335e-01
3.480118289672312626e-01 5.867913675086010583e-01 2.445307164055343652e-01 3.527775574940346104e-01 6.021225094158745295e-01 4.229970512488557266e-01 4.516713499176214786e-01
2.095147530414609716e-01 2.857241155581904390e-01 1.740683691450620463e-01 1.234656518867440489e-01 3.162310266694460248e-01 5.487197293545136301e-01 2.841276397707199197e-01
7.175524976502165586e-01 8.009319609174535559e-01 8.348126869212175727e-01 8.808503964468541447e-01 8.011236558857057766e-01 7.408215795376498214e-01 9.469665371565009204e-01
0.000000000000000000e+00 0.000000000000000000e+00 0.000000000000000000e+00 0.000000000000000000e+00 0.000000000000000000e+00 0.000000000000000000e+00 0.000000000000000000e+00
8.884211592055245577e-01 8.791407838393078267e-01 8.117282021827070260e-01 8.875638814383436381e-01 7.881201609573865730e-01 7.130937451933969662e-01 7.830313373590193082e-01
0.000000000000000000e+00 0.000000000000000000e+00 0.000000000000000000e+00 0.000000000000000000e+00 0.000000000000000000e+00 0.000000000000000000e+00 0.000000000000000000e+00
0.000000000000000000e+00 0.000000000000000000e+00 0.000000000000000000e+00 0.000000000000000000e+00 0.000000000000000000e+00 0.000000000000000000e+00 0.000000000000000000e+00
0.000000000000000000e+00 0.000000000000000000e+00 0.000000000000000000e+00 0.000000000000000000e+00 0.000000000000000000e+00 0.000000000000000000e+00 0.000000000000000000e+00
0.000000000000000000e+00 0.000000000000000000e+00 0.000000000000000000e+00 0.000000000000000000e+00 0.000000000000000000e+00 0.000000000000000000e+00 0.000000000000000000e+00
0.000000000000000000e+00 0.000000000000000000e+00 0.000000000000000000e+00 0.000000000000000000e+00 0.000000000000000000e+00 0.000000000000000000e+00 0.000000000000000000e+00
6.665443905174220918e-01 7.647037900683116840e-01 7.000934551538920969e-01 3.244587078459071905e-01 2.168232587306191672e-01 1.009719086763995466e-01 5.140495349961096139e-01
8.726765425561807676e-01 8.684586838117345220e-01 8.814872584293625968e-01 9.272996774484281168e-01 9.382244376471902125e-01 9.267387534162844220e-01 8.317034779903502706e-01
7.710603102558278854e-01 8.576643424396033222e-01 9.309827111621074014e-01 9.635499126490949529e-01 9.343473197855886037e-01 9.108086180401571141e-01 8.348150886004803706e-01
9.282783149406906853e-01 9.324654731759690618e-01 8.960141258857367008e-01 9.582126590860048365e-01 9.414128026789119197e-01 8.675151140363699387e-01 8.558678110903541469e-01
7.977537388255463435e-01 8.372658610025207615e-01 9.112580562158961728e-01 8.957606010790467588e-01 8.780122158687592160e-01 8.983727204802615107e-01 9.042976713140616907e-01
8.664258665925640424e-01 7.136206173869243941e-01 8.258872152154478341e-01 9.604312611893061069e-01 9.590882230836698108e-01 8.444143083867889921e-01 3.644825682610553508e-01
7.058407755824011032e-01 7.619044985665249792e-01 7.991495350535793296e-01 8.564689835223897596e-01 8.289681130263214515e-01 8.993180822927087092e-01 6.023065259204276600e-01
0.000000000000000000e+00 0.000000000000000000e+00 0.000000000000000000e+00 0.000000000000000000e+00 0.000000000000000000e+00 0.000000000000000000e+00 0.000000000000000000e+00
9.337789899583989195e-01 9.200689710774297980e-01 8.417654761493698068e-01 9.090625148707001113e-01 8.640326250380696571e-01 7.004457276200076743e-01 6.067186904525450064e-01
2.436672034448655877e-01 4.690052580487145684e-01 7.292586001702222598e-01 5.902946968151641105e-01 8.305971425881314429e-02 2.390830075015611678e-01 2.115947218041839550e-01
8.578090740479659138e-01 8.761436727782706546e-01 9.098924479483232464e-01 6.091024452888126328e-01 3.802468601261950742e-01 6.331060559341991079e-01 8.463046887537326590e-01
8.778803876095164771e-01 9.262883930706441449e-01 9.467756537855421817e-01 9.151433535318710399e-01 8.416100095325779185e-01 3.681469451635665524e-01 2.504686933768666135e-01
0.000000000000000000e+00 0.000000000000000000e+00 0.000000000000000000e+00 0.000000000000000000e+00 0.000000000000000000e+00 0.000000000000000000e+00 0.000000000000000000e+00
7.835181640203463527e-01 9.336068154218919446e-01 9.583907947799660265e-01 9.788027713686289211e-01 9.921228143789684317e-01 9.920972095750665298e-01 9.901379754144251644e-01
8.597223986580702082e-01 8.253896602435413232e-01 8.103321188628797023e-01 9.055394800822845758e-01 8.771358881902214799e-01 7.815945058430063819e-01 1.373888013384590989e-01
9.101088228725764395e-01 9.117739693077997476e-01 8.059698774454087111e-01 1.894146695808906211e-01 4.024717824154230295e-01 5.344176785592498202e-01 2.885718520615248028e-01
7.890144784050932003e-01 7.466981479079266570e-01 5.975795770640399684e-01 3.840008394529873526e-01 7.454791335851960188e-01 8.436294614369073130e-01 8.773542320650240534e-01
7.362540698071449174e-01 6.863813671573011366e-01 2.099108496690438030e-01 2.119965641204482054e-01 2.797195695617574751e-01 3.669988076146689648e-01 4.037528844890577728e-01
4.466896424614200112e-01 5.024864060923260878e-01 7.162439082344008723e-01 8.614047684184329423e-01 8.861536784898355057e-01 5.602232860694407179e-01 3.597339933606824580e-01
5.656326247059840773e-01 5.808573080282549705e-01 4.544079286558395658e-01 3.300100032114520188e-01 2.423266170443554857e-01 3.036939566332523266e-01 1.997239627522082173e-01
9.307426759006348638e-01 8.469425486520898438e-01 8.382932054675565903e-01 7.312377585861711271e-01 6.652369461754136237e-01 5.442264398404417225e-01 3.898069316272969598e-01
0.000000000000000000e+00 0.000000000000000000e+00 0.000000000000000000e+00 0.000000000000000000e+00 0.000000000000000000e+00 0.000000000000000000e+00 0.000000000000000000e+00
9.538492487392041808e-01 9.762219377353050787e-01 9.532121547042148313e-01 9.105853939762377225e-01 6.564888484475693842e-01 4.773665214673604162e-01 1.726431666869253645e-01
8.070544540857399474e-01 7.084084926279976546e-01 6.452562147091901457e-01 7.367266622365229445e-01 8.672960046605528994e-01 7.710547981140288831e-01 4.803958909970943991e-01
6.300284628679920784e-01 5.908323502819218254e-01 7.440998771450785254e-01 5.310193373921172633e-01 5.649159204929964373e-01 3.539810478898164914e-01 3.722886307195095168e-01
4.926455156174447403e-01 5.576691995234117627e-01 6.152899866215165714e-01 6.698864343697241708e-01 2.026380540096751059e-01 1.942942060365418777e-01 4.098997288323914523e-01
8.968745583887793860e-01 9.135580092977020339e-01 9.309765719794417249e-01 8.526672438590805481e-01 8.038700240701063260e-01 7.856161076061864978e-01 7.152368376677571415e-01
0.000000000000000000e+00 0.000000000000000000e+00 0.000000000000000000e+00 0.000000000000000000e+00 0.000000000000000000e+00 0.000000000000000000e+00 0.000000000000000000e+00
0.000000000000000000e+00 0.000000000000000000e+00 0.000000000000000000e+00 0.000000000000000000e+00 0.000000000000000000e+00 0.000000000000000000e+00 0.000000000000000000e+00
7.912278421938264694e-01 6.519401987255036834e-01 3.610660623003406067e-01 3.540160670502146001e-01 2.733641208798385791e-01 2.206427324491248010e-01 5.644240514462328662e-01
5.233315695476120633e-01 5.747221162734208466e-01 5.748331386283521693e-01 5.293851884844333888e-01 7.336817018133874324e-01 8.103939662367442009e-01 6.667431093708892087e-01
5.943038740172774670e-01 5.688449928073654460e-01 4.015810657775092385e-01 4.392693273755171046e-01 7.467199482551670764e-01 7.954355754800424005e-01 9.141127030057016878e-01
0.000000000000000000e+00 0.000000000000000000e+00 0.000000000000000000e+00 0.000000000000000000e+00 0.000000000000000000e+00 0.000000000000000000e+00 0.000000000000000000e+00
4.872191050430595971e-01 6.444924932514461968e-01 7.963956685655600998e-01 7.306145029937006763e-01 6.839664213165614903e-01 9.243489971220189005e-01 9.805291037570591506e-01
6.875047684428476913e-01 6.990369487213886623e-01 6.326102102663083704e-01 7.168065141529295081e-01 6.547035707397825810e-01 4.790584381339891840e-01 7.593050020200255990e-01
0.000000000000000000e+00 0.000000000000000000e+00 0.000000000000000000e+00 0.000000000000000000e+00 0.000000000000000000e+00 0.000000000000000000e+00 0.000000000000000000e+00
0.000000000000000000e+00 0.000000000000000000e+00 0.000000000000000000e+00 0.000000000000000000e+00 0.000000000000000000e+00 0.000000000000000000e+00 0.000000000000000000e+00
0.000000000000000000e+00 0.000000000000000000e+00 0.000000000000000000e+00 0.000000000000000000e+00 0.000000000000000000e+00 0.000000000000000000e+00 0.000000000000000000e+00
0.000000000000000000e+00 0.000000000000000000e+00 0.000000000000000000e+00 0.000000000000000000e+00 0.000000000000000000e+00 0.000000000000000000e+00 0.000000000000000000e+00
6.738335937426069844e-01 7.322023934544784618e-01 8.212302546340919385e-01 8.137511676380979608e-01 8.643353933339882333e-01 5.887872275324251836e-01 1.620948974820061450e-01
7.412238871475351765e-01 8.368117422150148643e-01 8.754376556669434262e-01 9.335870035642178655e-01 9.593609071187260140e-01 9.073478748908957447e-01 6.709170666829460394e-01
9.169153266039904437e-01 8.777697367116469307e-01 8.782692874139337302e-01 9.490209421990761784e-01 8.985244201144496623e-01 4.990421009262464014e-01 1.873438953307629551e-01
7.833519043163139628e-01 8.621656743971761738e-01 8.782395942422147606e-01 8.843490981286352692e-01 7.214400933724538501e-01 5.723878966485674846e-01 4.647195775069806745e-01
0.000000000000000000e+00 0.000000000000000000e+00 0.000000000000000000e+00 0.000000000000000000e+00 0.000000000000000000e+00 0.000000000000000000e+00 0.000000000000000000e+00
4.611749353729264200e-01 5.434538832990222224e-01 6.879600265223345668e-01 6.626603836345373866e-01 5.504858077239492831e-01 4.584271761470388729e-01 4.498912523961342003e-01
0.000000000000000000e+00 0.000000000000000000e+00 0.000000000000000000e+00 0.000000000000000000e+00 0.000000000000000000e+00 0.000000000000000000e+00 0.000000000000000000e+00
9.071059875095983660e-01 8.656453698802034635e-01 8.479487670981231684e-01 8.730430547223549942e-01 8.789908451536063705e-01 4.464440371226631732e-01 9.736689721874744463e-02
6.213463908021128468e-01 7.790744781660126073e-01 7.752018859450449106e-01 8.213561127516443294e-01 5.632826884021902014e-01 3.792684959412813139e-01 2.367300992404980375e-01
