5.818061009897622649e-01 6.298054660570696628e-01 4.573434254917997932e-01 4.428367836402286040e-01 4.153263046710870543e-01 5.677198947975551357e-01 6.937015261478390871e-01
8.870924100005840307e-01 9.041900401335947191e-01 9.502975149811694333e-01 8.558076029664388740e-01 6.419541646842341631e-01 6.289915782896392527e-01 7.501365999530973383e-01
9.196347550122281334e-01 8.907893114307673388e-01 8.472267407613850443e-01 8.500982194184619756e-01 9.441667687693401367e-01 9.747662155341095813e-01 9.714218115242801987e-01
9.735969670128883369e-01 9.600327623466360372e-01 9.280815678699900761e-01 8.360804200395722807e-01 8.540953129026503943e-01 8.083359579013120744e-01 6.182619417639694248e-01
9.643957967617347027e-01 9.647347249137682157e-01 9.532674555980465980e-01 8.691996849339801434e-01 8.971198426227794398e-01 8.158469145427644786e-01 6.738338395271512571e-01
9.758759210206267021e-01 9.225841253746898118e-01 8.835219652367247711e-01 9.027952357274461326e-01 7.909381992207960010e-01 5.417571729961926374e-01 6.880754908186400565e-01
8.444384240535033337e-01 8.672777979782533286e-01 9.105812032830588043e-01 8.805508741883936175e-01 8.573286480999506853e-01 8.138414810778979991e-01 8.753197466545540317e-01
8.043908088434007508e-01 8.841568461653891431e-01 7.712938320796361991e-01 8.422569161085873279e-01 7.535215257184803006e-01 6.473890687787651199e-01 8.657982015362345463e-01
0.000000000000000000e+00 0.000000000000000000e+00 0.000000000000000000e+00 0.000000000000000000e+00 0.000000000000000000e+00 0.000000000000000000e+00 0.000000000000000000e+00
7.720664264643661845e-01 8.271394575978492369e-01 8.317210586286768459e-01 8.989877253528419931e-01 9.642700898539495746e-01 9.854170480518508191e-01 9.799781987502044212e-01
6.637751785059059495e-01 7.001210531101389467e-01 7.037029448549522170e-01 6.900437991640866464e-01 3.682544669102598145e-01 4.910203475313392740e-01 6.206783370902416719e-01
9.675165787540042361e-02 1.511374821910557997e-01 6.622754799929156388e-02 2.827834792155057841e-01 1.634340473437604635e-01 1.901334690427769203e-01 6.793031096397538215e-01
8.283518978933228638e-01 8.494889767022504312e-01 9.031460926455299187e-01 9.061507858370771995e-01 8.826187070766933207e-01 8.485257740242656554e-01 9.394623090587903569e-01
0.000000000000000000e+00 0.000000000000000000e+00 0.000000000000000000e+00 0.000000000000000000e+00 0.000000000000000000e+00 0.000000000000000000e+00 0.000000000000000000e+00
8.014079173486042817e-01 8.927743360510576043e-01 9.482755001489723279e-01 9.381990543210204647e-01 9.652003281844420135e-01 9.816237167193957447e-01 9.626698142535896618e-01
0.000000000000000000e+00 0.000000000000000000e+00 0.000000000000000000e+00 0.000000000000000000e+00 0.000000000000000000e+00 0.000000000000000000e+00 0.000000000000000000e+00
0.000000000000000000e+00 0.000000000000000000e+00 0.000000000000000000e+00 0.000000000000000000e+00 0.000000000000000000e+00 0.000000000000000000e+00 0.000000000000000000e+00
0.000000000000000000e+00 0.000000000000000000e+00 0.000000000000000000e+00 0.000000000000000000e+00 0.000000000000000000e+00 0.000000000000000000e+00 0.000000000000000000e+00
0.000000000000000000e+00 0.000000000000000000e+00 0.000000000000000000e+00 0.000000000000000000e+00 0.000000000000000000e+00 0.000000000000000000e+00 0.000000000000000000e+00
0.000000000000000000e+00 0.000000000000000000e+00 0.000000000000000000e+00 0.000000000000000000e+00 0.000000000000000000e+00 0.000000000000000000e+00 0.000000000000000000e+00
8.195010637965977063e-01 8.754171578631980699e-01 5.519770084186341741e-01 3.368268042435560439e-01 6.931484631687407916e-01 6.584854865521732048e-01 2.637626489935150920e-01
8.746672716085002186e-01 9.125728310499071627e-01 7.357151421738540309e-01 8.636989638355516696e-01 8.578745212447709267e-01 6.263228644169418491e-01 3.044604016545324199e-01
9.509699998436202950e-01 9.267632836390242712e-01 9.272587080414983474e-01 9.512614827826896269e-01 9.266944386573410242e-01 9.114273778121425584e-01 9.540458439937399282e-01
9.410934079100748972e-01 9.709726912649522257e-01 9.700715760577529601e-01 9.617400439077684604e-01 8.625820216926399775e-01 8.580983807642759142e-01 8.876942745593824347e-01
7.840673464021653549e-01 9.221727955467650117e-01 9.322543571664734241e-01 9.018814297430097771e-01 7.695124905785976077e-01 8.277067891574236835e-01 8.844403017487401097e-01
8.956333530335369719e-01 8.831051446547413253e-01 8.986227571928346869e-01 7.740512991527718212e-01 8.881671869696154964e-01 9.329664375441130142e-01 8.905893171840205680e-01
8.680284540051270703e-01 8.460120910215017664e-01 8.999833100070998571e-01 9.505593999252359705e-01 9.849629410462961143e-01 9.796480001878087318e-01 9.645925394897709726e-01
0.000000000000000000e+00 0.000000000000000000e+00 0.000000000000000000e+00 0.000000000000000000e+00 0.000000000000000000e+00 0.000000000000000000e+00 0.000000000000000000e+00
9.496726297017490381e-01 9.581753140056775697e-01 8.613777155191104651e-01 7.077920498349573597e-01 7.609561806498363890e-01 4.618489605076753213e-01 3.782497314249739229e-01
4.992564729314266647e-01 5.708060329497585128e-01 5.588630860632000097e-01 2.700906104476410996e-01 2.662221981126075554e-01 6.549497928253654733e-01 5.077382034097870367e-01
8.987331838126583206e-01 8.425237953159214754e-01 7.179982748283271210e-01 7.105544487629200656e-01 7.865974925995027345e-01 7.411531174145260525e-01 8.449659659710715420e-01
9.451956389782750767e-01 8.821801573669102448e-01 8.013592542269359909e-01 7.561683046050847734e-01 7.971293948991450273e-01 4.966090613667886178e-01 3.167392525410749338e-01
0.000000000000000000e+00 0.000000000000000000e+00 0.000000000000000000e+00 0.000000000000000000e+00 0.000000000000000000e+00 0.000000000000000000e+00 0.000000000000000000e+00
8.901604062653674099e-01 8.805420396379071146e-01 8.311177231111600561e-01 8.609519788465622714e-01 9.637869109285427394e-01 9.798388090230522041e-01 9.801904268175308799e-01
8.665761825391834483e-01 9.191494093270927701e-01 8.738628656896182401e-01 6.275610130100112150e-01 7.231902898820165015e-01 8.196643796825896500e-01 9.241639697077189686e-01
8.681066803107395646e-01 8.354646925643980371e-01 8.648074448764102584e-01 6.199784736316029665e-01 6.733822415578534226e-01 4.962348220938256338e-01 1.435853150573870307e-01
0.000000000000000000e+00 0.000000000000000000e+00 0.000000000000000000e+00 0.000000000000000000e+00 0.000000000000000000e+00 0.000000000000000000e+00 0.000000000000000000e+00
7.827098874592690603e-01 7.209784837333919061e-01 8.737431863762944451e-01 5.806078560049481307e-01 4.438604791530173510e-01 4.677387373394658598e-01 5.009880311902958905e-01
4.416601845692590955e-01 5.844610587075972363e-01 5.698975482964500072e-01 7.700815429158210934e-01 8.718182021090361555e-01 9.168111003000859460e-01 9.490296744962768427e-01
0.000000000000000000e+00 0.000000000000000000e+00 0.000000000000000000e+00 0.000000000000000000e+00 0.000000000000000000e+00 0.000000000000000000e+00 0.000000000000000000e+00
9.004777220528203951e-01 9.467450264018653083e-01 9.171818997852374533e-01 8.779791009335848884e-01 7.163887239972884791e-01 4.313279477770056158e-01 1.837239310228983846e-01
0.000000000000000000e+00 0.000000000000000000e+00 0.000000000000000000e+00 0.000000000000000000e+00 0.000000000000000000e+00 0.000000000000000000e+00 0.000000000000000000e+00
9.078800684253495179e-01 9.333858110062445146e-01 8.927055705556623533e-01 7.473180017982167245e-01 6.985964792360415121e-01 5.271526779797504059e-01 4.667635764459385217e-01
6.089272567056523977e-01 6.303365109318720405e-01 4.868639748949165069e-01 4.762636165228886775e-01 4.660746875232044673e-01 6.056803692880493584e-01 4.864988444984701954e-01
7.429403462769699207e-01 6.565907595827989995e-01 6.760412073516932630e-01 4.335337819210410282e-01 4.918419980185495533e-01 3.462067860072298164e-01 6.572880659992891283e-01
2.563150189757072428e-01 1.599175636717349303e-01 5.291027598507070939e-01 8.487792705966734630e-01 5.834858465177249487e-01 2.755979407257866942e-01 6.547389351713136518e-01
9.346775513165712646e-01 9.600964313821819252e-01 9.420104111918484735e-01 8.450984530967614594e-01 7.267662020470549988e-01 8.694510169055841287e-01 8.962470580584135371e-01
0.000000000000000000e+00 0.000000000000000000e+00 0.000000000000000000e+00 0.000000000000000000e+00 0.000000000000000000e+00 0.000000000000000000e+00 0.000000000000000000e+00
0.000000000000000000e+00 0.000000000000000000e+00 0.000000000000000000e+00 0.000000000000000000e+00 0.000000000000000000e+00 0.000000000000000000e+00 0.000000000000000000e+00
8.006782269056603729e-01 7.588322878231202884e-01 8.963396584299837544e-01 7.282710702372892086e-01 4.579378935041618082e-01 4.424826653374913099e-01 6.438377862358746206e-01
8.095248451593045624e-01 7.876440015114508642e-01 6.670864362875844611e-01 4.546055122006941729e-01 6.597271585560487983e-01 5.592946069823578892e-01 5.466217993019145682e-01
7.050562607430264084e-01 5.479249355670220423e-01 4.753955829914345288e-01 4.172066009501348427e-01 6.056624922742807060e-01 6.715473373524009082e-01 7.470784286276159758e-01
0.000000000000000000e+00 0.000000000000000000e+00 0.000000000000000000e+00 0.000000000000000000e+00 0.000000000000000000e+00 0.000000000000000000e+00 0.000000000000000000e+00
0.000000000000000000e+00 0.000000000000000000e+00 0.000000000000000000e+00 0.000000000000000000e+00 0.000000000000000000e+00 0.000000000000000000e+00 0.000000000000000000e+00
0.000000000000000000e+00 0.000000000000000000e+00 0.000000000000000000e+00 0.000000000000000000e+00 0.000000000000000000e+00 0.000000000000000000e+00 0.000000000000000000e+00
0.000000000000000000e+00 0.000000000000000000e+00 0.000000000000000000e+00 0.000000000000000000e+00 0.000000000000000000e+00 0.000000000000000000e+00 0.000000000000000000e+00
0.000000000000000000e+00 0.000000000000000000e+00 0.000000000000000000e+00 0.000000000000000000e+00 0.000000000000000000e+00 0.000000000000000000e+00 0.000000000000000000e+00
0.000000000000000000e+00 0.000000000000000000e+00 0.000000000000000000e+00 0.000000000000000000e+00 0.000000000000000000e+00 0.000000000000000000e+00 0.000000000000000000e+00
0.000000000000000000e+00 0.000000000000000000e+00 0.000000000000000000e+00 0.000000000000000000e+00 0.000000000000000000e+00 0.000000000000000000e+00 0.000000000000000000e+00
0.000000000000000000e+00 0.000000000000000000e+00 0.000000000000000000e+00 0.000000000000000000e+00 0.000000000000000000e+00 0.000000000000000000e+00 0.000000000000000000e+00
0.000000000000000000e+00 0.000000000000000000e+00 0.000000000000000000e+00 0.000000000000000000e+00 0.000000000000000000e+00 0.000000000000000000e+00 0.000000000000000000e+00
0.000000000000000000e+00 0.000000000000000000e+00 0.000000000000000000e+00 0.000000000000000000e+00 0.000000000000000000e+00 0.000000000000000000e+00 0.000000000000000000e+00
0.000000000000000000e+00 0.000000000000000000e+00 0.000000000000000000e+00 0.000000000000000000e+00 0.000000000000000000e+00 0.000000000000000000e+00 0.000000000000000000e+00
0.000000000000000000e+00 0.000000000000000000e+00 0.000000000000000000e+00 0.000000000000000000e+00 0.000000000000000000e+00 0.000000000000000000e+00 0.000000000000000000e+00
0.000000000000000000e+00 0.000000000000000000e+00 0.000000000000000000e+00 0.000000000000000000e+00 0.000000000000000000e+00 0.000000000000000000e+00 0.000000000000000000e+00
0.000000000000000000e+00 0.000000000000000000e+00 0.000000000000000000e+00 0.000000000000000000e+00 0.000000000000000000e+00 0.000000000000000000e+00 0.000000000000000000e+00
0.000000000000000000e+00 0.000000000000000000e+00 0.000000000000000000e+00 0.000000000000000000e+00 0.000000000000000000e+00 0.000000000000000000e+00 0.000000000000000000e+00
0.000000000000000000e+00 0.000000000000000000e+00 0.000000000000000000e+00 0.000000000000000000e+00 0.000000000000000000e+00 0.000000000000000000e+00 0.000000000000000000e+00
