2.545544245236969800e+02 2.465544245236969800e+02 2.605442452369698003e+01 2.005442452369698003e+01 3.580442452369698003e+01 3.355544245236969800e+02 2.730544245236969800e+02
3.350272882518578967e+02 3.545272882518578967e+02 3.602728825185789674e+01 3.952728825185789674e+01 3.502728825185789674e+01 1.812772882518578967e+02 1.785272882518578967e+02
7.153785313997389039e+00 1.640378531399738904e+01 7.153785313997389039e+00 3.411537853139973890e+02 3.516537853139973890e+02 3.581537853139973890e+02 3.549037853139973890e+02
2.357182616156865151e+01 2.857182616156865151e+01 3.157182616156865151e+01 3.782182616156865151e+01 4.032182616156865151e+01 3.543218261615686515e+02 2.307182616156865151e+01
2.364076437627562655e+01 3.414076437627562655e+01 2.714076437627562655e+01 3.289076437627562655e+01 2.789076437627562655e+01 3.488907643762756265e+02 2.989076437627562655e+01
1.965133480998667892e+01 3.526513348099866789e+02 2.971513348099866789e+02 3.131513348099866789e+02 2.851513348099866789e+02 2.029013348099866789e+02 2.051513348099866789e+02
1.178078305076206789e+01 1.178078305076206789e+01 2.378078305076206789e+01 1.378078305076206789e+01 1.053078305076206789e+01 1.403078305076206789e+01 2.410307830507620679e+02
3.572403738925605694e+02 3.174037389256056940e+01 1.424037389256056940e+01 1.799037389256056940e+01 3.624037389256056940e+01 1.074037389256056940e+01 5.740373892560569402e+00
0.000000000000000000e+00 0.000000000000000000e+00 0.000000000000000000e+00 0.000000000000000000e+00 0.000000000000000000e+00 0.000000000000000000e+00 0.000000000000000000e+00
7.044388754688384324e+00 2.129438875468838432e+01 4.054438875468838432e+01 1.654438875468838432e+01 3.515443887546883843e+02 3.545443887546883843e+02 3.525443887546883843e+02
1.552145967488530687e+01 3.902145967488530687e+01 1.277145967488530687e+01 2.552145967488530687e+01 5.977145967488530687e+01 4.927145967488530687e+01 2.027145967488530687e+01
6.281553102354007478e+01 1.050655310235400748e+02 1.285655310235400748e+02 9.431553102354007478e+01 7.981553102354007478e+01 1.556553102354007478e+01 1.978155310235400748e+02
1.104873230223302016e+01 4.404873230223302016e+01 3.679873230223302016e+01 3.179873230223302016e+01 2.104873230223302016e+01 8.798732302233020164e+00 4.548732302233020164e+00
0.000000000000000000e+00 0.000000000000000000e+00 0.000000000000000000e+00 0.000000000000000000e+00 0.000000000000000000e+00 0.000000000000000000e+00 0.000000000000000000e+00
3.314700284086542297e+02 3.539700284086542297e+02 4.700284086542296791e-01 3.574700284086542297e+02 7.470028408654229679e+00 1.047002840865422968e+01 7.470028408654229679e+00
0.000000000000000000e+00 0.000000000000000000e+00 0.000000000000000000e+00 0.000000000000000000e+00 0.000000000000000000e+00 0.000000000000000000e+00 0.000000000000000000e+00
0.000000000000000000e+00 0.000000000000000000e+00 0.000000000000000000e+00 0.000000000000000000e+00 0.000000000000000000e+00 0.000000000000000000e+00 0.000000000000000000e+00
0.000000000000000000e+00 0.000000000000000000e+00 0.000000000000000000e+00 0.000000000000000000e+00 0.000000000000000000e+00 0.000000000000000000e+00 0.000000000000000000e+00
0.000000000000000000e+00 0.000000000000000000e+00 0.000000000000000000e+00 0.000000000000000000e+00 0.000000000000000000e+00 0.000000000000000000e+00 0.000000000000000000e+00
0.000000000000000000e+00 0.000000000000000000e+00 0.000000000000000000e+00 0.000000000000000000e+00 0.000000000000000000e+00 0.000000000000000000e+00 0.000000000000000000e+00
1.128425125012120134e+01 3.034251250121201338e+00 1.528425125012120134e+01 2.953425125012120134e+01 1.353425125012120134e+01 1.828425125012120134e+01 2.947842512501212013e+02
6.761950711744475484e+00 3.412619507117444755e+02 3.552619507117444755e+02 3.562619507117444755e+02 1.011950711744475484e+00 7.511950711744475484e+00 1.551195071174447548e+01
3.454350646179478872e+02 3.339350646179478872e+02 3.461850646179478872e+02 9.435064617947887200e+00 3.594350646179478872e+02 3.526850646179478872e+02 3.466850646179478872e+02
5.730218055382124476e+00 1.048021805538212448e+01 1.573021805538212448e+01 3.582302180553821245e+02 3.417302180553821245e+02 3.599802180553821245e+02 3.494802180553821245e+02
2.585421692568888830e+01 3.473542169256888883e+02 3.418542169256888883e+02 1.135421692568888830e+01 3.463542169256888883e+02 3.243542169256888883e+02 2.410421692568888830e+01
3.382113997555799187e+02 3.447113997555799187e+02 3.499613997555799187e+02 4.961399755579918747e+00 3.544613997555799187e+02 1.596139975557991875e+01 2.272113997555799187e+02
4.815594226426185287e+01 2.340594226426185287e+01 3.655942264261852870e+00 4.405942264261852870e+00 3.551559422642618529e+02 3.531559422642618529e+02 2.155942264261852870e+00
0.000000000000000000e+00 0.000000000000000000e+00 0.000000000000000000e+00 0.000000000000000000e+00 0.000000000000000000e+00 0.000000000000000000e+00 0.000000000000000000e+00
1.146843988485670707e-01 3.546146843988485671e+02 3.591146843988485671e+02 3.578646843988485671e+02 2.448646843988485671e+02 2.841146843988485671e+02 3.391146843988485671e+02
1.800694129337114191e+01 3.557569412933711419e+02 2.162569412933711419e+02 2.162569412933711419e+02 2.180069412933711419e+02 1.475694129337114191e+01 3.850694129337114191e+01
4.088141290218914037e+00 3.543381412902189140e+02 3.545881412902189140e+02 3.520881412902189140e+02 1.133814129021891404e+01 3.858814129021891404e+01 1.733381412902189140e+02
3.542011038586167615e+02 3.562011038586167615e+02 1.045110385861676150e+01 1.045110385861676150e+01 3.484511038586167615e+02 1.769511038586167615e+02 1.359511038586167615e+02
0.000000000000000000e+00 0.000000000000000000e+00 0.000000000000000000e+00 0.000000000000000000e+00 0.000000000000000000e+00 0.000000000000000000e+00 0.000000000000000000e+00
3.441896605090742582e+02 5.189660509074258243e+00 8.939660509074258243e+00 8.689660509074258243e+00 3.189660509074258243e+00 3.439660509074258243e+00 1.168966050907425824e+01
3.427753205677351502e+02 3.370253205677351502e+02 3.482753205677351502e+02 5.025320567735150235e+00 1.727532056773515023e+01 3.302532056773515023e+01 5.227532056773515023e+01
3.222797074133480351e+02 3.095297074133480351e+02 1.735297074133480351e+02 1.185297074133480351e+02 8.527970741334803506e+01 3.565297074133480351e+02 3.015297074133480351e+02
3.891729811152913499e+00 2.064172981115291350e+01 2.514172981115291350e+01 5.489172981115291350e+01 3.039172981115291350e+01 3.426417298111529135e+02 4.141729811152913499e+00
3.487928130533147169e+02 3.527928130533147169e+02 2.804281305331471685e+01 6.904281305331471685e+01 3.204281305331471685e+01 6.292813053314716853e+00 9.054281305331471685e+01
1.019179889864176403e+01 5.444179889864176403e+01 3.501917988986417640e+02 3.484417988986417640e+02 3.236917988986417640e+02 2.454417988986417640e+02 1.341917988986417640e+02
1.147335679137987654e+02 6.548356791379876540e+01 2.147335679137987654e+02 2.797335679137987654e+02 2.599835679137987654e+02 7.498356791379876540e+01 3.479835679137987654e+02
3.576967381082948805e+02 3.599467381082948805e+02 7.946738108294880476e+00 2.196738108294880476e+00 3.564467381082948805e+02 1.866967381082948805e+02 6.344673810829488048e+01
0.000000000000000000e+00 0.000000000000000000e+00 0.000000000000000000e+00 0.000000000000000000e+00 0.000000000000000000e+00 0.000000000000000000e+00 0.000000000000000000e+00
3.367337393617833641e+02 2.959837393617833641e+02 8.733739361783364075e+00 4.023373936178336407e+01 5.798373936178336407e+01 2.177337393617833641e+02 2.407337393617833641e+02
3.575093143269579059e+02 1.650931432695790591e+01 5.400931432695790591e+01 2.872593143269579059e+02 2.605093143269579059e+02 2.512593143269579059e+02 3.562593143269579059e+02
4.412655276811847216e+00 3.401626552768118472e+02 3.306626552768118472e+02 2.341265527681184722e+01 2.631626552768118472e+02 2.614126552768118472e+02 2.346626552768118472e+02
3.141439966827839498e+02 2.931439966827839498e+02 2.783939966827839498e+02 2.413939966827839498e+02 1.339399668278394984e+01 5.393996682783949836e+00 4.143996682783949836e+00
3.316651796638231531e+02 3.454151796638231531e+02 3.429151796638231531e+02 3.404151796638231531e+02 3.499151796638231531e+02 4.665179663823153078e+00 2.816517966382315308e+01
0.000000000000000000e+00 0.000000000000000000e+00 0.000000000000000000e+00 0.000000000000000000e+00 0.000000000000000000e+00 0.000000000000000000e+00 0.000000000000000000e+00
0.000000000000000000e+00 0.000000000000000000e+00 0.000000000000000000e+00 0.000000000000000000e+00 0.000000000000000000e+00 0.000000000000000000e+00 0.000000000000000000e+00
3.502291178887485898e+02 2.622911788874858985e+01 1.897911788874858985e+01 7.291178887485898485e-01 3.587291178887485898e+02 6.479117888748589849e+00 2.147911788874858985e+01
7.908082171143746564e+00 2.290808217114374656e+01 3.908082171143746564e+00 3.196580821711437466e+02 3.359080821711437466e+02 3.506580821711437466e+02 4.080821711437465638e-01
2.520208351268667002e+01 2.220208351268667002e+01 1.270208351268667002e+01 7.370208351268667002e+01 2.695208351268667002e+01 1.695208351268667002e+01 3.452083512686670019e+00
0.000000000000000000e+00 0.000000000000000000e+00 0.000000000000000000e+00 0.000000000000000000e+00 0.000000000000000000e+00 0.000000000000000000e+00 0.000000000000000000e+00
2.827751558076289484e+02 2.747751558076289484e+02 2.855251558076289484e+02 3.092751558076289484e+02 3.295251558076289484e+02 3.552751558076289484e+02 3.462751558076289484e+02
1.533845605251087818e+01 7.338456052510878180e+00 1.708845605251087818e+01 3.540884560525108782e+02 4.883845605251087818e+01 1.380884560525108782e+02 3.293384560525108782e+02
0.000000000000000000e+00 0.000000000000000000e+00 0.000000000000000000e+00 0.000000000000000000e+00 0.000000000000000000e+00 0.000000000000000000e+00 0.000000000000000000e+00
0.000000000000000000e+00 0.000000000000000000e+00 0.000000000000000000e+00 0.000000000000000000e+00 0.000000000000000000e+00 0.000000000000000000e+00 0.000000000000000000e+00
0.000000000000000000e+00 0.000000000000000000e+00 0.000000000000000000e+00 0.000000000000000000e+00 0.000000000000000000e+00 0.000000000000000000e+00 0.000000000000000000e+00
0.000000000000000000e+00 0.000000000000000000e+00 0.000000000000000000e+00 0.000000000000000000e+00 0.000000000000000000e+00 0.000000000000000000e+00 0.000000000000000000e+00
3.599005404422882748e+00 1.959900540442288275e+01 3.609900540442288275e+01 3.159900540442288275e+01 2.759900540442288275e+01 2.990990054044228827e+02 1.670990054044228827e+02
3.284869512633849808e+01 9.848695126338498085e+00 3.500986951263384981e+02 3.530986951263384981e+02 9.598695126338498085e+00 1.848695126338498085e+00 1.759869512633849808e+01
1.677038390695315684e+01 1.627038390695315684e+01 2.077038390695315684e+01 8.270383906953156838e+00 3.577703839069531568e+02 3.235203839069531568e+02 2.435203839069531568e+02
3.375566217657103607e+02 3.475566217657103607e+02 3.498066217657103607e+02 3.223066217657103607e+02 2.963066217657103607e+02 2.065566217657103607e+02 2.178066217657103607e+02
0.000000000000000000e+00 0.000000000000000000e+00 0.000000000000000000e+00 0.000000000000000000e+00 0.000000000000000000e+00 0.000000000000000000e+00 0.000000000000000000e+00
3.344709552719743897e+02 3.127209552719743897e+02 3.299709552719743897e+02 2.097095527197438969e+01 6.472095527197438969e+01 7.197095527197438969e+01 2.909709552719743897e+02
0.000000000000000000e+00 0.000000000000000000e+00 0.000000000000000000e+00 0.000000000000000000e+00 0.000000000000000000e+00 0.000000000000000000e+00 0.000000000000000000e+00
4.982824203407847108e+01 2.382824203407847108e+01 1.482824203407847108e+01 4.057824203407847108e+01 6.882824203407847108e+01 5.332824203407847108e+01 5.232824203407847108e+01
3.723262084988863307e+01 7.982620849888633074e+00 1.073262084988863307e+01 3.219826208498886331e+02 2.869826208498886331e+02 3.177326208498886331e+02 3.049826208498886331e+02
