1.173665154138774938e+02 3.421165154138774938e+02 2.976165154138774938e+02 3.011165154138774938e+02 2.933665154138774938e+02 2.826165154138774938e+02 2.268665154138774938e+02
2.743872238763952964e+02 9.763722387639529643e+01 9.463722387639529643e+01 9.563722387639529643e+01 9.513722387639529643e+01 2.736372238763952964e+02 2.731372238763952964e+02
3.675786345228812024e+01 1.457578634522881202e+02 1.455078634522881202e+02 2.905078634522881202e+02 1.545078634522881202e+02 1.520078634522881202e+02 1.532578634522881202e+02
1.070419132387700074e+02 1.040419132387700074e+02 1.085419132387700074e+02 1.092919132387700074e+02 1.095419132387700074e+02 9.729191323877000741e+01 2.912919132387700074e+02
2.913640987854387276e+02 2.903640987854387276e+02 2.893640987854387276e+02 2.941140987854387276e+02 1.051140987854387276e+02 1.076140987854387276e+02 1.071140987854387276e+02
2.651724952302879501e+02 2.656724952302879501e+02 2.664224952302879501e+02 8.642249523028795011e+01 2.579224952302879501e+02 2.579224952302879501e+02 2.649224952302879501e+02
1.120547737009443381e+02 2.938047737009443381e+02 2.970547737009443381e+02 1.140547737009443381e+02 1.143047737009443381e+02 1.140547737009443381e+02 2.923047737009443381e+02
8.794532074970686608e+01 9.169532074970686608e+01 1.644453207497068661e+02 2.456953207497068661e+02 1.074453207497068661e+02 1.026953207497068661e+02 1.496953207497068661e+02
0.000000000000000000e+00 0.000000000000000000e+00 0.000000000000000000e+00 0.000000000000000000e+00 0.000000000000000000e+00 0.000000000000000000e+00 0.000000000000000000e+00
1.148975654624415483e+02 3.368975654624415483e+02 6.147565462441548334e+00 1.273975654624415483e+02 1.698975654624415483e+02 2.151475654624415483e+02 2.268975654624415483e+02
2.248739875478760837e+02 2.743739875478760837e+02 1.373739875478760837e+02 1.408739875478760837e+02 1.421239875478760837e+02 1.281239875478760837e+02 2.843739875478760837e+02
1.694915570699397449e+02 6.349155706993974491e+01 6.124155706993974491e+01 1.862415570699397449e+02 1.502415570699397449e+02 1.152415570699397449e+02 8.424155706993974491e+01
3.109916444895160339e+02 3.297416444895160339e+02 2.499916444895160339e+02 2.539916444895160339e+02 2.082416444895160339e+02 2.324916444895160339e+02 3.167416444895160339e+02
0.000000000000000000e+00 0.000000000000000000e+00 0.000000000000000000e+00 0.000000000000000000e+00 0.000000000000000000e+00 0.000000000000000000e+00 0.000000000000000000e+00
9.498544856049284135e+01 2.569854485604928414e+02 2.444854485604928414e+02 1.985448560492841352e+00 1.873544856049284135e+01 2.717354485604928414e+02 2.417354485604928414e+02
0.000000000000000000e+00 0.000000000000000000e+00 0.000000000000000000e+00 0.000000000000000000e+00 0.000000000000000000e+00 0.000000000000000000e+00 0.000000000000000000e+00
0.000000000000000000e+00 0.000000000000000000e+00 0.000000000000000000e+00 0.000000000000000000e+00 0.000000000000000000e+00 0.000000000000000000e+00 0.000000000000000000e+00
0.000000000000000000e+00 0.000000000000000000e+00 0.000000000000000000e+00 0.000000000000000000e+00 0.000000000000000000e+00 0.000000000000000000e+00 0.000000000000000000e+00
0.000000000000000000e+00 0.000000000000000000e+00 0.000000000000000000e+00 0.000000000000000000e+00 0.000000000000000000e+00 0.000000000000000000e+00 0.000000000000000000e+00
0.000000000000000000e+00 0.000000000000000000e+00 0.000000000000000000e+00 0.000000000000000000e+00 0.000000000000000000e+00 0.000000000000000000e+00 0.000000000000000000e+00
1.465406515944436592e+02 3.112906515944436592e+02 2.987906515944436592e+02 2.955406515944436592e+02 2.954065159444365918e+01 3.350406515944436592e+02 1.517906515944436592e+02
2.761842791949800358e+02 2.754342791949800358e+02 2.756842791949800358e+02 2.761842791949800358e+02 2.766842791949800358e+02 2.756842791949800358e+02 2.736842791949800358e+02
1.464970773099265671e+02 3.264970773099265671e+02 1.509970773099265671e+02 2.672470773099265671e+02 1.444970773099265671e+02 3.239970773099265671e+02 2.657470773099265671e+02
3.250172865878610651e+02 8.376728658786106507e+01 8.701728658786106507e+01 2.920172865878610651e+02 2.665172865878610651e+02 2.710172865878610651e+02 3.270172865878610651e+02
3.353176965869844253e+02 3.325676965869844253e+02 3.320676965869844253e+02 3.323176965869844253e+02 3.318176965869844253e+02 1.655676965869844253e+02 1.585676965869844253e+02
2.241817000933307327e+02 4.668170009333073267e+01 4.618170009333073267e+01 4.518170009333073267e+01 4.343170009333073267e+01 2.204317000933307327e+02 4.118170009333073267e+01
7.887545420864080370e+01 2.743754542086408037e+02 9.262545420864080370e+01 2.473754542086408037e+02 2.386254542086408037e+02 6.687545420864080370e+01 6.412545420864080370e+01
0.000000000000000000e+00 0.000000000000000000e+00 0.000000000000000000e+00 0.000000000000000000e+00 0.000000000000000000e+00 0.000000000000000000e+00 0.000000000000000000e+00
7.458447754822935849e+01 2.688344775482293585e+02 3.315844775482293585e+02 1.334477548229358490e+00 4.158447754822935849e+01 9.633447754822935849e+01 1.013344775482293585e+02
4.226953790898818397e+01 4.351953790898818397e+01 4.351953790898818397e+01 3.801953790898818397e+01 3.292695379089881840e+02 2.275195379089881840e+02 4.726953790898818397e+01
2.383350791123683621e+01 8.508350791123683621e+01 1.893335079112368362e+02 1.048335079112368362e+02 2.598335079112368362e+02 4.083350791123683621e+01 7.608350791123683621e+01
1.445398517009153920e+02 1.020398517009153920e+02 1.137898517009153920e+02 1.892898517009153920e+02 2.630398517009153920e+02 2.867898517009153920e+02 2.710398517009153920e+02
0.000000000000000000e+00 0.000000000000000000e+00 0.000000000000000000e+00 0.000000000000000000e+00 0.000000000000000000e+00 0.000000000000000000e+00 0.000000000000000000e+00
1.585684398792241154e+02 1.720684398792241154e+02 1.983184398792241154e+02 2.281843987922411543e+01 1.573184398792241154e+02 1.768184398792241154e+02 1.278184398792241154e+02
1.220298717302968043e+02 2.380298717302968043e+02 1.712798717302968043e+02 2.110298717302968043e+02 1.900298717302968043e+02 3.190298717302968043e+02 3.062798717302968043e+02
3.191969165326310076e+01 2.744196916532631008e+02 2.346696916532631008e+02 2.391969165326310076e+01 2.551696916532631008e+02 2.556696916532631008e+02 2.064196916532631008e+02
2.777413049340684665e+02 1.059913049340684665e+02 2.882413049340684665e+02 2.964913049340684665e+02 3.014913049340684665e+02 1.144913049340684665e+02 1.124913049340684665e+02
1.241731982144326594e+02 1.241731982144326594e+02 3.106731982144326594e+02 3.054231982144326594e+02 1.254231982144326594e+02 1.244231982144326594e+02 1.231731982144326594e+02
3.162814668262788018e+02 3.147814668262788018e+02 3.325314668262788018e+02 3.335314668262788018e+02 3.337814668262788018e+02 3.285314668262788018e+02 1.585314668262788018e+02
1.285685152938385158e+02 1.283185152938385158e+02 1.238185152938385158e+02 3.103185152938385158e+02 3.095685152938385158e+02 1.293185152938385158e+02 3.055685152938385158e+02
6.037582694682220108e+01 2.443758269468222011e+02 6.012582694682220108e+01 6.462582694682220108e+01 6.537582694682220108e+01 6.687582694682220108e+01 6.687582694682220108e+01
0.000000000000000000e+00 0.000000000000000000e+00 0.000000000000000000e+00 0.000000000000000000e+00 0.000000000000000000e+00 0.000000000000000000e+00 0.000000000000000000e+00
2.640601475795764372e+02 1.095601475795764372e+02 8.156014757957643724e+01 2.693101475795764372e+02 2.635601475795764372e+02 2.590601475795764372e+02 2.650601475795764372e+02
2.813205892870939806e+02 1.403205892870939806e+02 1.030705892870939806e+02 1.015705892870939806e+02 1.015705892870939806e+02 9.982058928709398060e+01 2.908205892870939806e+02
4.420856000370588390e+01 5.120856000370588390e+01 4.895856000370588390e+01 3.720856000370588390e+01 4.995856000370588390e+01 5.270856000370588390e+01 2.264585600037058839e+02
3.378747251980651072e+02 3.423747251980651072e+02 3.336247251980651072e+02 1.603747251980651072e+02 1.613747251980651072e+02 1.651247251980651072e+02 1.616247251980651072e+02
5.141185960552013512e+01 5.041185960552013512e+01 2.311618596055201351e+02 2.301618596055201351e+02 4.216185960552013512e+01 4.966185960552013512e+01 5.691185960552013512e+01
0.000000000000000000e+00 0.000000000000000000e+00 0.000000000000000000e+00 0.000000000000000000e+00 0.000000000000000000e+00 0.000000000000000000e+00 0.000000000000000000e+00
0.000000000000000000e+00 0.000000000000000000e+00 0.000000000000000000e+00 0.000000000000000000e+00 0.000000000000000000e+00 0.000000000000000000e+00 0.000000000000000000e+00
1.093567383891308396e+02 1.253567383891308396e+02 1.266067383891308396e+02 1.251067383891308396e+02 1.256067383891308396e+02 1.448567383891308396e+02 1.296067383891308396e+02
1.011587955388952764e+02 9.890879553889527642e+01 1.089087955388952764e+02 2.941587955388952764e+02 1.084087955388952764e+02 2.881587955388952764e+02 1.191587955388952764e+02
1.313341938109966236e+02 1.303341938109966236e+02 1.340841938109966236e+02 1.438341938109966236e+02 1.353341938109966236e+02 3.423341938109966236e+02 2.678341938109966236e+02
0.000000000000000000e+00 0.000000000000000000e+00 0.000000000000000000e+00 0.000000000000000000e+00 0.000000000000000000e+00 0.000000000000000000e+00 0.000000000000000000e+00
3.207078005874736846e+02 3.172078005874736846e+02 3.159578005874736846e+02 3.152078005874736846e+02 3.149578005874736846e+02 3.122078005874736846e+02 3.162078005874736846e+02
3.090677775652629862e+02 3.085677775652629862e+02 1.333177775652629862e+02 1.318177775652629862e+02 1.348177775652629862e+02 3.158177775652629862e+02 1.258177775652629862e+02
0.000000000000000000e+00 0.000000000000000000e+00 0.000000000000000000e+00 0.000000000000000000e+00 0.000000000000000000e+00 0.000000000000000000e+00 0.000000000000000000e+00
0.000000000000000000e+00 0.000000000000000000e+00 0.000000000000000000e+00 0.000000000000000000e+00 0.000000000000000000e+00 0.000000000000000000e+00 0.000000000000000000e+00
0.000000000000000000e+00 0.000000000000000000e+00 0.000000000000000000e+00 0.000000000000000000e+00 0.000000000000000000e+00 0.000000000000000000e+00 0.000000000000000000e+00
0.000000000000000000e+00 0.000000000000000000e+00 0.000000000000000000e+00 0.000000000000000000e+00 0.000000000000000000e+00 0.000000000000000000e+00 0.000000000000000000e+00
1.397270692236273248e+02 5.947706922362732485e+01 2.597706922362732485e+01 4.972706922362732485e+01 1.819770692236273248e+02 2.102270692236273248e+02 2.722706922362732485e+01
2.373334316749053414e+02 6.708343167490534142e+01 2.155834316749053414e+02 2.405834316749053414e+02 2.503334316749053414e+02 2.433343167490534142e+01 5.483343167490534142e+01
8.098367691552277847e+01 9.023367691552277847e+01 8.973367691552277847e+01 9.073367691552277847e+01 9.398367691552277847e+01 9.948367691552277847e+01 1.104836769155227785e+02
1.937394125555960045e+01 2.171239412555596004e+02 2.143739412555596004e+02 1.588739412555596004e+02 4.662394125555960045e+01 5.812394125555960045e+01 5.462394125555960045e+01
0.000000000000000000e+00 0.000000000000000000e+00 0.000000000000000000e+00 0.000000000000000000e+00 0.000000000000000000e+00 0.000000000000000000e+00 0.000000000000000000e+00
1.301311972781713848e+02 3.523811972781713848e+02 3.453811972781713848e+02 1.948811972781713848e+02 1.866311972781713848e+02 3.146311972781713848e+02 1.661311972781713848e+02
0.000000000000000000e+00 0.000000000000000000e+00 0.000000000000000000e+00 0.000000000000000000e+00 0.000000000000000000e+00 0.000000000000000000e+00 0.000000000000000000e+00
7.594728250129617209e+01 7.619728250129617209e+01 8.044728250129617209e+01 2.976972825012961721e+02 2.874472825012961721e+02 2.886972825012961721e+02 2.904472825012961721e+02
8.992207284489830954e+01 1.156720728448983095e+02 2.761720728448983095e+02 3.084220728448983095e+02 3.191720728448983095e+02 1.191720728448983095e+02 2.284220728448983095e+02
