0.000000000000000000e+00 0.000000000000000000e+00 0.000000000000000000e+00 0.000000000000000000e+00 0.000000000000000000e+00 0.000000000000000000e+00 0.000000000000000000e+00
0.000000000000000000e+00 0.000000000000000000e+00 0.000000000000000000e+00 0.000000000000000000e+00 0.000000000000000000e+00 0.000000000000000000e+00 0.000000000000000000e+00
0.000000000000000000e+00 0.000000000000000000e+00 0.000000000000000000e+00 0.000000000000000000e+00 0.000000000000000000e+00 0.000000000000000000e+00 0.000000000000000000e+00
0.000000000000000000e+00 0.000000000000000000e+00 0.000000000000000000e+00 0.000000000000000000e+00 0.000000000000000000e+00 0.000000000000000000e+00 0.000000000000000000e+00
0.000000000000000000e+00 0.000000000000000000e+00 0.000000000000000000e+00 0.000000000000000000e+00 0.000000000000000000e+00 0.000000000000000000e+00 0.000000000000000000e+00
0.000000000000000000e+00 0.000000000000000000e+00 0.000000000000000000e+00 0.000000000000000000e+00 0.000000000000000000e+00 0.000000000000000000e+00 0.000000000000000000e+00
9.909865303257586744e-01 9.912963448703017155e-01 9.945059742513910894e-01 9.629497497208666656e-01 7.947224672336776763e-01 5.366496288581468210e-01 3.866874289448888335e-01
9.875793704776000270e-01 9.884021627445650493e-01 9.784524651086961011e-01 9.243771620884676521e-01 6.660128301440946252e-01 6.418275942128427447e-01 7.043524110203783772e-01
0.000000000000000000e+00 0.000000000000000000e+00 0.000000000000000000e+00 0.000000000000000000e+00 0.000000000000000000e+00 0.000000000000000000e+00 0.000000000000000000e+00
9.577072328632315612e-01 9.576096549211186026e-01 9.458452234885674770e-01 8.961091204926453502e-01 7.860450452350830064e-01 6.754837981383949863e-01 8.930997239946121269e-01
9.879161863509409169e-01 9.877733814714038107e-01 9.867768109302259560e-01 9.779912298824329220e-01 8.533587924861687490e-01 4.114271558617112468e-01 4.494415293293326785e-01
7.769401618762630246e-01 7.569764331775831190e-01 6.877177744657623215e-01 5.452194616600570809e-01 4.105191854987562672e-01 2.332703035718087237e-01 4.710492042920269573e-01
9.800653601283216831e-01 9.633376605653320990e-01 9.376412804413151170e-01 6.793426887051624563e-01 5.295418389459171093e-01 6.062548844506250312e-01 7.812843759061361970e-01
0.000000000000000000e+00 0.000000000000000000e+00 0.000000000000000000e+00 0.000000000000000000e+00 0.000000000000000000e+00 0.000000000000000000e+00 0.000000000000000000e+00
9.829855793060356950e-01 9.857913852327518933e-01 9.893280482759670980e-01 9.894483529807911459e-01 9.947263250014357627e-01 9.971467441583283797e-01 9.962287983893373111e-01
0.000000000000000000e+00 0.000000000000000000e+00 0.000000000000000000e+00 0.000000000000000000e+00 0.000000000000000000e+00 0.000000000000000000e+00 0.000000000000000000e+00
0.000000000000000000e+00 0.000000000000000000e+00 0.000000000000000000e+00 0.000000000000000000e+00 0.000000000000000000e+00 0.000000000000000000e+00 0.000000000000000000e+00
0.000000000000000000e+00 0.000000000000000000e+00 0.000000000000000000e+00 0.000000000000000000e+00 0.000000000000000000e+00 0.000000000000000000e+00 0.000000000000000000e+00
0.000000000000000000e+00 0.000000000000000000e+00 0.000000000000000000e+00 0.000000000000000000e+00 0.000000000000000000e+00 0.000000000000000000e+00 0.000000000000000000e+00
0.000000000000000000e+00 0.000000000000000000e+00 0.000000000000000000e+00 0.000000000000000000e+00 0.000000000000000000e+00 0.000000000000000000e+00 0.000000000000000000e+00
9.784776299788923160e-01 9.815678714206202971e-01 9.836029881814781772e-01 9.777588317663818973e-01 9.676088900706865115e-01 9.583495232926717566e-01 8.367215903758817852e-01
9.717390906032064013e-01 9.775069241104986650e-01 9.728687582435656678e-01 9.664057179860223723e-01 9.731777590411498924e-01 5.899108808531318138e-01 9.733370376235170873e-01
9.276578345286288219e-01 9.483691973521206631e-01 9.535515174772050129e-01 9.323522077524535323e-01 9.558805810139697767e-01 9.594565116416141626e-01 9.639810459068722803e-01
9.888526673659492339e-01 9.885497899817874412e-01 9.882154931331587067e-01 9.884201492421215152e-01 9.876910499790835241e-01 9.696932210160941201e-01 7.033098400078531265e-01
7.195108871580603305e-01 5.444000123454151296e-01 6.239777944091398076e-01 8.146245312885982415e-01 8.286320085868392749e-01 8.968957360319543826e-01 9.285800704293153407e-01
9.710186087919603359e-01 9.726568322591786497e-01 9.837613525255635150e-01 9.856704846588102420e-01 9.886165842166748652e-01 8.964013249374946923e-01 4.568699143236437110e-01
9.887132190708558532e-01 9.850025652083785888e-01 9.787787453912393243e-01 9.658092995620159993e-01 9.233337844889368817e-01 8.627624433580890484e-01 8.416161908342055797e-01
0.000000000000000000e+00 0.000000000000000000e+00 0.000000000000000000e+00 0.000000000000000000e+00 0.000000000000000000e+00 0.000000000000000000e+00 0.000000000000000000e+00
9.637107165983633816e-01 9.730091416591200026e-01 9.858622556621351452e-01 9.899560031610782351e-01 9.904165414413375057e-01 9.531772160247370396e-01 6.379647420422170923e-01
9.206703282898252017e-01 9.327881603631321683e-01 8.916872373715962752e-01 7.139690510990923666e-01 3.527808798301009796e-01 4.309980739917575465e-01 3.807610582612537264e-01
9.835936670309566310e-01 9.854511337289709738e-01 9.855297004589322896e-01 9.744309121855584399e-01 9.248079327760010404e-01 8.018193798228440139e-01 5.949597639902469703e-01
8.847391151819364863e-01 7.985391446848397745e-01 8.260978439625453751e-01 9.372681512010837546e-01 9.209432073000266561e-01 8.375181955092632080e-01 6.496379850992775040e-01
0.000000000000000000e+00 0.000000000000000000e+00 0.000000000000000000e+00 0.000000000000000000e+00 0.000000000000000000e+00 0.000000000000000000e+00 0.000000000000000000e+00
9.012311285579555076e-01 8.338378268514776703e-01 7.308186677118602148e-01 8.659702004146272447e-01 9.640129639461615385e-01 9.795974026051124106e-01 9.720911758195386332e-01
9.917032256336160145e-01 9.912356887976715436e-01 9.932350872261777042e-01 9.785207478934597747e-01 9.234649118496354170e-01 5.231712435430709851e-01 3.514211351532978145e-01
4.601088447755801170e-01 3.926600483227471461e-01 4.123598841804258508e-01 6.727965607381124480e-01 8.333881362604488308e-01 8.553818227991749623e-01 4.285463035906049156e-01
5.298163504477617636e-01 5.781531700208392133e-01 8.617693349591039054e-01 9.735006550233372691e-01 9.927393958536667729e-01 9.662272770920662390e-01 9.618010798477852896e-01
9.825159784790261641e-01 9.818042921200822448e-01 9.568990734665620002e-01 8.581621376490086162e-01 8.954428029788371601e-01 5.038997651961464319e-01 3.277253823733262683e-01
8.631040266902366698e-01 8.626428079729177023e-01 8.547849327659003960e-01 8.624398478718338090e-01 8.296735678556247384e-01 5.564598486876315420e-01 4.876891347281744893e-01
6.501251001213924630e-01 5.833587163825779687e-01 6.917582034842687522e-01 7.956524992674690600e-01 6.546189934307659053e-01 7.050547779295772699e-01 8.376399860781046369e-01
9.596498526440256915e-01 9.623261789317305581e-01 9.601309819730855510e-01 9.638710405581998319e-01 9.705729952395597548e-01 9.518301883057539436e-01 9.514642789503813258e-01
0.000000000000000000e+00 0.000000000000000000e+00 0.000000000000000000e+00 0.000000000000000000e+00 0.000000000000000000e+00 0.000000000000000000e+00 0.000000000000000000e+00
9.774127960384099145e-01 9.797758443059029210e-01 9.817226613661191870e-01 9.767236909129746181e-01 9.339788233792567507e-01 5.455043439888950241e-01 1.930808146688583193e-01
7.242988546171583719e-01 8.591317844191579400e-01 8.761284149303020241e-01 8.950314058236177317e-01 9.031526095543462862e-01 9.289403046680537734e-01 8.489011117367537551e-01
9.726120440850295479e-01 9.729107421314675541e-01 9.802524262617801076e-01 9.820669297243797002e-01 9.814745685476823356e-01 9.682067846499007313e-01 6.247541148139417189e-01
7.772762242246451514e-01 6.020879921853914407e-01 6.271286021477014971e-01 9.097014201296159674e-01 6.644354417712992067e-01 5.627848331475082677e-01 3.108213696391716740e-01
9.776443612824259333e-01 9.865815673903780558e-01 9.905845401632696889e-01 9.915056537760047473e-01 9.922286150480610356e-01 9.942737299358690439e-01 9.851510349206266115e-01
0.000000000000000000e+00 0.000000000000000000e+00 0.000000000000000000e+00 0.000000000000000000e+00 0.000000000000000000e+00 0.000000000000000000e+00 0.000000000000000000e+00
0.000000000000000000e+00 0.000000000000000000e+00 0.000000000000000000e+00 0.000000000000000000e+00 0.000000000000000000e+00 0.000000000000000000e+00 0.000000000000000000e+00
9.725361925681462738e-01 9.630862479256360187e-01 8.172590415299008093e-01 6.126980669464642260e-01 6.501412843619435167e-01 5.456904756352564112e-01 5.246293978777148981e-01
0.000000000000000000e+00 0.000000000000000000e+00 0.000000000000000000e+00 0.000000000000000000e+00 0.000000000000000000e+00 0.000000000000000000e+00 0.000000000000000000e+00
0.000000000000000000e+00 0.000000000000000000e+00 0.000000000000000000e+00 0.000000000000000000e+00 0.000000000000000000e+00 0.000000000000000000e+00 0.000000000000000000e+00
0.000000000000000000e+00 0.000000000000000000e+00 0.000000000000000000e+00 0.000000000000000000e+00 0.000000000000000000e+00 0.000000000000000000e+00 0.000000000000000000e+00
0.000000000000000000e+00 0.000000000000000000e+00 0.000000000000000000e+00 0.000000000000000000e+00 0.000000000000000000e+00 0.000000000000000000e+00 0.000000000000000000e+00
9.451553212835546169e-01 9.801218510916689386e-01 9.812087123936834576e-01 9.801903863007790374e-01 9.891967638626858461e-01 9.226171852123252748e-01 8.178775312079519244e-01
0.000000000000000000e+00 0.000000000000000000e+00 0.000000000000000000e+00 0.000000000000000000e+00 0.000000000000000000e+00 0.000000000000000000e+00 0.000000000000000000e+00
0.000000000000000000e+00 0.000000000000000000e+00 0.000000000000000000e+00 0.000000000000000000e+00 0.000000000000000000e+00 0.000000000000000000e+00 0.000000000000000000e+00
0.000000000000000000e+00 0.000000000000000000e+00 0.000000000000000000e+00 0.000000000000000000e+00 0.000000000000000000e+00 0.000000000000000000e+00 0.000000000000000000e+00
0.000000000000000000e+00 0.000000000000000000e+00 0.000000000000000000e+00 0.000000000000000000e+00 0.000000000000000000e+00 0.000000000000000000e+00 0.000000000000000000e+00
0.000000000000000000e+00 0.000000000000000000e+00 0.000000000000000000e+00 0.000000000000000000e+00 0.000000000000000000e+00 0.000000000000000000e+00 0.000000000000000000e+00
0.000000000000000000e+00 0.000000000000000000e+00 0.000000000000000000e+00 0.000000000000000000e+00 0.000000000000000000e+00 0.000000000000000000e+00 0.000000000000000000e+00
0.000000000000000000e+00 0.000000000000000000e+00 0.000000000000000000e+00 0.000000000000000000e+00 0.000000000000000000e+00 0.000000000000000000e+00 0.000000000000000000e+00
0.000000000000000000e+00 0.000000000000000000e+00 0.000000000000000000e+00 0.000000000000000000e+00 0.000000000000000000e+00 0.000000000000000000e+00 0.000000000000000000e+00
0.000000000000000000e+00 0.000000000000000000e+00 0.000000000000000000e+00 0.000000000000000000e+00 0.000000000000000000e+00 0.000000000000000000e+00 0.000000000000000000e+00
8.049494693107173138e-01 8.528536560881664341e-01 9.133619926427298807e-01 9.571915893625185801e-01 8.453727975776854642e-01 9.327987068453318376e-01 9.777289875404728825e-01
0.000000000000000000e+00 0.000000000000000000e+00 0.000000000000000000e+00 0.000000000000000000e+00 0.000000000000000000e+00 0.000000000000000000e+00 0.000000000000000000e+00
9.861181743805249589e-01 9.865896744048325839e-01 9.910769584293639411e-01 9.941465416873999095e-01 9.887087383354523640e-01 8.906401682731701630e-01 4.239194250456184698e-01
9.606249479724481288e-01 9.656314280837240416e-01 9.309039769935187891e-01 9.243204940169562622e-01 8.209794025530100514e-01 8.507545038000318138e-01 9.223623922961460275e-01
