2.942828359465170251e+02 2.982828359465170251e+02 2.967828359465170251e+02 2.982828359465170251e+02 2.128283594651705357e+01 6.678283594651705357e+01 6.728283594651705357e+01
3.864866431560642468e+00 2.114866431560642468e+00 3.596148664315606425e+02 4.114866431560642468e+00 1.864866431560642468e+00 3.364866431560642468e+00 4.364866431560642468e+00
3.225760940768225282e+02 3.260760940768225282e+02 3.453260940768225282e+02 2.957609407682252822e+01 2.132609407682252822e+01 3.498260940768225282e+02 1.576094076822528223e+00
6.605233239557094294e+00 1.210523323955709429e+01 1.660523323955709429e+01 1.510523323955709429e+01 1.760523323955709429e+01 2.960523323955709429e+01 3.552332395570942936e-01
6.673319185703405765e+00 7.173319185703405765e+00 3.423319185703405765e+00 8.423319185703405765e+00 3.142331918570340576e+01 5.692331918570340576e+01 3.521733191857034058e+02
7.174703048933110949e-01 3.599674703048933111e+02 3.592174703048933111e+02 3.587174703048933111e+02 3.587174703048933111e+02 3.582174703048933111e+02 3.599674703048933111e+02
3.280184166749279484e+00 2.530184166749279484e+00 2.530184166749279484e+00 1.328018416674927948e+01 1.853018416674927948e+01 4.578018416674927948e+01 3.490301841667492795e+02
2.905090516964258995e+01 2.905090516964258995e+01 2.530090516964258995e+01 1.005090516964258995e+01 1.605090516964258995e+01 2.455090516964258995e+01 6.800905169642589954e+00
0.000000000000000000e+00 0.000000000000000000e+00 0.000000000000000000e+00 0.000000000000000000e+00 0.000000000000000000e+00 0.000000000000000000e+00 0.000000000000000000e+00
3.307194062543902646e+02 3.334694062543902646e+02 3.537194062543902646e+02 2.821940625439023620e+01 3.196940625439023620e+01 1.646940625439023620e+01 5.469406254390236199e+00
1.899401680584884389e+01 1.124401680584884389e+01 3.994016805848843887e+00 3.599940168058488439e+02 1.149401680584884389e+01 5.624401680584884389e+01 4.824401680584884389e+01
1.709040621699409712e+01 1.384040621699409712e+01 2.409040621699409712e+01 4.234040621699409712e+01 4.709040621699409712e+01 2.809040621699409712e+01 3.348404062169940971e+02
2.508428517717777595e+01 2.208428517717777595e+01 1.808428517717777595e+01 2.258428517717777595e+01 2.533428517717777595e+01 1.208428517717777595e+01 3.583342851771777759e+02
0.000000000000000000e+00 0.000000000000000000e+00 0.000000000000000000e+00 0.000000000000000000e+00 0.000000000000000000e+00 0.000000000000000000e+00 0.000000000000000000e+00
3.520541340942711486e+02 3.555541340942711486e+02 3.598041340942711486e+02 3.041340942711485695e-01 3.041340942711485695e-01 1.304134094271148570e+00 1.304134094271148570e+00
0.000000000000000000e+00 0.000000000000000000e+00 0.000000000000000000e+00 0.000000000000000000e+00 0.000000000000000000e+00 0.000000000000000000e+00 0.000000000000000000e+00
0.000000000000000000e+00 0.000000000000000000e+00 0.000000000000000000e+00 0.000000000000000000e+00 0.000000000000000000e+00 0.000000000000000000e+00 0.000000000000000000e+00
0.000000000000000000e+00 0.000000000000000000e+00 0.000000000000000000e+00 0.000000000000000000e+00 0.000000000000000000e+00 0.000000000000000000e+00 0.000000000000000000e+00
0.000000000000000000e+00 0.000000000000000000e+00 0.000000000000000000e+00 0.000000000000000000e+00 0.000000000000000000e+00 0.000000000000000000e+00 0.000000000000000000e+00
0.000000000000000000e+00 0.000000000000000000e+00 0.000000000000000000e+00 0.000000000000000000e+00 0.000000000000000000e+00 0.000000000000000000e+00 0.000000000000000000e+00
1.880301380553822810e+01 1.905301380553822810e+01 1.130301380553822810e+01 3.555530138055382281e+02 1.280301380553822810e+01 1.280301380553822810e+01 3.458030138055382281e+02
9.644536641296213020e-01 3.584644536641296213e+02 1.464453664129621302e+00 6.214453664129621302e+00 8.964453664129621302e+00 3.527144536641296213e+02 3.409644536641296213e+02
3.344603006034790837e+02 3.389603006034790837e+02 3.527103006034790837e+02 2.671030060347908375e+01 3.221030060347908375e+01 1.746030060347908375e+01 1.046030060347908375e+01
2.528152363795129531e+00 1.528152363795129531e+00 1.028152363795129531e+00 1.528152363795129531e+00 2.278152363795129531e+00 5.778152363795129531e+00 3.567781523637951295e+02
3.316743862440107478e+02 2.924386244010719338e+00 2.467438624401071934e+01 3.142438624401071934e+01 3.479243862440107478e+02 3.576743862440107478e+02 1.042438624401071934e+01
3.554839506081017362e+02 3.549839506081017362e+02 3.559839506081017362e+02 3.554839506081017362e+02 7.339506081017361794e-01 1.823395060810173618e+01 1.898395060810173618e+01
3.480170802800474803e+02 3.517670802800474803e+02 3.547670802800474803e+02 3.532670802800474803e+02 3.465170802800474803e+02 3.462670802800474803e+02 3.575170802800474803e+02
0.000000000000000000e+00 0.000000000000000000e+00 0.000000000000000000e+00 0.000000000000000000e+00 0.000000000000000000e+00 0.000000000000000000e+00 0.000000000000000000e+00
2.602418592445758350e+00 4.852418592445758350e+00 6.102418592445758350e+00 4.602418592445758350e+00 6.024185924457583496e-01 3.498524185924457583e+02 3.586024185924457583e+02
1.339485109720592959e+01 3.414485109720592959e+01 3.014485109720592959e+01 6.394851097205929591e+00 6.164485109720590117e+01 7.064485109720590117e+01 2.564485109720592959e+01
3.578820988993955439e+02 3.588820988993955439e+02 1.132098899395543867e+00 3.882098899395543867e+00 3.566320988993955439e+02 3.393820988993955439e+02 3.431320988993955439e+02
3.598873234915908483e+02 1.137323491590862545e+00 2.637323491590862545e+00 2.137323491590862545e+00 1.373234915908625453e-01 3.591373234915908483e+02 2.137323491590862545e+00
0.000000000000000000e+00 0.000000000000000000e+00 0.000000000000000000e+00 0.000000000000000000e+00 0.000000000000000000e+00 0.000000000000000000e+00 0.000000000000000000e+00
1.740112211745315562e+01 5.651122117453155624e+00 3.569011221174531556e+02 3.534011221174531556e+02 3.586511221174531556e+02 3.551511221174531556e+02 3.586511221174531556e+02
3.538909157142475124e+02 3.538909157142475124e+02 3.563909157142475124e+02 3.598909157142475124e+02 1.390915714247512369e+00 3.363909157142475124e+02 1.390915714247512369e+00
2.646191173980946587e+01 2.296191173980946587e+01 2.171191173980946587e+01 2.171191173980946587e+01 3.572119117398094659e+02 6.211911739809444555e+00 3.371191173980946587e+01
3.381608339438549820e+02 3.491608339438549820e+02 3.384108339438549820e+02 3.236608339438549820e+02 3.326608339438549820e+02 3.489108339438549820e+02 3.589108339438549820e+02
1.003934976133876944e+01 2.789349761338769440e+00 3.567893497613387694e+02 3.485393497613387694e+02 3.387893497613387694e+02 3.572893497613387694e+02 3.528934976133876944e+01
1.685565482574224916e+01 1.410565482574224916e+01 3.460565482574224916e+01 5.910565482574224916e+01 5.535565482574224916e+01 4.810565482574224916e+01 4.860565482574224916e+01
