7.570958054841979701e-01 8.806261736214942015e-01 6.376339660659080533e-01 3.711289502234490500e-01 5.850508940240350952e-01 2.652159133645342060e-01 3.805368639790636665e-01
9.684321607427597289e-01 9.624041736202895159e-01 9.639218791657386820e-01 9.534817122763196151e-01 9.605759258114013877e-01 9.777366396086035749e-01 9.899884979784082661e-01
9.312800956338099789e-01 9.531818646885225066e-01 9.171128417313879622e-01 8.991294785810687307e-01 8.884894865420125409e-01 6.550672032367930164e-01 7.907951913095836449e-01
9.723802015461558979e-01 9.692405297117266949e-01 9.499935011007133445e-01 9.287689407343097114e-01 9.134012466089422855e-01 8.072086941004035232e-01 7.696251088745978963e-01
9.381630528526569979e-01 8.985021277502511783e-01 8.279327213257245965e-01 7.899002521148509315e-01 7.046627328487701236e-01 3.176552584368874110e-01 7.884648762737072047e-01
9.448506268506912109e-01 9.567079776889249043e-01 9.766413540299528906e-01 9.840704552688303020e-01 9.842549446968421600e-01 9.783709515001423052e-01 9.703674461366079695e-01
8.939962142749147134e-01 9.030935899243814902e-01 9.102220996846429601e-01 6.446255765841648611e-01 7.549677405186370205e-01 4.688036033361606125e-01 8.990417221862221364e-01
9.351724948924169389e-01 9.308460571688418339e-01 9.284177695301414346e-01 8.779940109114573454e-01 8.704217490301745519e-01 6.355592487423561421e-01 4.835009185420428568e-01
0.000000000000000000e+00 0.000000000000000000e+00 0.000000000000000000e+00 0.000000000000000000e+00 0.000000000000000000e+00 0.000000000000000000e+00 0.000000000000000000e+00
8.983104714046865613e-01 9.271153128794731302e-01 9.118436726063134934e-01 8.581306061860431988e-01 8.788614857175324202e-01 7.538853732023451659e-01 7.714757934194972355e-01
9.591403660683253118e-01 9.560827622556296035e-01 9.577173116377860618e-01 9.344527941692863937e-01 7.110622016349259500e-01 3.454828040301183845e-01 3.786031956793050601e-01
5.205474921906779739e-01 3.375813732295403491e-01 2.621819171036038343e-01 4.649750657545381749e-01 6.834117914024097074e-01 6.704042155507048406e-01 3.175312324635323202e-01
9.400716872151593240e-01 9.469579567749007998e-01 9.352554074237289239e-01 9.183901697736830405e-01 9.586576781989353258e-01 8.918951712102713980e-01 8.529693775956577184e-01
0.000000000000000000e+00 0.000000000000000000e+00 0.000000000000000000e+00 0.000000000000000000e+00 0.000000000000000000e+00 0.000000000000000000e+00 0.000000000000000000e+00
9.801489943193244514e-01 9.862767942986304659e-01 9.895538252155482439e-01 9.837535083529567181e-01 9.913948155961840314e-01 9.953227665538106894e-01 9.933422527586520667e-01
0.000000000000000000e+00 0.000000000000000000e+00 0.000000000000000000e+00 0.000000000000000000e+00 0.000000000000000000e+00 0.000000000000000000e+00 0.000000000000000000e+00
0.000000000000000000e+00 0.000000000000000000e+00 0.000000000000000000e+00 0.000000000000000000e+00 0.000000000000000000e+00 0.000000000000000000e+00 0.000000000000000000e+00
0.000000000000000000e+00 0.000000000000000000e+00 0.000000000000000000e+00 0.000000000000000000e+00 0.000000000000000000e+00 0.000000000000000000e+00 0.000000000000000000e+00
0.000000000000000000e+00 0.000000000000000000e+00 0.000000000000000000e+00 0.000000000000000000e+00 0.000000000000000000e+00 0.000000000000000000e+00 0.000000000000000000e+00
0.000000000000000000e+00 0.000000000000000000e+00 0.000000000000000000e+00 0.000000000000000000e+00 0.000000000000000000e+00 0.000000000000000000e+00 0.000000000000000000e+00
9.590550120140636237e-01 9.545814424899853323e-01 8.718052714488636612e-01 8.632178102639139761e-01 7.616942643522198741e-01 5.918292015929372818e-01 7.682870773544985266e-01
9.196405743785615039e-01 9.454102865147908652e-01 9.554201191768333379e-01 9.677745038927557664e-01 9.747806337458901904e-01 5.620661049740324211e-01 9.498970401017023946e-01
9.120709085395594107e-01 8.944943979348916052e-01 9.599583233677803085e-01 9.865796105464578192e-01 9.905881877414933756e-01 9.827344736854785046e-01 9.798427238749423118e-01
9.659530150342470201e-01 9.657712418039899882e-01 9.617795160182255332e-01 9.593495539217123946e-01 9.699081119766816972e-01 9.802822121074182826e-01 9.778787954345233846e-01
8.076493193692015904e-01 7.215457097048557644e-01 7.952781318471732197e-01 7.613903281748505281e-01 8.026956214357139352e-01 6.200145129995880966e-01 7.453271372748004886e-01
9.718180125691403548e-01 9.752999374893775997e-01 9.721779791405057436e-01 9.595200218245266699e-01 9.460112474630122392e-01 8.077712656271559544e-01 8.893593256055261076e-01
8.962356684157306574e-01 8.995597586212791263e-01 9.396233878028003028e-01 9.563406775178724395e-01 9.348408029495570704e-01 8.385510032163646654e-01 8.973858229281588272e-01
0.000000000000000000e+00 0.000000000000000000e+00 0.000000000000000000e+00 0.000000000000000000e+00 0.000000000000000000e+00 0.000000000000000000e+00 0.000000000000000000e+00
9.425803863287718354e-01 9.441940416811516190e-01 9.457691511611966417e-01 9.444770981502756957e-01 9.452978638257653055e-01 9.593396706107067962e-01 9.832771781476588036e-01
8.159313533924077433e-01 8.477798175450885765e-01 7.126065135901358261e-01 7.433570945078206149e-01 5.450967420041651357e-01 6.216801189099666614e-01 4.926230686920556878e-01
0.000000000000000000e+00 0.000000000000000000e+00 0.000000000000000000e+00 0.000000000000000000e+00 0.000000000000000000e+00 0.000000000000000000e+00 0.000000000000000000e+00
7.864806364716369069e-01 9.115833720136495844e-01 9.073457406196622221e-01 9.372586288049545855e-01 9.637189028733016416e-01 9.733760676589910954e-01 9.434103838704333000e-01
0.000000000000000000e+00 0.000000000000000000e+00 0.000000000000000000e+00 0.000000000000000000e+00 0.000000000000000000e+00 0.000000000000000000e+00 0.000000000000000000e+00
8.059977626364505099e-01 6.514430203448021706e-01 2.851125410476574862e-01 5.166393055321533145e-01 7.119476059232050513e-01 6.683230332140217556e-01 7.438426420123859240e-01
9.808115652119355765e-01 9.835473055048356006e-01 9.807330680837954562e-01 9.844967861645289586e-01 9.772978170809601961e-01 9.603155114538929338e-01 9.538762160741204310e-01
3.841350950056974800e-01 4.471435227837446402e-01 8.880577378095761976e-01 9.355037707775445410e-01 9.015232106354013064e-01 8.536035033456979004e-01 9.598220594510826764e-01
8.413781667618585036e-01 8.101801402350043979e-01 8.617156068210120035e-01 9.399274989803486635e-01 9.766015660101755591e-01 9.533569965370933819e-01 9.443515015751704489e-01
8.721733068252237597e-01 8.354140315458825627e-01 7.062504219112857307e-01 7.278571024236251130e-01 7.416488220098171880e-01 3.658064954343226982e-01 4.417790363703258394e-01
8.341813957984658412e-01 7.686340886144981122e-01 7.248492353712568947e-01 3.216584412372597845e-01 3.454661754011987829e-01 8.077416758496976934e-01 9.171219146643625475e-01
