3.464877304530044739e+02 3.582377304530044739e+02 3.284877304530044739e+02 2.248773045300444551e+01 5.823773045300444551e+01 7.223773045300444551e+01 5.498773045300444551e+01
3.568512339019804358e+02 3.596012339019804358e+02 3.512339019804358031e-01 1.560123390198043580e+01 3.528512339019804358e+02 3.581012339019804358e+02 2.851233901980435803e+00
3.504323212189913193e+02 3.554323212189913193e+02 1.218232121899134768e+01 3.568232121899134768e+01 3.193232121899134768e+01 1.793232121899134768e+01 1.393232121899134768e+01
7.329615617790182114e+00 7.579615617790182114e+00 4.829615617790182114e+00 4.079615617790182114e+00 4.829615617790182114e+00 3.296156177901821138e-01 3.523296156177901821e+02
5.398983081069218315e+00 4.898983081069218315e+00 1.648983081069218315e+00 2.898983081069218315e+00 3.148983081069218315e+00 3.039898308106921831e+01 3.526489830810692183e+02
4.005619306225526088e+00 8.255619306225526088e+00 1.025561930622552609e+01 7.005619306225526088e+00 3.755619306225526088e+00 3.585056193062255261e+02 6.005619306225526088e+00
3.577847449485900597e+02 3.522847449485900597e+02 3.502847449485900597e+02 3.495347449485900597e+02 7.284744948590059721e+00 5.003474494859005972e+01 3.390347449485900597e+02
1.803345325272698574e+01 2.778345325272698574e+01 3.453345325272698574e+01 1.403345325272698574e+01 1.803345325272698574e+01 4.003345325272698574e+01 3.253345325272698574e+01
0.000000000000000000e+00 0.000000000000000000e+00 0.000000000000000000e+00 0.000000000000000000e+00 0.000000000000000000e+00 0.000000000000000000e+00 0.000000000000000000e+00
3.485740899251341034e+02 3.535740899251341034e+02 7.324089925134131818e+00 2.532408992513413182e+01 3.832408992513413182e+01 4.832408992513413182e+01 2.132408992513413182e+01
1.748669091084155980e+01 1.398669091084155980e+01 9.486690910841559798e+00 4.736690910841559798e+00 1.598669091084155980e+01 6.623669091084155980e+01 6.148669091084155980e+01
8.580762107781424675e+00 3.565807621077814247e+02 3.523307621077814247e+02 3.548307621077814247e+02 3.533307621077814247e+02 3.008076210778142467e+01 2.808076210778142467e+01
3.682473001622912534e+01 3.857473001622912534e+01 3.482473001622912534e+01 2.507473001622912534e+01 1.407473001622912534e+01 3.520747300162291253e+02 3.443247300162291253e+02
0.000000000000000000e+00 0.000000000000000000e+00 0.000000000000000000e+00 0.000000000000000000e+00 0.000000000000000000e+00 0.000000000000000000e+00 0.000000000000000000e+00
3.557200751019925065e+02 3.557200751019925065e+02 3.549700751019925065e+02 3.507200751019925065e+02 3.517200751019925065e+02 3.549700751019925065e+02 3.579700751019925065e+02
0.000000000000000000e+00 0.000000000000000000e+00 0.000000000000000000e+00 0.000000000000000000e+00 0.000000000000000000e+00 0.000000000000000000e+00 0.000000000000000000e+00
0.000000000000000000e+00 0.000000000000000000e+00 0.000000000000000000e+00 0.000000000000000000e+00 0.000000000000000000e+00 0.000000000000000000e+00 0.000000000000000000e+00
0.000000000000000000e+00 0.000000000000000000e+00 0.000000000000000000e+00 0.000000000000000000e+00 0.000000000000000000e+00 0.000000000000000000e+00 0.000000000000000000e+00
0.000000000000000000e+00 0.000000000000000000e+00 0.000000000000000000e+00 0.000000000000000000e+00 0.000000000000000000e+00 0.000000000000000000e+00 0.000000000000000000e+00
0.000000000000000000e+00 0.000000000000000000e+00 0.000000000000000000e+00 0.000000000000000000e+00 0.000000000000000000e+00 0.000000000000000000e+00 0.000000000000000000e+00
0.000000000000000000e+00 0.000000000000000000e+00 0.000000000000000000e+00 0.000000000000000000e+00 0.000000000000000000e+00 0.000000000000000000e+00 0.000000000000000000e+00
0.000000000000000000e+00 0.000000000000000000e+00 0.000000000000000000e+00 0.000000000000000000e+00 0.000000000000000000e+00 0.000000000000000000e+00 0.000000000000000000e+00
0.000000000000000000e+00 0.000000000000000000e+00 0.000000000000000000e+00 0.000000000000000000e+00 0.000000000000000000e+00 0.000000000000000000e+00 0.000000000000000000e+00
0.000000000000000000e+00 0.000000000000000000e+00 0.000000000000000000e+00 0.000000000000000000e+00 0.000000000000000000e+00 0.000000000000000000e+00 0.000000000000000000e+00
0.000000000000000000e+00 0.000000000000000000e+00 0.000000000000000000e+00 0.000000000000000000e+00 0.000000000000000000e+00 0.000000000000000000e+00 0.000000000000000000e+00
0.000000000000000000e+00 0.000000000000000000e+00 0.000000000000000000e+00 0.000000000000000000e+00 0.000000000000000000e+00 0.000000000000000000e+00 0.000000000000000000e+00
0.000000000000000000e+00 0.000000000000000000e+00 0.000000000000000000e+00 0.000000000000000000e+00 0.000000000000000000e+00 0.000000000000000000e+00 0.000000000000000000e+00
0.000000000000000000e+00 0.000000000000000000e+00 0.000000000000000000e+00 0.000000000000000000e+00 0.000000000000000000e+00 0.000000000000000000e+00 0.000000000000000000e+00
0.000000000000000000e+00 0.000000000000000000e+00 0.000000000000000000e+00 0.000000000000000000e+00 0.000000000000000000e+00 0.000000000000000000e+00 0.000000000000000000e+00
0.000000000000000000e+00 0.000000000000000000e+00 0.000000000000000000e+00 0.000000000000000000e+00 0.000000000000000000e+00 0.000000000000000000e+00 0.000000000000000000e+00
0.000000000000000000e+00 0.000000000000000000e+00 0.000000000000000000e+00 0.000000000000000000e+00 0.000000000000000000e+00 0.000000000000000000e+00 0.000000000000000000e+00
0.000000000000000000e+00 0.000000000000000000e+00 0.000000000000000000e+00 0.000000000000000000e+00 0.000000000000000000e+00 0.000000000000000000e+00 0.000000000000000000e+00
0.000000000000000000e+00 0.000000000000000000e+00 0.000000000000000000e+00 0.000000000000000000e+00 0.000000000000000000e+00 0.000000000000000000e+00 0.000000000000000000e+00
0.000000000000000000e+00 0.000000000000000000e+00 0.000000000000000000e+00 0.000000000000000000e+00 0.000000000000000000e+00 0.000000000000000000e+00 0.000000000000000000e+00
0.000000000000000000e+00 0.000000000000000000e+00 0.000000000000000000e+00 0.000000000000000000e+00 0.000000000000000000e+00 0.000000000000000000e+00 0.000000000000000000e+00
0.000000000000000000e+00 0.000000000000000000e+00 0.000000000000000000e+00 0.000000000000000000e+00 0.000000000000000000e+00 0.000000000000000000e+00 0.000000000000000000e+00
0.000000000000000000e+00 0.000000000000000000e+00 0.000000000000000000e+00 0.000000000000000000e+00 0.000000000000000000e+00 0.000000000000000000e+00 0.000000000000000000e+00
9.783201033336865748e+00 1.278320103333686575e+01 6.228320103333686575e+01 2.128320103333686575e+01 3.282832010333368657e+02 3.410332010333368657e+02 4.578320103333686575e+01
2.376771289970014323e+01 2.851771289970014323e+01 4.201771289970014323e+01 7.226771289970014323e+01 8.026771289970014323e+01 6.976771289970014323e+01 6.326771289970014323e+01
3.330322304790456656e+00 3.288303223047904567e+02 3.165803223047904567e+02 3.143303223047904567e+02 3.060803223047904567e+02 3.190803223047904567e+02 3.415803223047904567e+02
3.505496015108745951e+02 3.515496015108745951e+02 3.500496015108745951e+02 3.487996015108745951e+02 3.547996015108745951e+02 2.049601510874595078e+00 6.549601510874595078e+00
0.000000000000000000e+00 0.000000000000000000e+00 0.000000000000000000e+00 0.000000000000000000e+00 0.000000000000000000e+00 0.000000000000000000e+00 0.000000000000000000e+00
3.527560340147033457e-01 8.527560340147033457e-01 8.527560340147033457e-01 3.576027560340147033e+02 3.423527560340147033e+02 3.018527560340147033e+02 2.903527560340147033e+02
3.543787067709677103e+02 3.488787067709677103e+02 3.121287067709677103e+02 2.946287067709677103e+02 3.246287067709677103e+02 1.012870677096771033e+01 3.596287067709677103e+02
3.439011471490844087e+02 3.409011471490844087e+02 3.441511471490844087e+02 3.546511471490844087e+02 2.901147149084437160e+00 3.151147149084437160e+00 3.359011471490844087e+02
3.203605168082169143e+02 3.326105168082169143e+02 4.411051680821691434e+01 7.061051680821691434e+01 6.586051680821691434e+01 3.183605168082169143e+02 3.023605168082169143e+02
3.499234924982981738e+02 3.531734924982981738e+02 3.546734924982981738e+02 3.556734924982981738e+02 3.579234924982981738e+02 1.734924982981738140e-01 2.173492498298173814e+00
0.000000000000000000e+00 0.000000000000000000e+00 0.000000000000000000e+00 0.000000000000000000e+00 0.000000000000000000e+00 0.000000000000000000e+00 0.000000000000000000e+00
0.000000000000000000e+00 0.000000000000000000e+00 0.000000000000000000e+00 0.000000000000000000e+00 0.000000000000000000e+00 0.000000000000000000e+00 0.000000000000000000e+00
6.718407431353853099e+00 6.968407431353853099e+00 7.296840743135385310e+01 2.221840743135385310e+01 3.214684074313538531e+02 3.349684074313538531e+02 4.871840743135385310e+01
0.000000000000000000e+00 0.000000000000000000e+00 0.000000000000000000e+00 0.000000000000000000e+00 0.000000000000000000e+00 0.000000000000000000e+00 0.000000000000000000e+00
1.293398983415116277e+01 3.143398983415116277e+01 1.918398983415116277e+01 1.568398983415116277e+01 2.493398983415116277e+01 2.268398983415116277e+01 2.418398983415116277e+01
0.000000000000000000e+00 0.000000000000000000e+00 0.000000000000000000e+00 0.000000000000000000e+00 0.000000000000000000e+00 0.000000000000000000e+00 0.000000000000000000e+00
3.502059648064112594e+02 3.597059648064112594e+02 3.439559648064112594e+02 3.504559648064112594e+02 2.220596480641125936e+01 2.745596480641125936e+01 1.845596480641125936e+01
3.516674591888883015e+02 9.167459188888329891e+00 1.741745918888832989e+01 1.891745918888832989e+01 2.666745918888832989e+01 1.091745918888832989e+01 3.514174591888883015e+02
0.000000000000000000e+00 0.000000000000000000e+00 0.000000000000000000e+00 0.000000000000000000e+00 0.000000000000000000e+00 0.000000000000000000e+00 0.000000000000000000e+00
0.000000000000000000e+00 0.000000000000000000e+00 0.000000000000000000e+00 0.000000000000000000e+00 0.000000000000000000e+00 0.000000000000000000e+00 0.000000000000000000e+00
0.000000000000000000e+00 0.000000000000000000e+00 0.000000000000000000e+00 0.000000000000000000e+00 0.000000000000000000e+00 0.000000000000000000e+00 0.000000000000000000e+00
0.000000000000000000e+00 0.000000000000000000e+00 0.000000000000000000e+00 0.000000000000000000e+00 0.000000000000000000e+00 0.000000000000000000e+00 0.000000000000000000e+00
3.586787080876690652e+02 1.178708087669065208e+00 6.928708087669065208e+00 9.928708087669065208e+00 2.428708087669065208e+00 3.317870808766906521e+01 3.667870808766906521e+01
3.496855317588427283e+02 3.501855317588427283e+02 3.521855317588427283e+02 3.571855317588427283e+02 6.435531758842728323e+00 2.568553175884272832e+01 5.685531758842728323e+00
3.561132413071670157e+02 1.363241307167015748e+00 1.186324130716701575e+01 1.411324130716701575e+01 7.363241307167015748e+00 3.538632413071670157e+02 3.568632413071670157e+02
3.503164241337834142e+02 3.458164241337834142e+02 3.383164241337834142e+02 3.328164241337834142e+02 3.523164241337834142e+02 3.560664241337834142e+02 3.585664241337834142e+02
0.000000000000000000e+00 0.000000000000000000e+00 0.000000000000000000e+00 0.000000000000000000e+00 0.000000000000000000e+00 0.000000000000000000e+00 0.000000000000000000e+00
7.221376998004416237e-01 3.402221376998004416e+02 3.337221376998004416e+02 3.367221376998004416e+02 3.449721376998004416e+02 3.579721376998004416e+02 3.564721376998004416e+02
0.000000000000000000e+00 0.000000000000000000e+00 0.000000000000000000e+00 0.000000000000000000e+00 0.000000000000000000e+00 0.000000000000000000e+00 0.000000000000000000e+00
2.570444965013791716e+00 1.320444965013791716e+00 5.704449650137917160e-01 3.204449650137917160e-01 1.570444965013791716e+00 3.204449650137917160e-01 3.588204449650137917e+02
2.008000953078652628e+01 3.333000953078652628e+01 3.983000953078652628e+01 1.008000953078652628e+01 1.558000953078652628e+01 2.858000953078652628e+01 9.580009530786526284e+00
