3.589877304530044739e+02 7.377304530044739295e-01 2.377304530044739295e-01 2.023773045300447393e+01 5.173773045300447393e+01 7.487730453004473929e+00 8.223773045300447393e+01
1.685123390198043580e+01 2.601233901980435803e+00 2.601233901980435803e+00 8.101233901980435803e+00 1.235123390198043580e+01 1.310123390198043580e+01 1.135123390198043580e+01
3.446823212189913193e+02 3.371823212189913193e+02 4.182321218991319256e+00 9.432321218991319256e+00 6.432321218991319256e+00 3.589323212189913193e+02 3.519323212189913193e+02
3.329615617790182114e+00 1.157961561779018211e+01 1.982961561779018211e+01 3.503296156177901821e+02 3.475796156177901821e+02 2.407961561779018211e+01 2.007961561779018211e+01
9.898983081069218315e+00 1.114898308106921831e+01 2.389898308106921831e+01 2.148983081069218315e+00 3.491489830810692183e+02 1.489898308106921831e+01 1.389898308106921831e+01
1.275561930622552609e+01 3.545056193062255261e+02 1.500561930622552609e+01 2.450561930622552609e+01 4.100561930622552609e+01 1.475561930622552609e+01 1.255619306225526088e+00
1.253474494859005972e+01 1.653474494859005972e+01 2.328474494859005972e+01 1.353474494859005972e+01 2.784744948590059721e+00 1.478474494859005972e+01 3.534744948590059721e+00
9.783453252726985738e+00 2.478345325272698574e+01 2.253345325272698574e+01 3.497834532527269857e+02 3.577834532527269857e+02 1.283453252726985738e+00 1.028345325272698574e+01
0.000000000000000000e+00 0.000000000000000000e+00 0.000000000000000000e+00 0.000000000000000000e+00 0.000000000000000000e+00 0.000000000000000000e+00 0.000000000000000000e+00
3.574089925134103396e+00 3.583240899251341034e+02 1.382408992513410340e+01 3.550740899251341034e+02 3.515740899251341034e+02 3.548240899251341034e+02 3.520740899251341034e+02
3.422366909108415598e+02 2.298669091084155980e+01 3.494866909108415598e+02 3.574866909108415598e+02 6.986690910841559798e+00 1.404866909108415598e+02 6.848669091084155980e+01
2.350807621077814247e+02 2.413307621077814247e+02 2.120807621077814247e+02 2.615807621077814247e+02 2.308307621077814247e+02 1.983076210778142467e+01 1.873307621077814247e+02
3.557473001622912534e+01 3.555747300162291253e+02 2.574730016229125340e+00 1.082473001622912534e+01 1.807473001622912534e+01 2.082473001622912534e+01 1.107473001622912534e+01
0.000000000000000000e+00 0.000000000000000000e+00 0.000000000000000000e+00 0.000000000000000000e+00 0.000000000000000000e+00 0.000000000000000000e+00 0.000000000000000000e+00
3.389700751019925065e+02 3.384700751019925065e+02 3.327200751019925065e+02 3.474700751019925065e+02 2.220075101992506461e+00 2.720075101992506461e+00 3.220075101992506461e+00
0.000000000000000000e+00 0.000000000000000000e+00 0.000000000000000000e+00 0.000000000000000000e+00 0.000000000000000000e+00 0.000000000000000000e+00 0.000000000000000000e+00
0.000000000000000000e+00 0.000000000000000000e+00 0.000000000000000000e+00 0.000000000000000000e+00 0.000000000000000000e+00 0.000000000000000000e+00 0.000000000000000000e+00
0.000000000000000000e+00 0.000000000000000000e+00 0.000000000000000000e+00 0.000000000000000000e+00 0.000000000000000000e+00 0.000000000000000000e+00 0.000000000000000000e+00
0.000000000000000000e+00 0.000000000000000000e+00 0.000000000000000000e+00 0.000000000000000000e+00 0.000000000000000000e+00 0.000000000000000000e+00 0.000000000000000000e+00
0.000000000000000000e+00 0.000000000000000000e+00 0.000000000000000000e+00 0.000000000000000000e+00 0.000000000000000000e+00 0.000000000000000000e+00 0.000000000000000000e+00
0.000000000000000000e+00 0.000000000000000000e+00 0.000000000000000000e+00 0.000000000000000000e+00 0.000000000000000000e+00 0.000000000000000000e+00 0.000000000000000000e+00
0.000000000000000000e+00 0.000000000000000000e+00 0.000000000000000000e+00 0.000000000000000000e+00 0.000000000000000000e+00 0.000000000000000000e+00 0.000000000000000000e+00
0.000000000000000000e+00 0.000000000000000000e+00 0.000000000000000000e+00 0.000000000000000000e+00 0.000000000000000000e+00 0.000000000000000000e+00 0.000000000000000000e+00
0.000000000000000000e+00 0.000000000000000000e+00 0.000000000000000000e+00 0.000000000000000000e+00 0.000000000000000000e+00 0.000000000000000000e+00 0.000000000000000000e+00
0.000000000000000000e+00 0.000000000000000000e+00 0.000000000000000000e+00 0.000000000000000000e+00 0.000000000000000000e+00 0.000000000000000000e+00 0.000000000000000000e+00
0.000000000000000000e+00 0.000000000000000000e+00 0.000000000000000000e+00 0.000000000000000000e+00 0.000000000000000000e+00 0.000000000000000000e+00 0.000000000000000000e+00
0.000000000000000000e+00 0.000000000000000000e+00 0.000000000000000000e+00 0.000000000000000000e+00 0.000000000000000000e+00 0.000000000000000000e+00 0.000000000000000000e+00
0.000000000000000000e+00 0.000000000000000000e+00 0.000000000000000000e+00 0.000000000000000000e+00 0.000000000000000000e+00 0.000000000000000000e+00 0.000000000000000000e+00
0.000000000000000000e+00 0.000000000000000000e+00 0.000000000000000000e+00 0.000000000000000000e+00 0.000000000000000000e+00 0.000000000000000000e+00 0.000000000000000000e+00
0.000000000000000000e+00 0.000000000000000000e+00 0.000000000000000000e+00 0.000000000000000000e+00 0.000000000000000000e+00 0.000000000000000000e+00 0.000000000000000000e+00
0.000000000000000000e+00 0.000000000000000000e+00 0.000000000000000000e+00 0.000000000000000000e+00 0.000000000000000000e+00 0.000000000000000000e+00 0.000000000000000000e+00
0.000000000000000000e+00 0.000000000000000000e+00 0.000000000000000000e+00 0.000000000000000000e+00 0.000000000000000000e+00 0.000000000000000000e+00 0.000000000000000000e+00
0.000000000000000000e+00 0.000000000000000000e+00 0.000000000000000000e+00 0.000000000000000000e+00 0.000000000000000000e+00 0.000000000000000000e+00 0.000000000000000000e+00
0.000000000000000000e+00 0.000000000000000000e+00 0.000000000000000000e+00 0.000000000000000000e+00 0.000000000000000000e+00 0.000000000000000000e+00 0.000000000000000000e+00
0.000000000000000000e+00 0.000000000000000000e+00 0.000000000000000000e+00 0.000000000000000000e+00 0.000000000000000000e+00 0.000000000000000000e+00 0.000000000000000000e+00
0.000000000000000000e+00 0.000000000000000000e+00 0.000000000000000000e+00 0.000000000000000000e+00 0.000000000000000000e+00 0.000000000000000000e+00 0.000000000000000000e+00
0.000000000000000000e+00 0.000000000000000000e+00 0.000000000000000000e+00 0.000000000000000000e+00 0.000000000000000000e+00 0.000000000000000000e+00 0.000000000000000000e+00
3.278320103333686575e+01 1.703320103333686575e+01 3.382832010333368657e+02 3.542832010333368657e+02 3.585332010333368657e+02 2.678320103333686575e+01 9.283201033336865748e+00
1.201771289970020007e+01 1.576771289970020007e+01 2.101771289970020007e+01 3.151771289970020007e+01 1.701771289970020007e+01 3.535177128997002001e+02 1.517712899700200069e+00
3.428303223047904567e+02 3.590803223047904567e+02 3.513303223047904567e+02 3.495803223047904567e+02 1.208032230479045666e+01 4.580322304790456656e+00 1.358032230479045666e+01
3.562996015108745951e+02 3.530496015108745951e+02 3.562996015108745951e+02 3.437996015108745951e+02 3.422996015108745951e+02 1.654960151087459508e+01 3.580496015108745951e+02
0.000000000000000000e+00 0.000000000000000000e+00 0.000000000000000000e+00 0.000000000000000000e+00 0.000000000000000000e+00 0.000000000000000000e+00 0.000000000000000000e+00
3.461027560340147033e+02 3.408527560340147033e+02 3.536027560340147033e+02 3.566027560340147033e+02 8.527560340147033457e-01 2.760275603401470335e+01 2.010275603401470335e+01
3.551287067709677103e+02 3.591287067709677103e+02 3.503787067709677103e+02 3.131287067709677103e+02 3.433787067709677103e+02 3.498787067709677103e+02 3.551287067709677103e+02
1.065114714908440874e+01 2.440114714908440874e+01 6.901147149084408738e+00 3.354011471490844087e+02 3.319011471490844087e+02 7.065114714908440874e+01 9.840114714908440874e+01
3.328605168082169712e+02 3.178605168082169712e+02 3.028605168082169712e+02 3.043605168082169712e+02 2.916105168082169712e+02 2.751105168082169712e+02 2.673605168082169712e+02
3.496734924982981738e+02 3.409234924982981738e+02 3.341734924982981738e+02 3.424234924982981738e+02 3.524234924982981738e+02 6.734924982981738140e-01 3.599234924982981738e+02
0.000000000000000000e+00 0.000000000000000000e+00 0.000000000000000000e+00 0.000000000000000000e+00 0.000000000000000000e+00 0.000000000000000000e+00 0.000000000000000000e+00
0.000000000000000000e+00 0.000000000000000000e+00 0.000000000000000000e+00 0.000000000000000000e+00 0.000000000000000000e+00 0.000000000000000000e+00 0.000000000000000000e+00
3.996840743135385310e+01 1.096840743135385310e+01 3.409684074313538531e+02 3.509684074313538531e+02 3.442184074313538531e+02 1.296840743135385310e+01 8.718407431353853099e+00
0.000000000000000000e+00 0.000000000000000000e+00 0.000000000000000000e+00 0.000000000000000000e+00 0.000000000000000000e+00 0.000000000000000000e+00 0.000000000000000000e+00
3.446839898341511343e+02 3.514339898341511343e+02 3.571839898341511343e+02 1.624339898341511343e+02 2.743398983415113435e+01 3.368398983415113435e+01 2.193398983415113435e+01
0.000000000000000000e+00 0.000000000000000000e+00 0.000000000000000000e+00 0.000000000000000000e+00 0.000000000000000000e+00 0.000000000000000000e+00 0.000000000000000000e+00
2.727059648064112594e+02 2.864559648064112594e+02 2.849559648064112594e+02 2.999559648064112594e+02 3.469559648064112594e+02 3.564559648064112594e+02 3.509559648064112594e+02
2.417459188888301469e+00 5.917459188888301469e+00 3.579174591888883015e+02 6.167459188888301469e+00 6.674591888883014690e-01 6.674591888883014690e-01 2.316745918888830147e+01
0.000000000000000000e+00 0.000000000000000000e+00 0.000000000000000000e+00 0.000000000000000000e+00 0.000000000000000000e+00 0.000000000000000000e+00 0.000000000000000000e+00
0.000000000000000000e+00 0.000000000000000000e+00 0.000000000000000000e+00 0.000000000000000000e+00 0.000000000000000000e+00 0.000000000000000000e+00 0.000000000000000000e+00
0.000000000000000000e+00 0.000000000000000000e+00 0.000000000000000000e+00 0.000000000000000000e+00 0.000000000000000000e+00 0.000000000000000000e+00 0.000000000000000000e+00
0.000000000000000000e+00 0.000000000000000000e+00 0.000000000000000000e+00 0.000000000000000000e+00 0.000000000000000000e+00 0.000000000000000000e+00 0.000000000000000000e+00
4.042870808766906521e+01 3.617870808766906521e+01 2.167870808766906521e+01 3.576787080876690652e+02 3.439287080876690652e+02 9.287080876690652076e-01 8.428708087669065208e+00
4.268553175884272832e+01 5.218553175884272832e+01 3.541855317588427283e+02 3.591855317588427283e+02 3.586855317588427283e+02 6.435531758842728323e+00 4.935531758842728323e+00
5.613241307167015748e+00 7.113241307167015748e+00 1.613241307167015748e+00 3.113241307167015748e+00 3.583632413071670157e+02 3.526132413071670157e+02 2.911324130716701575e+01
3.313164241337834142e+02 3.268164241337834142e+02 3.373164241337834142e+02 3.455664241337834142e+02 1.631642413378341416e+01 5.316424133783414163e+00 3.316424133783414163e+00
0.000000000000000000e+00 0.000000000000000000e+00 0.000000000000000000e+00 0.000000000000000000e+00 0.000000000000000000e+00 0.000000000000000000e+00 0.000000000000000000e+00
3.394721376998004416e+02 3.489721376998004416e+02 1.147213769980044162e+01 1.022213769980044162e+01 3.567221376998004416e+02 7.222137699800441624e+00 1.172213769980044162e+01
0.000000000000000000e+00 0.000000000000000000e+00 0.000000000000000000e+00 0.000000000000000000e+00 0.000000000000000000e+00 0.000000000000000000e+00 0.000000000000000000e+00
1.207044496501379172e+01 1.357044496501379172e+01 9.820444965013791716e+00 3.540704449650137917e+02 3.505704449650137917e+02 4.070444965013791716e+00 1.107044496501379172e+01
1.283000953078652628e+01 3.405800095307865263e+02 3.580800095307865263e+02 3.493300095307865263e+02 7.830009530786526284e+00 4.830009530786526284e+00 3.528300095307865263e+02
