7.627195423811763408e-01 6.027709600939640255e-01 4.411440043552070089e-01 2.538737074097770496e-01 1.317523161199957993e-01 3.336151037433546240e-01 3.847579416224718440e-01
9.805084370892483969e-01 9.591171997870348020e-01 9.028163154000623525e-01 8.495775033713480751e-01 8.897187443424882103e-01 9.404184770950404504e-01 9.109725333918037293e-01
9.745384983787310773e-01 9.655902888262528627e-01 9.370262926324643971e-01 9.218496586252216130e-01 9.034737552077128919e-01 7.815328784644122173e-01 9.559910735607111132e-01
9.812423114660325796e-01 9.786710423167098716e-01 9.774112693355662129e-01 9.733248669927540009e-01 9.811765384835833270e-01 9.431997350728703600e-01 9.482400603814091777e-01
9.616235601349598650e-01 9.594062891633866608e-01 9.590658941078391564e-01 9.420394493013984905e-01 9.358549792918634536e-01 8.697651396508235822e-01 8.138713050001498139e-01
9.612619655054901457e-01 9.598601091758057757e-01 9.752794583781888571e-01 9.847726060399734083e-01 9.823601227365204025e-01 9.611545644551566792e-01 9.507168761559505743e-01
9.172070440204542763e-01 8.942638947534498062e-01 8.988334829552175886e-01 9.030008410477574632e-01 8.895626288295148676e-01 7.153777903970097718e-01 6.153438020413019016e-01
9.770681455069319954e-01 9.699987167494088514e-01 9.519930962102943761e-01 9.124777124994151167e-01 9.029018609810587348e-01 7.204168329577972374e-01 6.905870853202997761e-01
0.000000000000000000e+00 0.000000000000000000e+00 0.000000000000000000e+00 0.000000000000000000e+00 0.000000000000000000e+00 0.000000000000000000e+00 0.000000000000000000e+00
9.763655781045295079e-01 9.692452297541258588e-01 9.305657764957347977e-01 8.946728291140240152e-01 7.684145810633729035e-01 7.118954851822025809e-01 9.150636714942342875e-01
9.631427580943948685e-01 9.718597938666992953e-01 9.670463488774673211e-01 9.447482892989206293e-01 9.547378928759822081e-01 3.844333100410051718e-01 4.530943579771041230e-01
7.182876855068019983e-01 6.055289357753980140e-01 4.560761063057131026e-01 4.467425159279413971e-01 6.675867611870957008e-01 8.285578286759863742e-01 7.112563114324097491e-01
9.532514721420912718e-01 9.445930999695686392e-01 9.264251011147348613e-01 7.213323068529123860e-01 6.327221577044488399e-01 6.523128706351464245e-01 7.150540233321203143e-01
0.000000000000000000e+00 0.000000000000000000e+00 0.000000000000000000e+00 0.000000000000000000e+00 0.000000000000000000e+00 0.000000000000000000e+00 0.000000000000000000e+00
9.804079013468007808e-01 9.819912401684612879e-01 9.800258572565685444e-01 9.834543314080960164e-01 9.884030217012386155e-01 9.884027204460317240e-01 9.931431491866858918e-01
0.000000000000000000e+00 0.000000000000000000e+00 0.000000000000000000e+00 0.000000000000000000e+00 0.000000000000000000e+00 0.000000000000000000e+00 0.000000000000000000e+00
0.000000000000000000e+00 0.000000000000000000e+00 0.000000000000000000e+00 0.000000000000000000e+00 0.000000000000000000e+00 0.000000000000000000e+00 0.000000000000000000e+00
0.000000000000000000e+00 0.000000000000000000e+00 0.000000000000000000e+00 0.000000000000000000e+00 0.000000000000000000e+00 0.000000000000000000e+00 0.000000000000000000e+00
0.000000000000000000e+00 0.000000000000000000e+00 0.000000000000000000e+00 0.000000000000000000e+00 0.000000000000000000e+00 0.000000000000000000e+00 0.000000000000000000e+00
0.000000000000000000e+00 0.000000000000000000e+00 0.000000000000000000e+00 0.000000000000000000e+00 0.000000000000000000e+00 0.000000000000000000e+00 0.000000000000000000e+00
9.195526464600843886e-01 9.590375925370691057e-01 9.661734007245474931e-01 9.688724127214172199e-01 9.733679267184064399e-01 9.640599480157708845e-01 9.217079828802010599e-01
9.619653040748505912e-01 9.826446631235385976e-01 9.866805778285572259e-01 9.604090359286956424e-01 9.436652277642607611e-01 7.058464169877062266e-01 9.540550767382777186e-01
9.468154907431987066e-01 9.695389326614182179e-01 9.660659301482524830e-01 9.456521465912692825e-01 9.318382541423022580e-01 9.293488931591638025e-01 9.318460674424946522e-01
9.782036820521595732e-01 9.781447799948751465e-01 9.856842289630670662e-01 9.878617281729187294e-01 9.883446730208282904e-01 9.845699813735955264e-01 9.877408200554618212e-01
8.051913862078706741e-01 7.139984650251867127e-01 6.378583931069623514e-01 7.021385926416173762e-01 5.301754602684763951e-01 8.460855858968541199e-01 9.041237746272996478e-01
9.745777166369332667e-01 9.730068353697911565e-01 9.697851022417521838e-01 9.804392061900563116e-01 9.736461356323345973e-01 8.823674749289331931e-01 9.191033115704205780e-01
9.299720274798269903e-01 9.428185247110757450e-01 9.408830170771388390e-01 9.482085479773797454e-01 9.329057280105701455e-01 8.837641832308706924e-01 9.106839958905273980e-01
0.000000000000000000e+00 0.000000000000000000e+00 0.000000000000000000e+00 0.000000000000000000e+00 0.000000000000000000e+00 0.000000000000000000e+00 0.000000000000000000e+00
9.787475314557857464e-01 9.792277779110923897e-01 9.813872841177431194e-01 9.806885745033093738e-01 9.843773162691622503e-01 9.804683494941620614e-01 9.550424189909266781e-01
8.603931940953056801e-01 8.674303746274202309e-01 6.699780073134473657e-01 6.266072613783593148e-01 6.490119782643094526e-01 4.511268137516676324e-01 5.022096547329821803e-01
9.671392723783361900e-01 9.658589714846373964e-01 9.654441339966804980e-01 9.437151937072141283e-01 8.377191965995264278e-01 8.727563922613115199e-01 9.314896265464022163e-01
7.660488886080032422e-01 7.508830198442134618e-01 8.169025863316973224e-01 8.510100588192662796e-01 9.218178892610136010e-01 9.235128574000749380e-01 9.378268600503086860e-01
0.000000000000000000e+00 0.000000000000000000e+00 0.000000000000000000e+00 0.000000000000000000e+00 0.000000000000000000e+00 0.000000000000000000e+00 0.000000000000000000e+00
7.468040258223574979e-01 7.811147324097248434e-01 8.403784586636604548e-01 8.932756220799482616e-01 9.287151179516304200e-01 9.578501177771203690e-01 9.635417881150877273e-01
9.903249253578386702e-01 9.825689576848466444e-01 9.724218433075921819e-01 9.579488192679355141e-01 9.333464490572513927e-01 8.800195586360902711e-01 4.576717478120856941e-01
3.375576942299218786e-01 4.825124065499890591e-01 5.074330481692791439e-01 6.296845068823682112e-01 8.888777552218812827e-01 8.169394457572425328e-01 8.036355819285200264e-01
6.724934180542635476e-01 8.572179368922283604e-01 9.430215820039836716e-01 9.679525333719741775e-01 9.831072902756881060e-01 9.642984157725672523e-01 9.693502200080268416e-01
9.315554478328327281e-01 9.014360182661037557e-01 6.210025858628182016e-01 4.882273110949222894e-01 8.522259992653901106e-01 8.580317602375118202e-01 3.796674424050290320e-01
9.432323996198050953e-01 9.255945998444551348e-01 8.252721666214128948e-01 8.280504620016668760e-01 5.066128728174955631e-01 5.923441929791973815e-01 5.886712974537753329e-01
5.530573257328370573e-01 5.168359037277445722e-01 5.177050329425707531e-01 4.765862741788406964e-01 6.394253070664693839e-01 8.415782517867513857e-01 8.931674808044779423e-01
9.693314511587188820e-01 9.692150870999076684e-01 9.672518564341173741e-01 9.221506595042116006e-01 8.935471812277034909e-01 9.515725434421777873e-01 9.789593507748758361e-01
0.000000000000000000e+00 0.000000000000000000e+00 0.000000000000000000e+00 0.000000000000000000e+00 0.000000000000000000e+00 0.000000000000000000e+00 0.000000000000000000e+00
9.807966220716194394e-01 9.810279405999486890e-01 9.835916844850532970e-01 9.760498921838320907e-01 9.351213164858127591e-01 5.968337626694482090e-01 5.109454189026501059e-01
6.524517410251075011e-01 8.317606013228869832e-01 8.550649157381233767e-01 8.719336786106126613e-01 8.973613972764413749e-01 9.757350647032573265e-01 9.818921766930386319e-01
9.015362773554117526e-01 9.356635846595925399e-01 9.281729785875455496e-01 9.779030082924277112e-01 9.825790674450152196e-01 9.765067469956836277e-01 9.651462629465769050e-01
7.241751066567729822e-01 6.965021529259985966e-01 7.053474270493691467e-01 7.380225448030608426e-01 8.017096060141591929e-01 6.972659599179512613e-01 5.230480599898267302e-01
9.648498181905721394e-01 9.711030586125187769e-01 9.813441029865498377e-01 9.871710989448913010e-01 9.903659590448841143e-01 9.898728995672008146e-01 9.928262994378304063e-01
0.000000000000000000e+00 0.000000000000000000e+00 0.000000000000000000e+00 0.000000000000000000e+00 0.000000000000000000e+00 0.000000000000000000e+00 0.000000000000000000e+00
0.000000000000000000e+00 0.000000000000000000e+00 0.000000000000000000e+00 0.000000000000000000e+00 0.000000000000000000e+00 0.000000000000000000e+00 0.000000000000000000e+00
9.010403438957387268e-01 8.417670917191181212e-01 4.953121935699087430e-01 4.151631570627561385e-01 8.152750269984360143e-01 8.498956491284960224e-01 4.293240489230740753e-01
9.891953853614285919e-01 9.824598417874053080e-01 9.689052330560657955e-01 9.519128596691052158e-01 8.948786048216711420e-01 9.193166769059591958e-01 9.523153877728474104e-01
6.015291817246630757e-01 6.166301021148411499e-01 7.014248902245345807e-01 8.257287358202071159e-01 8.799124470928199049e-01 9.018535858608787148e-01 9.239808043321341424e-01
0.000000000000000000e+00 0.000000000000000000e+00 0.000000000000000000e+00 0.000000000000000000e+00 0.000000000000000000e+00 0.000000000000000000e+00 0.000000000000000000e+00
7.793453075961955800e-01 7.401006211528999845e-01 6.515618766734820877e-01 7.976497293035597069e-01 7.089557383859511619e-01 7.959374548089915846e-01 4.449648540053623424e-01
9.171404638083081595e-01 9.313573217287506312e-01 9.321959221863572731e-01 8.467415129451790756e-01 6.884023442960830463e-01 5.986046112376317563e-01 7.923979025876538573e-01
0.000000000000000000e+00 0.000000000000000000e+00 0.000000000000000000e+00 0.000000000000000000e+00 0.000000000000000000e+00 0.000000000000000000e+00 0.000000000000000000e+00
0.000000000000000000e+00 0.000000000000000000e+00 0.000000000000000000e+00 0.000000000000000000e+00 0.000000000000000000e+00 0.000000000000000000e+00 0.000000000000000000e+00
0.000000000000000000e+00 0.000000000000000000e+00 0.000000000000000000e+00 0.000000000000000000e+00 0.000000000000000000e+00 0.000000000000000000e+00 0.000000000000000000e+00
0.000000000000000000e+00 0.000000000000000000e+00 0.000000000000000000e+00 0.000000000000000000e+00 0.000000000000000000e+00 0.000000000000000000e+00 0.000000000000000000e+00
9.524576369351942517e-01 9.593496309828789537e-01 9.603737242662897522e-01 9.479859258152006918e-01 9.383552066629099464e-01 8.766629421561032975e-01 9.164396425138485736e-01
9.783630351617288445e-01 9.679269212798317090e-01 9.583194555538562254e-01 9.643674140507688675e-01 9.649048665504817990e-01 9.442185099625682865e-01 7.482542874960260715e-01
9.663633553965986778e-01 9.652529463857196790e-01 9.687848103611864659e-01 9.613633854521294042e-01 9.544988899320944187e-01 9.136736609628541839e-01 9.074729323578409890e-01
9.601500663774440447e-01 9.312122904548508773e-01 9.362002118162395803e-01 9.201961558923982265e-01 9.122489559999429343e-01 8.907004056175052975e-01 9.578054993019169405e-01
0.000000000000000000e+00 0.000000000000000000e+00 0.000000000000000000e+00 0.000000000000000000e+00 0.000000000000000000e+00 0.000000000000000000e+00 0.000000000000000000e+00
5.213392805808622077e-01 8.528295207278162593e-01 8.707630239827816032e-01 7.445376599472298684e-01 8.281157235728165977e-01 9.584001154676348166e-01 9.899398882957801682e-01
0.000000000000000000e+00 0.000000000000000000e+00 0.000000000000000000e+00 0.000000000000000000e+00 0.000000000000000000e+00 0.000000000000000000e+00 0.000000000000000000e+00
9.582988624830485191e-01 9.717247681269503001e-01 9.802308020500879460e-01 9.856172632640100018e-01 9.871605551806191814e-01 9.902647324000088958e-01 9.815402881847202776e-01
9.293049214998063690e-01 8.483687606581216123e-01 6.295541808411042606e-01 7.713434928074659469e-01 9.429424638052619212e-01 9.386820676428967447e-01 9.733761903690233419e-01
