3.581921008258166239e+02 3.579421008258166239e+02 6.192100825816623910e+00 3.571921008258166239e+02 3.561921008258166239e+02 8.692100825816623910e+00 3.692100825816623910e+00
3.563449209998774450e+02 3.588449209998774450e+02 3.563449209998774450e+02 3.430949209998774450e+02 3.295949209998774450e+02 3.388449209998774450e+02 3.533449209998774450e+02
0.000000000000000000e+00 0.000000000000000000e+00 0.000000000000000000e+00 0.000000000000000000e+00 0.000000000000000000e+00 0.000000000000000000e+00 0.000000000000000000e+00
0.000000000000000000e+00 0.000000000000000000e+00 0.000000000000000000e+00 0.000000000000000000e+00 0.000000000000000000e+00 0.000000000000000000e+00 0.000000000000000000e+00
2.085967391885526467e+01 4.359673918855264674e+00 1.985967391885526467e+01 2.359673918855264674e+00 3.028596739188552647e+02 3.098596739188552647e+02 2.671096739188552647e+02
0.000000000000000000e+00 0.000000000000000000e+00 0.000000000000000000e+00 0.000000000000000000e+00 0.000000000000000000e+00 0.000000000000000000e+00 0.000000000000000000e+00
3.383536102845920936e+02 3.591036102845920936e+02 2.560361028459209365e+01 3.543536102845920936e+02 3.593536102845920936e+02 3.353610284592093649e+00 3.535361028459209365e+01
2.249781993441700934e+01 2.349781993441700934e+01 3.574781993441700934e+01 2.549781993441700934e+01 2.912478199344170093e+02 2.614978199344170093e+02 2.754978199344170093e+02
0.000000000000000000e+00 0.000000000000000000e+00 0.000000000000000000e+00 0.000000000000000000e+00 0.000000000000000000e+00 0.000000000000000000e+00 0.000000000000000000e+00
0.000000000000000000e+00 0.000000000000000000e+00 0.000000000000000000e+00 0.000000000000000000e+00 0.000000000000000000e+00 0.000000000000000000e+00 0.000000000000000000e+00
3.592030536835136445e+01 4.417030536835136445e+01 4.717030536835136445e+01 4.317030536835136445e+01 2.217030536835136445e+01 3.054203053683513645e+02 5.042030536835136445e+01
6.017811354377437283e+01 5.367811354377437283e+01 1.892811354377437283e+01 8.178113543774372829e+00 8.428113543774372829e+00 1.142811354377437283e+01 3.551781135437743728e+02
3.393475767540936090e+02 3.245975767540936090e+02 3.448475767540936090e+02 7.347576754093608997e+00 3.563475767540936090e+02 3.565975767540936090e+02 3.598475767540936090e+02
3.498168934506514915e+02 3.523168934506514915e+02 3.465668934506514915e+02 3.550668934506514915e+02 8.168934506514915483e-01 3.530668934506514915e+02 6.566893450651491548e+00
3.523247378391268398e+02 3.368247378391268398e+02 3.358247378391268398e+02 1.132473783912683984e+01 1.882473783912683984e+01 1.307473783912683984e+01 3.540747378391268398e+02
0.000000000000000000e+00 0.000000000000000000e+00 0.000000000000000000e+00 0.000000000000000000e+00 0.000000000000000000e+00 0.000000000000000000e+00 0.000000000000000000e+00
0.000000000000000000e+00 0.000000000000000000e+00 0.000000000000000000e+00 0.000000000000000000e+00 0.000000000000000000e+00 0.000000000000000000e+00 0.000000000000000000e+00
3.589172853889734824e+02 3.461672853889734824e+02 3.414172853889734824e+02 1.216728538897348244e+01 7.166728538897348244e+01 3.589172853889734824e+02 3.321672853889734824e+02
1.005653156350007293e+01 1.806531563500072934e+00 3.525565315635000729e+02 3.548065315635000729e+02 3.578065315635000729e+02 3.523065315635000729e+02 3.500565315635000729e+02
0.000000000000000000e+00 0.000000000000000000e+00 0.000000000000000000e+00 0.000000000000000000e+00 0.000000000000000000e+00 0.000000000000000000e+00 0.000000000000000000e+00
0.000000000000000000e+00 0.000000000000000000e+00 0.000000000000000000e+00 0.000000000000000000e+00 0.000000000000000000e+00 0.000000000000000000e+00 0.000000000000000000e+00
3.400269373163039859e+02 3.172769373163039859e+02 1.102693731630398588e+01 1.977693731630398588e+01 2.377693731630398588e+01 2.052693731630398588e+01 3.392769373163039859e+02
5.387046926384755352e+00 1.388704692638475535e+01 3.593870469263847554e+02 3.571370469263847554e+02 6.137046926384755352e+00 3.501370469263847554e+02 3.218870469263847554e+02
0.000000000000000000e+00 0.000000000000000000e+00 0.000000000000000000e+00 0.000000000000000000e+00 0.000000000000000000e+00 0.000000000000000000e+00 0.000000000000000000e+00
2.560303308597821115e+01 9.853033085978211147e+00 3.598530330859782111e+02 2.885303308597821115e+01 3.185303308597821115e+01 1.103530330859782111e+02 1.946030330859782111e+02
3.379004379959307585e+02 6.400437995930758461e+00 7.650437995930758461e+00 3.519004379959307585e+02 1.900437995930758461e+00 1.540043799593075846e+01 3.451504379959307585e+02
0.000000000000000000e+00 0.000000000000000000e+00 0.000000000000000000e+00 0.000000000000000000e+00 0.000000000000000000e+00 0.000000000000000000e+00 0.000000000000000000e+00
0.000000000000000000e+00 0.000000000000000000e+00 0.000000000000000000e+00 0.000000000000000000e+00 0.000000000000000000e+00 0.000000000000000000e+00 0.000000000000000000e+00
3.397601414535861295e+02 3.390101414535861295e+02 3.427601414535861295e+02 3.435101414535861295e+02 3.477601414535861295e+02 3.527601414535861295e+02 2.760141453586129501e+00
3.473384902462440778e+02 3.448384902462440778e+02 3.468384902462440778e+02 3.535884902462440778e+02 2.838490246244049331e+00 8.384902462440493309e-01 5.884902462440493309e-01
0.000000000000000000e+00 0.000000000000000000e+00 0.000000000000000000e+00 0.000000000000000000e+00 0.000000000000000000e+00 0.000000000000000000e+00 0.000000000000000000e+00
3.362421028059929995e+02 3.427421028059929995e+02 3.497421028059929995e+02 3.582421028059929995e+02 3.242102805992999492e+00 4.921028059929994924e-01 3.559921028059929995e+02
0.000000000000000000e+00 0.000000000000000000e+00 0.000000000000000000e+00 0.000000000000000000e+00 0.000000000000000000e+00 0.000000000000000000e+00 0.000000000000000000e+00
2.052834798603902300e+01 9.028347986039022999e+00 3.402783479860390230e+02 3.377783479860390230e+02 2.028347986039022999e+00 9.278347986039022999e+00 3.540283479860390230e+02
3.567452144284595761e+02 3.544952144284595761e+02 3.569952144284595761e+02 3.559952144284595761e+02 3.537452144284595761e+02 3.562452144284595761e+02 3.582452144284595761e+02
3.507077009198036990e+02 2.707700919803698980e+00 3.517077009198036990e+02 3.547077009198036990e+02 3.584577009198036990e+02 1.820770091980369898e+01 4.595770091980369898e+01
3.362892739834351232e+02 3.497892739834351232e+02 3.467892739834351232e+02 3.540392739834351232e+02 3.577892739834351232e+02 3.587892739834351232e+02 5.039273983435123228e+00
3.356664477213979580e+02 3.299164477213979580e+02 3.576664477213979580e+02 1.664477213979580483e-01 3.544164477213979580e+02 3.484164477213979580e+02 3.544164477213979580e+02
3.188670812261239007e+01 1.538670812261239007e+01 2.638670812261239007e+01 1.638670812261239007e+01 1.213670812261239007e+01 6.386708122612390071e+00 2.386708122612390071e+00
0.000000000000000000e+00 0.000000000000000000e+00 0.000000000000000000e+00 0.000000000000000000e+00 0.000000000000000000e+00 0.000000000000000000e+00 0.000000000000000000e+00
3.414409651579741194e+02 3.504409651579741194e+02 2.690965157974119393e+00 9.190965157974119393e+00 1.419096515797411939e+01 3.581909651579741194e+02 3.361909651579741194e+02
0.000000000000000000e+00 0.000000000000000000e+00 0.000000000000000000e+00 0.000000000000000000e+00 0.000000000000000000e+00 0.000000000000000000e+00 0.000000000000000000e+00
0.000000000000000000e+00 0.000000000000000000e+00 0.000000000000000000e+00 0.000000000000000000e+00 0.000000000000000000e+00 0.000000000000000000e+00 0.000000000000000000e+00
3.196727920232262932e+01 3.146727920232262932e+01 3.489672792023226293e+02 3.417172792023226293e+02 4.217279202322629317e+00 2.921727920232262932e+01 7.172792023226293168e-01
3.388288741370098478e+01 3.338288741370098478e+01 2.613288741370098478e+01 6.382887413700984780e+00 4.382887413700984780e+00 3.568828874137009848e+02 3.466328874137009848e+02
3.161741749770346814e+02 3.331741749770346814e+02 3.429241749770346814e+02 3.451741749770346814e+02 3.539241749770346814e+02 4.174174977034681433e+00 3.576741749770346814e+02
3.714385774847232824e+01 3.889385774847232824e+01 4.014385774847232824e+01 4.639385774847232824e+01 2.189385774847232824e+01 3.548938577484723282e+02 3.421438577484723282e+02
2.915977952367290982e+02 3.178477952367290982e+02 2.723477952367290982e+02 8.059779523672909818e+01 3.434779523672909818e+01 5.209779523672909818e+01 5.597795236729098178e+00
1.636352376296383682e+01 1.186352376296383682e+01 2.461352376296383682e+01 3.548635237629638368e+02 3.598635237629638368e+02 3.613523762963836816e+00 3.433635237629638368e+02
0.000000000000000000e+00 0.000000000000000000e+00 0.000000000000000000e+00 0.000000000000000000e+00 0.000000000000000000e+00 0.000000000000000000e+00 0.000000000000000000e+00
3.508636684164155781e+02 3.503636684164155781e+02 3.356136684164155781e+02 3.443636684164155781e+02 3.513636684164155781e+02 3.461136684164155781e+02 3.561136684164155781e+02
3.587909661947438735e+02 3.592909661947438735e+02 9.790966194743873530e+00 7.540966194743873530e+00 5.409661947438735297e-01 3.550409661947438735e+02 3.540966194743873530e+00
4.489363527812486154e+00 4.739363527812486154e+00 3.442393635278124862e+02 3.352393635278124862e+02 3.459893635278124862e+02 1.073936352781248615e+01 1.898936352781248615e+01
1.893779714895856614e+01 1.593779714895856614e+01 1.093779714895856614e+01 5.687797148958566140e+00 9.377971489585661402e-01 3.599377971489585661e+02 3.594377971489585661e+02
3.584163722223204331e+02 3.166372222320433139e+00 3.456663722223204331e+02 1.663722223204331385e-01 1.716637222232043314e+01 2.341637222232043314e+01 2.221663722223204331e+02
3.535151031988408477e+02 2.265103198840847654e+00 3.575151031988408477e+02 3.492651031988408477e+02 3.465151031988408477e+02 4.015103198840847654e+00 3.701510319884084765e+01
3.428439484810460272e+02 3.500939484810460272e+02 1.093948481046027155e+00 4.843948481046027155e+00 3.560939484810460272e+02 3.438439484810460272e+02 3.435939484810460272e+02
3.396809884580704875e+02 3.489309884580704875e+02 9.309884580704874679e-01 5.180988458070487468e+00 3.556809884580704875e+02 3.434309884580704875e+02 3.429309884580704875e+02
0.000000000000000000e+00 0.000000000000000000e+00 0.000000000000000000e+00 0.000000000000000000e+00 0.000000000000000000e+00 0.000000000000000000e+00 0.000000000000000000e+00
3.379760736874301870e+02 3.504760736874301870e+02 3.512260736874301870e+02 3.524760736874301870e+02 3.122607368743018696e+01 3.247260736874301870e+02 3.332260736874301870e+02
0.000000000000000000e+00 0.000000000000000000e+00 0.000000000000000000e+00 0.000000000000000000e+00 0.000000000000000000e+00 0.000000000000000000e+00 0.000000000000000000e+00
1.150627798716027428e+01 2.275627798716027428e+01 3.562562779871602743e+02 3.537562779871602743e+02 3.597562779871602743e+02 2.756277987160274279e+00 3.575062779871602743e+02
0.000000000000000000e+00 0.000000000000000000e+00 0.000000000000000000e+00 0.000000000000000000e+00 0.000000000000000000e+00 0.000000000000000000e+00 0.000000000000000000e+00
4.296478915274894916e+01 2.271478915274894916e+01 7.214789152748949164e+00 2.571478915274894916e+01 2.171478915274894916e+01 1.671478915274894916e+01 5.671478915274894916e+01
0.000000000000000000e+00 0.000000000000000000e+00 0.000000000000000000e+00 0.000000000000000000e+00 0.000000000000000000e+00 0.000000000000000000e+00 0.000000000000000000e+00
0.000000000000000000e+00 0.000000000000000000e+00 0.000000000000000000e+00 0.000000000000000000e+00 0.000000000000000000e+00 0.000000000000000000e+00 0.000000000000000000e+00
3.311566012434332151e+01 2.461566012434332151e+01 1.611566012434332151e+01 1.161566012434332151e+01 3.496156601243433215e+02 3.068656601243433215e+02 3.583656601243433215e+02
3.262309743817006051e+02 3.164809743817006051e+02 3.197309743817006051e+02 3.272309743817006051e+02 3.457309743817006051e+02 3.544809743817006051e+02 4.623097438170060514e+01
3.483017524260633877e+02 3.435517524260633877e+02 3.413017524260633877e+02 3.460517524260633877e+02 1.090517524260633877e+02 4.755175242606338770e+01 2.051752426063387702e+00
0.000000000000000000e+00 0.000000000000000000e+00 0.000000000000000000e+00 0.000000000000000000e+00 0.000000000000000000e+00 0.000000000000000000e+00 0.000000000000000000e+00
3.574975116285456807e+02 3.512475116285456807e+02 3.519975116285456807e+02 3.557475116285456807e+02 3.482475116285456807e+02 2.475116285456806509e-01 3.547475116285456807e+02
0.000000000000000000e+00 0.000000000000000000e+00 0.000000000000000000e+00 0.000000000000000000e+00 0.000000000000000000e+00 0.000000000000000000e+00 0.000000000000000000e+00
0.000000000000000000e+00 0.000000000000000000e+00 0.000000000000000000e+00 0.000000000000000000e+00 0.000000000000000000e+00 0.000000000000000000e+00 0.000000000000000000e+00
6.637501459243742374e+01 3.196250145924374237e+02 2.796250145924374237e+02 2.943750145924374237e+02 3.018750145924374237e+02 1.337501459243742374e+01 3.346250145924374237e+02
0.000000000000000000e+00 0.000000000000000000e+00 0.000000000000000000e+00 0.000000000000000000e+00 0.000000000000000000e+00 0.000000000000000000e+00 0.000000000000000000e+00
1.666705067337511537e+01 1.216705067337511537e+01 1.466705067337511537e+01 1.241705067337511537e+01 3.534170506733751154e+02 9.170506733751153661e-01 7.917050673375115366e+00
3.469913020998032493e+02 3.359913020998032493e+02 1.491302099803249348e+00 3.557413020998032493e+02 1.817413020998032493e+02 1.964913020998032493e+02 1.532413020998032493e+02
8.284831223341552686e+01 1.135983122334155269e+02 6.384831223341552686e+01 6.809831223341552686e+01 4.284831223341552686e+01 3.565983122334155269e+02 2.208483122334155269e+02
3.458853484858698835e+02 3.476353484858698835e+02 3.456353484858698835e+02 3.511353484858698835e+02 1.213534848586988346e+01 3.018853484858698835e+02 2.878853484858698835e+02
2.980712936052071882e+01 1.655712936052071882e+01 1.705712936052071882e+01 2.155712936052071882e+01 4.557129360520718819e+00 7.807129360520718819e+00 1.540571293605207188e+02
0.000000000000000000e+00 0.000000000000000000e+00 0.000000000000000000e+00 0.000000000000000000e+00 0.000000000000000000e+00 0.000000000000000000e+00 0.000000000000000000e+00
2.415432095162094583e+01 2.240432095162094583e+01 1.543209516209458343e-01 3.591543209516209458e+02 3.581543209516209458e+02 3.576543209516209458e+02 3.541543209516209458e+02
3.598216440724396534e+02 7.071644072439653428e+00 2.357164407243965343e+01 3.075716440724396534e+02 2.718216440724396534e+02 2.773216440724396534e+02 3.263216440724396534e+02
2.540539377170796342e+01 2.090539377170796342e+01 3.599053937717079634e+02 3.531553937717079634e+02 3.655393771707963424e+00 2.490539377170796342e+01 2.615539377170796342e+01
1.751117381986841792e+01 8.011173819868417922e+00 8.011173819868417922e+00 3.527611738198684179e+02 3.537611738198684179e+02 1.376117381986841792e+01 1.026117381986841792e+01
3.376408576059588995e+01 1.176408576059588995e+01 1.526408576059588995e+01 2.101408576059588995e+01 1.776408576059588995e+01 2.626408576059588995e+01 3.626408576059588995e+01
3.390648823662752420e+01 1.015648823662752420e+01 1.540648823662752420e+01 2.215648823662752420e+01 2.365648823662752420e+01 2.565648823662752420e+01 3.615648823662752420e+01
3.380882102601840984e+02 3.330882102601840984e+02 3.433382102601840984e+02 3.503382102601840984e+02 3.565882102601840984e+02 7.838210260184098388e+00 7.088210260184098388e+00
0.000000000000000000e+00 0.000000000000000000e+00 0.000000000000000000e+00 0.000000000000000000e+00 0.000000000000000000e+00 0.000000000000000000e+00 0.000000000000000000e+00
0.000000000000000000e+00 0.000000000000000000e+00 0.000000000000000000e+00 0.000000000000000000e+00 0.000000000000000000e+00 0.000000000000000000e+00 0.000000000000000000e+00
0.000000000000000000e+00 0.000000000000000000e+00 0.000000000000000000e+00 0.000000000000000000e+00 0.000000000000000000e+00 0.000000000000000000e+00 0.000000000000000000e+00
1.785661097573461120e+01 3.035661097573461120e+01 1.308566109757346112e+02 1.126066109757346112e+02 2.998566109757346112e+02 2.966066109757346112e+02 1.203566109757346112e+02
3.455430426112740179e+02 1.229304261127401787e+01 3.479304261127401787e+01 4.479304261127401787e+01 3.262930426112740179e+02 3.282930426112740179e+02 2.977930426112740179e+02
9.019723887572354215e+00 3.450197238875723542e+02 3.590197238875723542e+02 5.019723887572354215e+00 1.051972388757235422e+01 1.051972388757235422e+01 3.585197238875723542e+02
0.000000000000000000e+00 0.000000000000000000e+00 0.000000000000000000e+00 0.000000000000000000e+00 0.000000000000000000e+00 0.000000000000000000e+00 0.000000000000000000e+00
3.403960488974569216e+02 3.348960488974569216e+02 3.596460488974569216e+02 1.896048897456921623e+00 3.581460488974569216e+02 1.089604889745692162e+01 1.639604889745692162e+01
1.228246992170278418e+01 3.322824699217027842e+02 3.207824699217027842e+02 4.532469921702784177e+00 1.532469921702784177e+00 3.545324699217027842e+02 3.480324699217027842e+02
4.405610351202949460e+01 4.030610351202949460e+01 3.255610351202949460e+01 2.430610351202949460e+01 3.555561035120294946e+02 3.425561035120294946e+02 3.478061035120294946e+02
2.307249115047408736e+02 1.077249115047408736e+02 3.372249115047408736e+02 3.082249115047408736e+02 3.347491150474087362e+01 1.449749115047408736e+02 3.244749115047408736e+02
3.411952791271330057e+02 3.421952791271330057e+02 1.195279127133005659e+00 8.695279127133005659e+00 1.744527912713300566e+01 2.244527912713300566e+01 3.546952791271330057e+02
1.327859710613665811e-03 2.200132785971061367e+01 1.650132785971061367e+01 1.325132785971061367e+01 2.100132785971061367e+01 1.875132785971061367e+01 3.525013278597106137e+02
3.494259789896227630e+01 1.544259789896227630e+01 1.569259789896227630e+01 3.559425978989622763e+02 3.559425978989622763e+02 1.069259789896227630e+01 3.514425978989622763e+02
1.123353614367073305e+01 7.483536143670733054e+00 3.592335361436707331e+02 2.548353614367073305e+01 3.407335361436707331e+02 2.864835361436707331e+02 3.024835361436707331e+02
1.351083856920814696e+01 3.485108385692081470e+02 3.430108385692081470e+02 3.582608385692081470e+02 4.826083856920814696e+01 3.551083856920814696e+01 1.676083856920814696e+01
3.446604172669668742e+01 4.196604172669668742e+01 2.196604172669668742e+01 9.421604172669668742e+01 9.296604172669668742e+01 8.621604172669668742e+01 3.357160417266966874e+02
0.000000000000000000e+00 0.000000000000000000e+00 0.000000000000000000e+00 0.000000000000000000e+00 0.000000000000000000e+00 0.000000000000000000e+00 0.000000000000000000e+00
3.373414000160398132e+02 3.455914000160398132e+02 1.234140001603981318e+01 5.509140001603981318e+01 1.058414000160398132e+02 1.573414000160398132e+02 1.778414000160398132e+02
3.452976692579613882e+01 5.102976692579613882e+01 2.952976692579613882e+01 2.277976692579613882e+01 1.077976692579613882e+01 3.779766925796138821e+00 1.202976692579613882e+01
1.629006542146373704e+01 2.004006542146373704e+01 1.529006542146373704e+01 1.004006542146373704e+01 8.790065421463737039e+00 3.429006542146373704e+01 3.254006542146373704e+01
1.234110503000113113e+01 1.184110503000113113e+01 7.841105030001131126e+00 1.091105030001131126e+00 3.435911050300011311e+02 3.470911050300011311e+02 3.595911050300011311e+02
7.769988254876795963e+01 7.069988254876795963e+01 5.969988254876795963e+01 5.769988254876795963e+01 1.819988254876795963e+01 3.529498825487679596e+02 3.574498825487679596e+02
0.000000000000000000e+00 0.000000000000000000e+00 0.000000000000000000e+00 0.000000000000000000e+00 0.000000000000000000e+00 0.000000000000000000e+00 0.000000000000000000e+00
0.000000000000000000e+00 0.000000000000000000e+00 0.000000000000000000e+00 0.000000000000000000e+00 0.000000000000000000e+00 0.000000000000000000e+00 0.000000000000000000e+00
9.373840690515862661e+00 3.593738406905158627e+02 3.488738406905158627e+02 6.123840690515862661e+00 1.462384069051586266e+01 7.373840690515862661e+00 3.576238406905158627e+02
0.000000000000000000e+00 0.000000000000000000e+00 0.000000000000000000e+00 0.000000000000000000e+00 0.000000000000000000e+00 0.000000000000000000e+00 0.000000000000000000e+00
3.549174504730870012e+02 1.041745047308700123e+01 1.674504730870012281e-01 3.441674504730870012e+02 1.167450473087001228e+00 3.741745047308700123e+01 1.316745047308700123e+01
9.125680217365868430e+00 3.596256802173658684e+02 3.571256802173658684e+02 1.562568021736586843e+01 1.787568021736586843e+01 3.078756802173658684e+02 6.912568021736586843e+01
1.415072589544138282e+01 6.650725895441382818e+00 3.534007258954413828e+02 3.574007258954413828e+02 1.665072589544138282e+01 5.150725895441382818e+00 3.336507258954413828e+02
0.000000000000000000e+00 0.000000000000000000e+00 0.000000000000000000e+00 0.000000000000000000e+00 0.000000000000000000e+00 0.000000000000000000e+00 0.000000000000000000e+00
2.776752783134099900e+00 1.526752783134099900e+00 3.597767527831340999e+02 3.445267527831340999e+02 3.452767527831340999e+02 3.555267527831340999e+02 3.590267527831340999e+02
3.211460366103245860e+02 3.158960366103245860e+02 3.221460366103245860e+02 3.336460366103245860e+02 3.311460366103245860e+02 2.573960366103245860e+02 2.888960366103245860e+02
3.445186168080605285e+02 3.425186168080605285e+02 3.480186168080605285e+02 7.518616808060528456e+00 2.801861680806052846e+01 2.676861680806052846e+01 3.268616808060528456e+00
3.428657829762875053e+02 3.508657829762875053e+02 8.115782976287505335e+00 2.865782976287505335e+00 3.533657829762875053e+02 3.581157829762875053e+02 3.657829762875053348e-01
3.445659936737550311e+02 3.480659936737550311e+02 3.400659936737550311e+02 3.438159936737550311e+02 3.443159936737550311e+02 3.385659936737550311e+02 3.353159936737550311e+02
3.292989187104374196e+02 3.362989187104374196e+02 3.375489187104374196e+02 1.579891871043741958e+01 1.004891871043741958e+01 1.048918710437419577e+00 3.577989187104374196e+02
3.164934558102089568e+02 1.674345581020895679e+01 7.743455810208956791e+00 3.464934558102089568e+02 7.434558102089567910e-01 1.499345581020895679e+01 4.493455810208956791e+00
3.315166486173425255e+02 3.272666486173425255e+02 3.497666486173425255e+02 9.766648617342525540e+00 1.526664861734252554e+01 5.266648617342525540e+00 6.376664861734252554e+01
3.394994854168354550e+02 2.249948541683545500e+01 3.524948541683545500e+01 3.417494854168354550e+02 5.999485416835454998e+00 2.924948541683545500e+01 1.249948541683545500e+01
3.598139679479463666e+02 3.485639679479463666e+02 3.510639679479463666e+02 3.545639679479463666e+02 3.565639679479463666e+02 3.598139679479463666e+02 3.580639679479463666e+02
3.518056554984935929e+02 2.055655498493592859e+00 3.243056554984935929e+02 3.385556554984935929e+02 3.353056554984935929e+02 3.243056554984935929e+02 1.030565549849359286e+01
0.000000000000000000e+00 0.000000000000000000e+00 0.000000000000000000e+00 0.000000000000000000e+00 0.000000000000000000e+00 0.000000000000000000e+00 0.000000000000000000e+00
0.000000000000000000e+00 0.000000000000000000e+00 0.000000000000000000e+00 0.000000000000000000e+00 0.000000000000000000e+00 0.000000000000000000e+00 0.000000000000000000e+00
0.000000000000000000e+00 0.000000000000000000e+00 0.000000000000000000e+00 0.000000000000000000e+00 0.000000000000000000e+00 0.000000000000000000e+00 0.000000000000000000e+00
0.000000000000000000e+00 0.000000000000000000e+00 0.000000000000000000e+00 0.000000000000000000e+00 0.000000000000000000e+00 0.000000000000000000e+00 0.000000000000000000e+00
0.000000000000000000e+00 0.000000000000000000e+00 0.000000000000000000e+00 0.000000000000000000e+00 0.000000000000000000e+00 0.000000000000000000e+00 0.000000000000000000e+00
0.000000000000000000e+00 0.000000000000000000e+00 0.000000000000000000e+00 0.000000000000000000e+00 0.000000000000000000e+00 0.000000000000000000e+00 0.000000000000000000e+00
0.000000000000000000e+00 0.000000000000000000e+00 0.000000000000000000e+00 0.000000000000000000e+00 0.000000000000000000e+00 0.000000000000000000e+00 0.000000000000000000e+00
0.000000000000000000e+00 0.000000000000000000e+00 0.000000000000000000e+00 0.000000000000000000e+00 0.000000000000000000e+00 0.000000000000000000e+00 0.000000000000000000e+00
0.000000000000000000e+00 0.000000000000000000e+00 0.000000000000000000e+00 0.000000000000000000e+00 0.000000000000000000e+00 0.000000000000000000e+00 0.000000000000000000e+00
0.000000000000000000e+00 0.000000000000000000e+00 0.000000000000000000e+00 0.000000000000000000e+00 0.000000000000000000e+00 0.000000000000000000e+00 0.000000000000000000e+00
0.000000000000000000e+00 0.000000000000000000e+00 0.000000000000000000e+00 0.000000000000000000e+00 0.000000000000000000e+00 0.000000000000000000e+00 0.000000000000000000e+00
0.000000000000000000e+00 0.000000000000000000e+00 0.000000000000000000e+00 0.000000000000000000e+00 0.000000000000000000e+00 0.000000000000000000e+00 0.000000000000000000e+00
0.000000000000000000e+00 0.000000000000000000e+00 0.000000000000000000e+00 0.000000000000000000e+00 0.000000000000000000e+00 0.000000000000000000e+00 0.000000000000000000e+00
0.000000000000000000e+00 0.000000000000000000e+00 0.000000000000000000e+00 0.000000000000000000e+00 0.000000000000000000e+00 0.000000000000000000e+00 0.000000000000000000e+00
0.000000000000000000e+00 0.000000000000000000e+00 0.000000000000000000e+00 0.000000000000000000e+00 0.000000000000000000e+00 0.000000000000000000e+00 0.000000000000000000e+00
0.000000000000000000e+00 0.000000000000000000e+00 0.000000000000000000e+00 0.000000000000000000e+00 0.000000000000000000e+00 0.000000000000000000e+00 0.000000000000000000e+00
0.000000000000000000e+00 0.000000000000000000e+00 0.000000000000000000e+00 0.000000000000000000e+00 0.000000000000000000e+00 0.000000000000000000e+00 0.000000000000000000e+00
0.000000000000000000e+00 0.000000000000000000e+00 0.000000000000000000e+00 0.000000000000000000e+00 0.000000000000000000e+00 0.000000000000000000e+00 0.000000000000000000e+00
0.000000000000000000e+00 0.000000000000000000e+00 0.000000000000000000e+00 0.000000000000000000e+00 0.000000000000000000e+00 0.000000000000000000e+00 0.000000000000000000e+00
0.000000000000000000e+00 0.000000000000000000e+00 0.000000000000000000e+00 0.000000000000000000e+00 0.000000000000000000e+00 0.000000000000000000e+00 0.000000000000000000e+00
0.000000000000000000e+00 0.000000000000000000e+00 0.000000000000000000e+00 0.000000000000000000e+00 0.000000000000000000e+00 0.000000000000000000e+00 0.000000000000000000e+00
0.000000000000000000e+00 0.000000000000000000e+00 0.000000000000000000e+00 0.000000000000000000e+00 0.000000000000000000e+00 0.000000000000000000e+00 0.000000000000000000e+00
0.000000000000000000e+00 0.000000000000000000e+00 0.000000000000000000e+00 0.000000000000000000e+00 0.000000000000000000e+00 0.000000000000000000e+00 0.000000000000000000e+00
0.000000000000000000e+00 0.000000000000000000e+00 0.000000000000000000e+00 0.000000000000000000e+00 0.000000000000000000e+00 0.000000000000000000e+00 0.000000000000000000e+00
0.000000000000000000e+00 0.000000000000000000e+00 0.000000000000000000e+00 0.000000000000000000e+00 0.000000000000000000e+00 0.000000000000000000e+00 0.000000000000000000e+00
0.000000000000000000e+00 0.000000000000000000e+00 0.000000000000000000e+00 0.000000000000000000e+00 0.000000000000000000e+00 0.000000000000000000e+00 0.000000000000000000e+00
0.000000000000000000e+00 0.000000000000000000e+00 0.000000000000000000e+00 0.000000000000000000e+00 0.000000000000000000e+00 0.000000000000000000e+00 0.000000000000000000e+00
0.000000000000000000e+00 0.000000000000000000e+00 0.000000000000000000e+00 0.000000000000000000e+00 0.000000000000000000e+00 0.000000000000000000e+00 0.000000000000000000e+00
0.000000000000000000e+00 0.000000000000000000e+00 0.000000000000000000e+00 0.000000000000000000e+00 0.000000000000000000e+00 0.000000000000000000e+00 0.000000000000000000e+00
0.000000000000000000e+00 0.000000000000000000e+00 0.000000000000000000e+00 0.000000000000000000e+00 0.000000000000000000e+00 0.000000000000000000e+00 0.000000000000000000e+00
0.000000000000000000e+00 0.000000000000000000e+00 0.000000000000000000e+00 0.000000000000000000e+00 0.000000000000000000e+00 0.000000000000000000e+00 0.000000000000000000e+00
0.000000000000000000e+00 0.000000000000000000e+00 0.000000000000000000e+00 0.000000000000000000e+00 0.000000000000000000e+00 0.000000000000000000e+00 0.000000000000000000e+00
0.000000000000000000e+00 0.000000000000000000e+00 0.000000000000000000e+00 0.000000000000000000e+00 0.000000000000000000e+00 0.000000000000000000e+00 0.000000000000000000e+00
0.000000000000000000e+00 0.000000000000000000e+00 0.000000000000000000e+00 0.000000000000000000e+00 0.000000000000000000e+00 0.000000000000000000e+00 0.000000000000000000e+00
0.000000000000000000e+00 0.000000000000000000e+00 0.000000000000000000e+00 0.000000000000000000e+00 0.000000000000000000e+00 0.000000000000000000e+00 0.000000000000000000e+00
0.000000000000000000e+00 0.000000000000000000e+00 0.000000000000000000e+00 0.000000000000000000e+00 0.000000000000000000e+00 0.000000000000000000e+00 0.000000000000000000e+00
0.000000000000000000e+00 0.000000000000000000e+00 0.000000000000000000e+00 0.000000000000000000e+00 0.000000000000000000e+00 0.000000000000000000e+00 0.000000000000000000e+00
0.000000000000000000e+00 0.000000000000000000e+00 0.000000000000000000e+00 0.000000000000000000e+00 0.000000000000000000e+00 0.000000000000000000e+00 0.000000000000000000e+00
0.000000000000000000e+00 0.000000000000000000e+00 0.000000000000000000e+00 0.000000000000000000e+00 0.000000000000000000e+00 0.000000000000000000e+00 0.000000000000000000e+00
0.000000000000000000e+00 0.000000000000000000e+00 0.000000000000000000e+00 0.000000000000000000e+00 0.000000000000000000e+00 0.000000000000000000e+00 0.000000000000000000e+00
0.000000000000000000e+00 0.000000000000000000e+00 0.000000000000000000e+00 0.000000000000000000e+00 0.000000000000000000e+00 0.000000000000000000e+00 0.000000000000000000e+00
0.000000000000000000e+00 0.000000000000000000e+00 0.000000000000000000e+00 0.000000000000000000e+00 0.000000000000000000e+00 0.000000000000000000e+00 0.000000000000000000e+00
0.000000000000000000e+00 0.000000000000000000e+00 0.000000000000000000e+00 0.000000000000000000e+00 0.000000000000000000e+00 0.000000000000000000e+00 0.000000000000000000e+00
0.000000000000000000e+00 0.000000000000000000e+00 0.000000000000000000e+00 0.000000000000000000e+00 0.000000000000000000e+00 0.000000000000000000e+00 0.000000000000000000e+00
0.000000000000000000e+00 0.000000000000000000e+00 0.000000000000000000e+00 0.000000000000000000e+00 0.000000000000000000e+00 0.000000000000000000e+00 0.000000000000000000e+00
0.000000000000000000e+00 0.000000000000000000e+00 0.000000000000000000e+00 0.000000000000000000e+00 0.000000000000000000e+00 0.000000000000000000e+00 0.000000000000000000e+00
0.000000000000000000e+00 0.000000000000000000e+00 0.000000000000000000e+00 0.000000000000000000e+00 0.000000000000000000e+00 0.000000000000000000e+00 0.000000000000000000e+00
0.000000000000000000e+00 0.000000000000000000e+00 0.000000000000000000e+00 0.000000000000000000e+00 0.000000000000000000e+00 0.000000000000000000e+00 0.000000000000000000e+00
0.000000000000000000e+00 0.000000000000000000e+00 0.000000000000000000e+00 0.000000000000000000e+00 0.000000000000000000e+00 0.000000000000000000e+00 0.000000000000000000e+00
0.000000000000000000e+00 0.000000000000000000e+00 0.000000000000000000e+00 0.000000000000000000e+00 0.000000000000000000e+00 0.000000000000000000e+00 0.000000000000000000e+00
0.000000000000000000e+00 0.000000000000000000e+00 0.000000000000000000e+00 0.000000000000000000e+00 0.000000000000000000e+00 0.000000000000000000e+00 0.000000000000000000e+00
0.000000000000000000e+00 0.000000000000000000e+00 0.000000000000000000e+00 0.000000000000000000e+00 0.000000000000000000e+00 0.000000000000000000e+00 0.000000000000000000e+00
0.000000000000000000e+00 0.000000000000000000e+00 0.000000000000000000e+00 0.000000000000000000e+00 0.000000000000000000e+00 0.000000000000000000e+00 0.000000000000000000e+00
0.000000000000000000e+00 0.000000000000000000e+00 0.000000000000000000e+00 0.000000000000000000e+00 0.000000000000000000e+00 0.000000000000000000e+00 0.000000000000000000e+00
0.000000000000000000e+00 0.000000000000000000e+00 0.000000000000000000e+00 0.000000000000000000e+00 0.000000000000000000e+00 0.000000000000000000e+00 0.000000000000000000e+00
0.000000000000000000e+00 0.000000000000000000e+00 0.000000000000000000e+00 0.000000000000000000e+00 0.000000000000000000e+00 0.000000000000000000e+00 0.000000000000000000e+00
0.000000000000000000e+00 0.000000000000000000e+00 0.000000000000000000e+00 0.000000000000000000e+00 0.000000000000000000e+00 0.000000000000000000e+00 0.000000000000000000e+00
0.000000000000000000e+00 0.000000000000000000e+00 0.000000000000000000e+00 0.000000000000000000e+00 0.000000000000000000e+00 0.000000000000000000e+00 0.000000000000000000e+00
0.000000000000000000e+00 0.000000000000000000e+00 0.000000000000000000e+00 0.000000000000000000e+00 0.000000000000000000e+00 0.000000000000000000e+00 0.000000000000000000e+00
0.000000000000000000e+00 0.000000000000000000e+00 0.000000000000000000e+00 0.000000000000000000e+00 0.000000000000000000e+00 0.000000000000000000e+00 0.000000000000000000e+00
