5.458446526398467169e-01 5.816281190630148146e-01 7.965461072328340331e-01 7.746966641310834012e-01 5.643037891147976159e-01 3.081404215526611923e-01 3.729702973863536775e-01
8.198812976135466668e-01 7.867745818746656461e-01 8.597533567119269859e-01 9.211233096088004002e-01 9.188816263257398864e-01 8.194246290847234659e-01 7.883212718833378929e-01
7.379477328091862409e-01 7.424973423166805198e-01 3.974422080761415010e-01 7.431111795947354937e-01 8.770096448500458441e-01 9.147181756553708354e-01 9.484935023022668110e-01
5.885702167158460840e-01 8.160505734061298533e-01 9.130924909288909985e-01 9.032692389151087964e-01 8.287621050688279700e-01 6.267226344762877321e-01 5.382020971982656166e-01
6.162501782994610489e-01 8.492005847321145717e-01 8.891467812547187988e-01 8.871787572799235688e-01 8.829497589888829490e-01 6.558804379315107402e-01 5.110719100876899290e-01
9.199851418350403209e-01 9.044356112369201783e-01 8.657558700695752174e-01 8.829739384785924017e-01 8.194332197704854437e-01 5.649969638571906705e-01 4.632785471235706387e-01
7.278956772998812497e-01 8.529130598729909307e-01 8.259538464471163355e-01 8.061951328831256092e-01 8.432565202927779779e-01 8.857717056951669443e-01 5.287171310002326541e-01
7.223895237829920379e-01 8.141735017411979580e-01 7.763265427529049134e-01 7.915609802888615709e-01 7.041040638772380067e-01 5.004701842555429048e-01 8.206361516423283931e-01
0.000000000000000000e+00 0.000000000000000000e+00 0.000000000000000000e+00 0.000000000000000000e+00 0.000000000000000000e+00 0.000000000000000000e+00 0.000000000000000000e+00
8.121304051901966359e-01 8.532427435029814600e-01 5.976537221916116138e-01 8.340347412075388434e-01 9.125960454302908254e-01 9.503982761854519179e-01 9.630280969962128346e-01
5.358018843540068854e-01 5.261131311365447871e-01 3.859993623203724633e-01 2.479367945949502716e-01 1.829010241150770266e-01 1.196917771539914160e-01 6.630340054909030778e-01
3.055418543060517966e-01 2.296860742685131185e-01 5.224978977778466094e-01 2.065526268931738851e-01 2.780451734187710522e-01 3.226011929802805045e-01 4.239986438331926899e-01
7.003086602999201160e-01 6.630168112132240887e-01 7.365896397043070198e-01 7.927876702403888753e-01 8.298002606349379473e-01 9.248402106339984607e-01 9.416685146746150981e-01
0.000000000000000000e+00 0.000000000000000000e+00 0.000000000000000000e+00 0.000000000000000000e+00 0.000000000000000000e+00 0.000000000000000000e+00 0.000000000000000000e+00
5.469655814436966690e-01 8.054194061799413440e-01 9.200131776139643947e-01 9.234155196133966292e-01 9.346233415769313879e-01 9.459466833418664899e-01 9.541922864870915344e-01
0.000000000000000000e+00 0.000000000000000000e+00 0.000000000000000000e+00 0.000000000000000000e+00 0.000000000000000000e+00 0.000000000000000000e+00 0.000000000000000000e+00
0.000000000000000000e+00 0.000000000000000000e+00 0.000000000000000000e+00 0.000000000000000000e+00 0.000000000000000000e+00 0.000000000000000000e+00 0.000000000000000000e+00
0.000000000000000000e+00 0.000000000000000000e+00 0.000000000000000000e+00 0.000000000000000000e+00 0.000000000000000000e+00 0.000000000000000000e+00 0.000000000000000000e+00
0.000000000000000000e+00 0.000000000000000000e+00 0.000000000000000000e+00 0.000000000000000000e+00 0.000000000000000000e+00 0.000000000000000000e+00 0.000000000000000000e+00
0.000000000000000000e+00 0.000000000000000000e+00 0.000000000000000000e+00 0.000000000000000000e+00 0.000000000000000000e+00 0.000000000000000000e+00 0.000000000000000000e+00
7.338986728081073885e-01 8.460856904053193350e-01 7.982661832223468812e-01 5.931079727751485953e-01 1.956301941241408993e-01 3.001130921394563056e-01 5.517734416852445589e-01
8.249111693248362132e-01 8.192875614280807905e-01 7.589874990305177649e-01 9.239795393982920269e-01 9.709131594295876688e-01 9.574272017247789091e-01 8.172654207833328632e-01
8.436641770127601969e-01 8.610930246868571114e-01 9.492412113866004475e-01 9.603537666660711958e-01 9.722927287348145375e-01 9.220783706553287162e-01 8.550998352149576931e-01
9.146223212055523133e-01 9.054559733432502311e-01 9.242189618160829845e-01 8.409709780682103064e-01 7.344885130240648152e-01 4.061803138732860696e-01 2.348761585046359179e-01
7.013884465272426372e-01 8.214253443851536884e-01 8.497818313602693019e-01 8.805140570696600166e-01 8.804910890046405703e-01 9.189530736844361281e-01 9.161071643219000915e-01
7.687285657836588904e-01 7.126337703250122946e-01 7.663354774504069766e-01 8.438477765437131239e-01 8.498856982278285566e-01 7.681712133909417428e-01 6.556951354230167173e-01
6.504554131427152663e-01 8.000705813765017771e-01 7.765004663091310544e-01 9.098420490895237078e-01 9.730782753327905654e-01 9.874815325060375404e-01 9.751818830106669944e-01
0.000000000000000000e+00 0.000000000000000000e+00 0.000000000000000000e+00 0.000000000000000000e+00 0.000000000000000000e+00 0.000000000000000000e+00 0.000000000000000000e+00
7.956870644692538574e-01 7.519179689738112460e-01 7.348072395797879963e-01 7.505516812951851247e-01 8.684964786316297092e-01 7.738585964404103290e-01 7.647842291983303342e-01
4.190958695462493333e-01 2.563256407614571408e-01 2.452581733829695687e-01 3.518743071568705139e-01 3.112313568832546506e-01 2.332500302368714640e-01 1.930360458431113757e-01
3.081734763336286265e-01 1.464029417414602352e-01 5.390285478800452834e-01 5.865493300535974397e-01 5.029217237673231367e-01 3.934800933140654156e-01 4.633101260486979789e-01
7.921446060868119199e-01 9.069219157055730118e-01 9.318820093503230595e-01 8.337925850919603032e-01 7.039164896916463299e-01 2.539219334109237280e-01 3.304266770362555561e-01
0.000000000000000000e+00 0.000000000000000000e+00 0.000000000000000000e+00 0.000000000000000000e+00 0.000000000000000000e+00 0.000000000000000000e+00 0.000000000000000000e+00
8.440188451060296471e-01 9.245905262273397263e-01 9.456975704008016015e-01 9.296701816560648535e-01 9.694618117544332447e-01 9.809604261131966707e-01 9.889574904600880734e-01
8.285903678337822598e-01 8.058571727910931459e-01 7.336095862735153572e-01 5.989851578484675088e-01 7.639668006948399093e-01 5.584628153183271992e-01 2.634881095961138509e-01
9.218710702045993521e-01 8.912695744740041226e-01 7.370437606243952500e-01 4.489527772660845129e-01 6.912851157240348376e-01 4.988298404316303669e-01 2.253290652440081698e-01
8.783727039276717496e-01 7.236560668922228379e-01 6.414601529536632096e-01 7.970842868757901378e-01 8.840166102087154698e-01 8.365063744758042263e-01 8.824717380709525827e-01
6.890978833498003775e-01 5.710271177505611417e-01 5.204312151862005020e-01 6.652753989370970844e-01 3.239114232229471924e-01 1.792143602038530348e-01 3.746118014952277697e-01
4.037329317914837845e-01 5.081127641398596184e-01 4.448552293258885570e-01 5.165532569844298871e-01 7.952881324388191286e-01 7.900718772732249207e-01 6.549486364343152234e-01
