8.909761355779812764e-01 8.925530948413331611e-01 8.271704889374937864e-01 5.913057927956529847e-01 4.978632383300530262e-01 4.337536202433832644e-01 4.939791452899665591e-01
7.644251488369232517e-01 6.993431960115208401e-01 8.026735757441598729e-01 7.644978105580408911e-01 5.907016347765772224e-01 8.400821379280997148e-01 7.128563040705643283e-01
8.944604612054055659e-01 8.267130864466740725e-01 5.315166433763882647e-01 5.694612261886830007e-01 8.202022944576200514e-01 8.610954428180471742e-01 9.447677819418374145e-01
7.498112738741089522e-01 8.010099229322810155e-01 8.666245247742546676e-01 8.933344594843370956e-01 9.184692672777197142e-01 8.498998050976672713e-01 6.316436627756203404e-01
8.809559363640847574e-01 8.810538712036750653e-01 9.001005720440977687e-01 9.299448349681012083e-01 9.308512514516208425e-01 8.681442053836785355e-01 7.832207606177741255e-01
8.409135665602760490e-01 9.191896295309466280e-01 9.648250424860752572e-01 9.583808120266330555e-01 8.814979107629055122e-01 5.844953641629353491e-01 3.500557208707661960e-01
8.709997828895564842e-01 8.817269789471557928e-01 7.626771165474627301e-01 7.783661742545990858e-01 8.295278583212263301e-01 8.483003782549906058e-01 7.283696571983127033e-01
8.084630864890240964e-01 7.809812241245609465e-01 8.970689794159597552e-01 8.871721601995298245e-01 8.224451309505234065e-01 6.232742449349431002e-01 7.626195463784307682e-01
0.000000000000000000e+00 0.000000000000000000e+00 0.000000000000000000e+00 0.000000000000000000e+00 0.000000000000000000e+00 0.000000000000000000e+00 0.000000000000000000e+00
8.478946658894969124e-01 9.011002256723222859e-01 7.293285527961076431e-01 7.014748091960807397e-01 8.891202814092260542e-01 9.062512843928702821e-01 9.604150384431855425e-01
4.204703577900645861e-01 6.664644502669975212e-01 6.007036436294886927e-01 5.018654268237606741e-01 4.188342224690220217e-01 3.592140647388576968e-01 5.373418846954521877e-01
4.917753487787528133e-02 1.846828218158443891e-01 1.951261793786780163e-01 5.165858432023151536e-01 3.071884536815897571e-01 2.610702474037844278e-01 4.777565554312862006e-01
6.203207966945685214e-01 6.440891547850796650e-01 5.361377480051846556e-01 6.927872842279914067e-01 8.464997146521600069e-01 9.467350142285281267e-01 9.186053701392388193e-01
0.000000000000000000e+00 0.000000000000000000e+00 0.000000000000000000e+00 0.000000000000000000e+00 0.000000000000000000e+00 0.000000000000000000e+00 0.000000000000000000e+00
6.315189539437982003e-01 7.316043392234675702e-01 8.822541411446792603e-01 9.504807446818193117e-01 9.122066719924651901e-01 8.888387431136298700e-01 8.216935518411486727e-01
0.000000000000000000e+00 0.000000000000000000e+00 0.000000000000000000e+00 0.000000000000000000e+00 0.000000000000000000e+00 0.000000000000000000e+00 0.000000000000000000e+00
0.000000000000000000e+00 0.000000000000000000e+00 0.000000000000000000e+00 0.000000000000000000e+00 0.000000000000000000e+00 0.000000000000000000e+00 0.000000000000000000e+00
0.000000000000000000e+00 0.000000000000000000e+00 0.000000000000000000e+00 0.000000000000000000e+00 0.000000000000000000e+00 0.000000000000000000e+00 0.000000000000000000e+00
0.000000000000000000e+00 0.000000000000000000e+00 0.000000000000000000e+00 0.000000000000000000e+00 0.000000000000000000e+00 0.000000000000000000e+00 0.000000000000000000e+00
0.000000000000000000e+00 0.000000000000000000e+00 0.000000000000000000e+00 0.000000000000000000e+00 0.000000000000000000e+00 0.000000000000000000e+00 0.000000000000000000e+00
7.408423289370243969e-01 8.137871261177584969e-01 6.823940012395239840e-01 5.100733462948539021e-01 3.721518526271599958e-01 3.268858793360458481e-01 5.592369431687876924e-01
8.432195282191544683e-01 9.577263497839030304e-01 9.770293085266148481e-01 9.504138363104267517e-01 9.326316507982644888e-01 9.203938846723772604e-01 6.788617710920235027e-01
7.920153115468019367e-01 8.101632914485136228e-01 8.757358418375937870e-01 9.414913938136620919e-01 9.783506817069823613e-01 9.634939200795549219e-01 8.879568035186937713e-01
8.617028421583859954e-01 8.459633054543798103e-01 8.609375052798295958e-01 7.880575146152303256e-01 6.767384687477023819e-01 6.730838141213715264e-01 4.368029701728372571e-01
7.159356854708978091e-01 7.370367126948170755e-01 8.092173958744240947e-01 8.812888342838784972e-01 8.868855543732234725e-01 8.847623003385886031e-01 8.429238976892089452e-01
6.763596786441836706e-01 7.251570052311048231e-01 8.418883376009570485e-01 9.256141834229361098e-01 8.762097769565437844e-01 5.105892085331672492e-01 1.841119251918159339e-01
8.193691824901283560e-01 8.476970625418152050e-01 7.955662188818595215e-01 8.364598156899131220e-01 8.444390466283410168e-01 8.809869230586671041e-01 8.202401338993308144e-01
0.000000000000000000e+00 0.000000000000000000e+00 0.000000000000000000e+00 0.000000000000000000e+00 0.000000000000000000e+00 0.000000000000000000e+00 0.000000000000000000e+00
7.939788428798478792e-01 8.189885983532505520e-01 8.876783035350950257e-01 8.492697466480022550e-01 7.775881177817154377e-01 6.608774674189890064e-01 5.058191260940193557e-01
2.430518836115289349e-01 2.442302626062291537e-01 2.119088371216173439e-01 4.071772295970923494e-01 1.842163866829921448e-01 3.205343890713488464e-01 2.984174839373230914e-01
9.027074764101282733e-01 8.929366550170209083e-01 8.389083309380602760e-01 6.820940791328037323e-01 7.343099667499060068e-01 8.101847096869321252e-01 7.852218460211033424e-01
9.042020257676832706e-01 9.270589070181860514e-01 9.192489382599233760e-01 9.255097464348732705e-01 8.193473144663440122e-01 6.300578722426626310e-01 4.974113671910166956e-01
0.000000000000000000e+00 0.000000000000000000e+00 0.000000000000000000e+00 0.000000000000000000e+00 0.000000000000000000e+00 0.000000000000000000e+00 0.000000000000000000e+00
8.168387961207405068e-01 8.759352778922405713e-01 9.189298411679605039e-01 9.179711703593439465e-01 9.657538658080934146e-01 9.905454478280500963e-01 9.905466491036863941e-01
8.556179128214946861e-01 9.084229906337770721e-01 8.650161022139059019e-01 5.106875036702481774e-01 5.723020190355451176e-01 2.767578275379373176e-01 2.410838663957181605e-01
7.573327122944328860e-01 7.852445685908270301e-01 8.063884504560392408e-01 5.837817090541885801e-01 5.230620797177391035e-01 3.882381008008345402e-01 3.372926369988648032e-01
7.832390776934554655e-01 7.963566637569227114e-01 7.701782932677855298e-01 6.811441285717371175e-01 5.657791304127754994e-01 6.739472169674830537e-01 6.697410540499361131e-01
7.052782395748099509e-01 7.373827850286505114e-01 5.276419617306539189e-01 6.046474571533679843e-01 6.069034857563765373e-01 2.234569059720089568e-01 2.116533638133976380e-01
3.758914231426928043e-01 4.600876859249801720e-01 5.479084986960592873e-01 7.500784863942937530e-01 9.211363513348035381e-01 8.930719746853633678e-01 8.610811395166739768e-01
6.045665440022397474e-01 4.624581957453896552e-01 4.805122727707262231e-01 5.480630026368595864e-01 5.857475163858926193e-01 7.206530289585330040e-01 6.107948218202476909e-01
7.830250099940990749e-01 8.270815928944798001e-01 8.000147667668996432e-01 7.502639540908625504e-01 8.638538012499388241e-01 7.928058125366603814e-01 7.855308962578512189e-01
5.021691425779577500e-01 4.719944053677057605e-01 4.551299994139287874e-01 6.147787764592441695e-01 7.214738084239572524e-01 5.141022185860385507e-01 6.537042562580748228e-01
8.718309891043939386e-01 9.177361409728522768e-01 9.090021476713885384e-01 9.052969481567404442e-01 5.370699522604280851e-01 3.215846333462825113e-01 3.531130744780779374e-01
6.625377491118344953e-01 7.989873512104888054e-01 8.280707154396491632e-01 8.061116581146227089e-01 7.935180362829890033e-01 6.507510412797410382e-01 1.559535593729912684e-01
7.191949829686514750e-01 7.640171973816173301e-01 5.628699397552898720e-01 6.388435728236889766e-01 5.996301338365895850e-01 6.432371538127611421e-01 7.937459229805589045e-01
5.509166486376171346e-01 6.147150669517209565e-01 5.270508951544496945e-01 3.269268983640426507e-01 1.974245254839975539e-01 1.972393233384321098e-01 3.392072190535768694e-01
9.092178616753175957e-01 8.693160971982424323e-01 9.042122533821275177e-01 9.414473248922766713e-01 9.232175150311681122e-01 8.785601865100628460e-01 8.012382927033421254e-01
0.000000000000000000e+00 0.000000000000000000e+00 0.000000000000000000e+00 0.000000000000000000e+00 0.000000000000000000e+00 0.000000000000000000e+00 0.000000000000000000e+00
0.000000000000000000e+00 0.000000000000000000e+00 0.000000000000000000e+00 0.000000000000000000e+00 0.000000000000000000e+00 0.000000000000000000e+00 0.000000000000000000e+00
7.857574491820209506e-01 7.607634075679514662e-01 7.794479058567855834e-01 6.784863989112113192e-01 5.506513158026646870e-01 3.910359548681862640e-01 6.842186575949881222e-01
7.506952493165088836e-01 6.281709075254690022e-01 5.690357576775304516e-01 6.246500266826895409e-01 7.941713467410373983e-01 2.615430218042699151e-01 3.603880354867507463e-01
7.556830291043352688e-01 7.537709910548494596e-01 5.274932055926917496e-01 7.399276489452468741e-01 7.765173702807990352e-01 7.233614397045523559e-01 9.072682777778089402e-01
0.000000000000000000e+00 0.000000000000000000e+00 0.000000000000000000e+00 0.000000000000000000e+00 0.000000000000000000e+00 0.000000000000000000e+00 0.000000000000000000e+00
4.380921388861281907e-01 5.640199231323514972e-01 7.622999407397763605e-01 8.060966222266509051e-01 8.842605947449307946e-01 9.163769899172455879e-01 8.979823222666468707e-01
8.423220682799045234e-01 7.810816512135624334e-01 7.657397369478220472e-01 7.220998503867405161e-01 5.786405823735051301e-01 5.434862370932860287e-01 7.248834233113293779e-01
0.000000000000000000e+00 0.000000000000000000e+00 0.000000000000000000e+00 0.000000000000000000e+00 0.000000000000000000e+00 0.000000000000000000e+00 0.000000000000000000e+00
0.000000000000000000e+00 0.000000000000000000e+00 0.000000000000000000e+00 0.000000000000000000e+00 0.000000000000000000e+00 0.000000000000000000e+00 0.000000000000000000e+00
0.000000000000000000e+00 0.000000000000000000e+00 0.000000000000000000e+00 0.000000000000000000e+00 0.000000000000000000e+00 0.000000000000000000e+00 0.000000000000000000e+00
0.000000000000000000e+00 0.000000000000000000e+00 0.000000000000000000e+00 0.000000000000000000e+00 0.000000000000000000e+00 0.000000000000000000e+00 0.000000000000000000e+00
6.499382051466566779e-01 6.870138454603618161e-01 7.219614141941455010e-01 7.454206897130235543e-01 8.639601981033997458e-01 6.839215107825387108e-01 7.201318344073452948e-01
7.542205199416348593e-01 4.474263395153652567e-01 6.746492197760979304e-01 6.704294323532635769e-01 5.221508219750112811e-01 2.894040003305450304e-01 2.107517010322419448e-01
8.536098585721365595e-01 8.499538605655618806e-01 7.769597706169559803e-01 8.539593023189829823e-01 8.137775389818449057e-01 6.023192420349418041e-01 3.207237372415472909e-01
7.524941446269592937e-01 7.057496437449406468e-01 7.942841108104150560e-01 8.337087860611980261e-01 7.515513856958793149e-01 6.168803877242210465e-01 3.477221161229548940e-01
0.000000000000000000e+00 0.000000000000000000e+00 0.000000000000000000e+00 0.000000000000000000e+00 0.000000000000000000e+00 0.000000000000000000e+00 0.000000000000000000e+00
6.585571256066725665e-01 7.830345685576272086e-01 8.322393216798585902e-01 7.586847519862591760e-01 8.457436873411320333e-01 8.953312751133682967e-01 8.758772943527322052e-01
0.000000000000000000e+00 0.000000000000000000e+00 0.000000000000000000e+00 0.000000000000000000e+00 0.000000000000000000e+00 0.000000000000000000e+00 0.000000000000000000e+00
8.236486561604323686e-01 8.088932753090387617e-01 9.250538874666570655e-01 9.107050488923279508e-01 7.675169953094956865e-01 3.102800029223086176e-01 2.910444797069594580e-01
6.537261941875648352e-01 8.391392760683877849e-01 8.132269024475849983e-01 7.283830760212514077e-01 5.088438982134426691e-01 4.930389718972785218e-01 8.255091561119221044e-01
