1.315915374141511052e+01 1.265915374141511052e+01 3.456591537414151389e+02 2.871591537414151389e+02 2.894091537414151389e+02 5.165915374141511052e+01 2.365915374141511052e+01
3.564124886080046508e+02 3.586624886080046508e+02 3.481624886080046508e+02 6.912488608004650814e+00 6.412488608004650814e+00 1.266248860800465081e+01 3.469124886080046508e+02
3.547968238523370132e+02 3.537968238523370132e+02 3.557968238523370132e+02 9.046823852337013250e+00 3.029682385233701325e+01 4.779682385233701325e+01 1.929682385233701325e+01
5.849191301547193689e+00 5.849191301547193689e+00 8.349191301547193689e+00 1.184919130154719369e+01 4.349191301547193689e+00 3.558491913015471937e+02 3.558491913015471937e+02
4.919541300475543721e+00 6.419541300475543721e+00 1.191954130047554372e+01 1.291954130047554372e+01 3.531695413004755437e+02 6.169541300475543721e+00 3.584195413004755437e+02
3.561141352110164462e+02 1.364135211016446192e+00 3.864135211016446192e+00 4.114135211016446192e+00 8.114135211016446192e+00 9.614135211016446192e+00 2.586413521101644619e+01
6.070367636200785455e+00 3.203676362007854550e-01 3.535703676362007855e+02 3.523203676362007855e+02 1.070367636200785455e+00 1.432036763620078546e+01 3.325703676362007855e+02
2.449896300123896253e+01 2.149896300123896253e+01 1.924896300123896253e+01 1.774896300123896253e+01 2.024896300123896253e+01 4.299896300123896253e+01 3.799896300123896253e+01
0.000000000000000000e+00 0.000000000000000000e+00 0.000000000000000000e+00 0.000000000000000000e+00 0.000000000000000000e+00 0.000000000000000000e+00 0.000000000000000000e+00
3.559382881971548613e+02 3.564382881971548613e+02 3.938288197154832915e+00 1.193828819715483291e+01 1.768828819715483291e+01 4.393828819715483291e+01 2.218828819715483291e+01
1.666927625847466743e+01 1.666927625847466743e+01 1.916927625847466743e+01 1.966927625847466743e+01 2.891927625847466743e+01 6.866927625847466743e+01 6.616927625847466743e+01
2.978693479809754763e+01 1.153693479809754763e+01 3.292869347980975476e+02 3.242869347980975476e+02 3.500369347980975476e+02 3.530369347980975476e+02 8.536934798097547628e+00
2.353632209172360490e+01 2.678632209172360490e+01 2.778632209172360490e+01 1.378632209172360490e+01 3.525363220917236049e+02 3.442863220917236049e+02 3.475363220917236049e+02
0.000000000000000000e+00 0.000000000000000000e+00 0.000000000000000000e+00 0.000000000000000000e+00 0.000000000000000000e+00 0.000000000000000000e+00 0.000000000000000000e+00
3.516661695281351854e+02 3.529161695281351854e+02 3.554161695281351854e+02 3.564161695281351854e+02 3.584161695281351854e+02 9.161695281351853737e-01 3.666169528135185374e+00
0.000000000000000000e+00 0.000000000000000000e+00 0.000000000000000000e+00 0.000000000000000000e+00 0.000000000000000000e+00 0.000000000000000000e+00 0.000000000000000000e+00
0.000000000000000000e+00 0.000000000000000000e+00 0.000000000000000000e+00 0.000000000000000000e+00 0.000000000000000000e+00 0.000000000000000000e+00 0.000000000000000000e+00
0.000000000000000000e+00 0.000000000000000000e+00 0.000000000000000000e+00 0.000000000000000000e+00 0.000000000000000000e+00 0.000000000000000000e+00 0.000000000000000000e+00
0.000000000000000000e+00 0.000000000000000000e+00 0.000000000000000000e+00 0.000000000000000000e+00 0.000000000000000000e+00 0.000000000000000000e+00 0.000000000000000000e+00
0.000000000000000000e+00 0.000000000000000000e+00 0.000000000000000000e+00 0.000000000000000000e+00 0.000000000000000000e+00 0.000000000000000000e+00 0.000000000000000000e+00
2.683401854096092620e+01 2.658401854096092620e+01 2.058401854096092620e+01 1.084018540960926202e+00 7.334018540960926202e+00 2.583401854096092620e+01 3.580840185409609262e+02
7.082606912875917260e-01 5.208260691287591726e+00 9.458260691287591726e+00 1.320826069128759173e+01 1.708260691287591726e+00 3.464582606912875917e+02 3.549582606912875917e+02
3.521645374826396164e+02 3.556645374826396164e+02 3.551645374826396164e+02 3.496645374826396164e+02 3.484145374826396164e+02 3.486645374826396164e+02 3.591645374826396164e+02
3.551941477415824124e+02 3.586941477415824124e+02 1.941477415824124364e-01 3.571941477415824124e+02 3.594441477415824124e+02 6.944147741582412436e+00 1.244414774158241244e+01
3.573566637954979797e+02 3.551066637954979797e+02 3.543566637954979797e+02 2.835666379549795124e+01 7.035666379549795124e+01 1.885666379549795124e+01 6.066637954979512415e-01
5.996980842491552721e-01 2.349698084249155272e+00 4.599698084249155272e+00 3.568496980842491553e+02 3.528496980842491553e+02 3.590996980842491553e+02 1.599698084249155272e+00
3.508148803052918083e+02 3.490648803052918083e+02 3.488148803052918083e+02 3.488148803052918083e+02 3.513148803052918083e+02 3.558148803052918083e+02 3.545648803052918083e+02
0.000000000000000000e+00 0.000000000000000000e+00 0.000000000000000000e+00 0.000000000000000000e+00 0.000000000000000000e+00 0.000000000000000000e+00 0.000000000000000000e+00
3.533980658112129731e+02 3.551480658112129731e+02 3.573980658112129731e+02 3.586480658112129731e+02 3.581480658112129731e+02 3.556480658112129731e+02 5.398065811212973131e+00
3.520890690867400394e+02 2.308906908674001812e+01 5.983906908674003944e+01 6.983906908674003944e+01 7.483906908674003944e+01 6.708906908674003944e+01 3.595890690867400394e+02
9.045424606225083153e-01 1.654542460622508315e+00 3.654542460622508315e+00 9.654542460622508315e+00 9.904542460622508315e+00 3.556545424606225083e+02 3.549045424606225083e+02
3.512777440525976544e+02 1.402774405259765444e+01 1.702774405259765444e+01 1.577774405259765444e+01 1.127774405259765444e+01 1.602774405259765444e+01 2.027774405259765444e+01
0.000000000000000000e+00 0.000000000000000000e+00 0.000000000000000000e+00 0.000000000000000000e+00 0.000000000000000000e+00 0.000000000000000000e+00 0.000000000000000000e+00
4.721031147633425462e+00 1.572103114763342546e+01 3.584710311476334255e+02 3.447210311476334255e+02 3.544710311476334255e+02 3.559710311476334255e+02 3.597210311476334255e+02
3.596083627669557927e+02 2.358362766955792722e+00 3.358362766955792722e+00 7.858362766955792722e+00 8.358362766955792722e+00 3.478583627669557927e+02 2.358362766955792722e+00
7.199402625917787191e+01 8.224402625917787191e+01 8.249402625917787191e+01 4.399402625917787191e+01 3.504940262591778719e+02 3.474940262591778719e+02 3.424402625917787191e+01
3.440686019310900292e+02 3.545686019310900292e+02 1.818601931090043422e+00 2.068601931090043422e+00 3.515686019310900292e+02 3.578186019310900292e+02 4.068601931090043422e+00
1.258114309589177537e+01 3.383114309589177537e+01 5.983114309589177537e+01 6.233114309589177537e+01 1.883114309589177537e+01 1.831143095891775374e+00 2.433114309589177537e+01
1.081087601412139065e+01 5.810876014121390654e+00 1.681087601412139065e+01 5.331087601412139065e+01 8.056087601412139065e+01 8.056087601412139065e+01 7.281087601412139065e+01
