7.203183987426288182e-01 6.613504443006791300e-01 5.531161792044257952e-01 5.040556715307157321e-01 3.064997140107582063e-01 2.692179726153223207e-01 1.908654924116360008e-01
8.527282155614469561e-01 8.688347827306167614e-01 8.558279070350773843e-01 9.545814748752063927e-01 9.310629653016195828e-01 7.818745771970314618e-01 7.400581661501460795e-01
7.896707113455477822e-01 7.167286476911595150e-01 5.017007241389517258e-01 7.777687599445838318e-01 8.080696874365325133e-01 9.086085758091124731e-01 9.603731202745484641e-01
6.986660367392055759e-01 7.672897610515049260e-01 8.997874168256059235e-01 8.956179560568671150e-01 8.521295615267141521e-01 4.054924581116149951e-01 2.544542499833684079e-01
3.818065592817116993e-01 7.369679826033627146e-01 8.670585917119154606e-01 8.839134382464058914e-01 9.245967746942793664e-01 8.294616315696676789e-01 6.778609560792060451e-01
8.545561994952226570e-01 7.430160591806784787e-01 7.226212448329440985e-01 8.795694172797755561e-01 8.562017733206989112e-01 7.962280276462587736e-01 5.838240677934449785e-01
7.477065596915450918e-01 8.214741352279073539e-01 8.641071357244960449e-01 9.074983958007272200e-01 9.290263669901742682e-01 9.060767367643853820e-01 8.509942857410954797e-01
7.551478516937273344e-01 8.486395486515359021e-01 8.382964098313251400e-01 7.327831322989049045e-01 4.628657112433022247e-01 5.470216394287213957e-01 8.958763538422681583e-01
0.000000000000000000e+00 0.000000000000000000e+00 0.000000000000000000e+00 0.000000000000000000e+00 0.000000000000000000e+00 0.000000000000000000e+00 0.000000000000000000e+00
8.644855541446355707e-01 8.262611277897953244e-01 6.468557851985679008e-01 8.523976485766572297e-01 9.047800354567119285e-01 9.413688865864048294e-01 9.680617449516374373e-01
1.905755872547552632e-01 3.934842799381766398e-01 5.078382215892981444e-01 3.466338441904266432e-01 3.299768446685418244e-01 4.868682772177618800e-01 7.126962695494842848e-01
6.232834794760311325e-02 3.414794484409465758e-01 2.452786606524574586e-01 2.867302439618640286e-01 4.832864869711163691e-01 4.920284199408162529e-01 3.389625103223828373e-01
7.582534930443677323e-01 6.709890204548862869e-01 6.228216115840716771e-01 8.236915893175142944e-01 8.404579308604493981e-01 8.327844574401417344e-01 9.505899023611430465e-01
0.000000000000000000e+00 0.000000000000000000e+00 0.000000000000000000e+00 0.000000000000000000e+00 0.000000000000000000e+00 0.000000000000000000e+00 0.000000000000000000e+00
7.354943442054356906e-01 8.107218764646669795e-01 8.999733212017018147e-01 9.364525706409854156e-01 9.019987355201157797e-01 9.409343446702194136e-01 9.548564464122262230e-01
0.000000000000000000e+00 0.000000000000000000e+00 0.000000000000000000e+00 0.000000000000000000e+00 0.000000000000000000e+00 0.000000000000000000e+00 0.000000000000000000e+00
0.000000000000000000e+00 0.000000000000000000e+00 0.000000000000000000e+00 0.000000000000000000e+00 0.000000000000000000e+00 0.000000000000000000e+00 0.000000000000000000e+00
0.000000000000000000e+00 0.000000000000000000e+00 0.000000000000000000e+00 0.000000000000000000e+00 0.000000000000000000e+00 0.000000000000000000e+00 0.000000000000000000e+00
0.000000000000000000e+00 0.000000000000000000e+00 0.000000000000000000e+00 0.000000000000000000e+00 0.000000000000000000e+00 0.000000000000000000e+00 0.000000000000000000e+00
0.000000000000000000e+00 0.000000000000000000e+00 0.000000000000000000e+00 0.000000000000000000e+00 0.000000000000000000e+00 0.000000000000000000e+00 0.000000000000000000e+00
7.978446423205812765e-01 7.251324200907847128e-01 6.148906589065551431e-01 4.504522866365792688e-01 5.404447817450460656e-01 5.869382099340190173e-01 4.986405237152960468e-01
8.323496531183440794e-01 8.557292989356657387e-01 8.865680398018418451e-01 9.339534793437654914e-01 9.577338393936312144e-01 9.328121373892781509e-01 8.937058112090653372e-01
7.979588840919880077e-01 8.560910429248915765e-01 8.915727441580075796e-01 9.730206279759103793e-01 9.800458607212851891e-01 9.682284431365217880e-01 9.504683299059244472e-01
8.846298153224383398e-01 8.843400038703923549e-01 8.706139822351302016e-01 9.210919075682064694e-01 7.267043464535624109e-01 7.254879382896154416e-01 7.690926501562616036e-01
8.455970468074979207e-01 7.990323445969881311e-01 8.627972561834750254e-01 8.799566871184016925e-01 8.477872631310532370e-01 5.758688305115114980e-01 5.282270878460635366e-01
6.881878515429292742e-01 7.937555301168660593e-01 7.815048707959453278e-01 8.144555609640441451e-01 6.441957907702851038e-01 1.841531312896525219e-01 1.606137258219139108e-01
8.341744455370058153e-01 8.394021227909266303e-01 8.310382596594806381e-01 8.259659075385009652e-01 7.840521235586781490e-01 7.535857376216331671e-01 3.141454300268203825e-01
0.000000000000000000e+00 0.000000000000000000e+00 0.000000000000000000e+00 0.000000000000000000e+00 0.000000000000000000e+00 0.000000000000000000e+00 0.000000000000000000e+00
9.195255180830536057e-01 8.704395707422989403e-01 7.470358060074382411e-01 7.704398960945697539e-01 5.116828551896868138e-01 3.784651516908194568e-01 7.501175411674489146e-02
3.826557778622546313e-01 4.953413942239295875e-01 4.576409221948779527e-01 3.867694971437964924e-01 5.870434394941567158e-01 2.432854635558959755e-01 4.634359902047960889e-01
6.856059917115872038e-01 7.317490655832984414e-01 7.438344073938469858e-01 5.658765636313268788e-01 4.521864587733528396e-01 2.834661138255025192e-01 5.743244651189209904e-01
5.396156394518746291e-01 6.298916225290104309e-01 6.553933460329769423e-01 5.324324574757269835e-01 2.857306143184663583e-01 3.629608171123690497e-01 5.117478194765081589e-01
0.000000000000000000e+00 0.000000000000000000e+00 0.000000000000000000e+00 0.000000000000000000e+00 0.000000000000000000e+00 0.000000000000000000e+00 0.000000000000000000e+00
7.654758040791523888e-01 9.162160784500160693e-01 9.668774921498656250e-01 9.821685408170685028e-01 9.891611654406481380e-01 9.785166459785284987e-01 9.360273702189667588e-01
8.602459129174342412e-01 5.961819099616118001e-01 5.927350691689452500e-01 4.091372465309278672e-01 8.527944379591703705e-02 2.870609137951000145e-01 4.047529993111407265e-01
6.738328027557669575e-01 2.826482374808956810e-01 2.450668538902154581e-01 2.612826985522689327e-01 2.952613996794333229e-01 2.357192030702431051e-01 4.636720913056095461e-01
8.171307657187315554e-01 6.715658864175250153e-01 3.902366227675312382e-01 5.154281019470087211e-01 6.238959642524488647e-01 7.958675535208871166e-01 3.705781395296182112e-01
5.481968051553383070e-01 3.674112961285570522e-01 1.555154275428355382e-01 1.501786679570913385e-01 4.767853582488006808e-02 3.498013666245463615e-01 3.353801972240885720e-01
4.442759421345397475e-01 4.995108347339416444e-01 3.842724076402446176e-01 4.679653804530815031e-01 6.135109013996813410e-01 3.196542957236670479e-01 4.317250271016986329e-01
1.796754876162443559e-01 5.764133538470437301e-01 3.480689264402082594e-01 2.178285985472540598e-01 1.398807923177692869e-01 4.594142757022438572e-01 2.289144863914927552e-01
8.344737006768733201e-01 8.827949375121962872e-01 7.810916524105442349e-01 6.679568401694707669e-01 2.856307660707408935e-01 9.471249162200882921e-02 1.927760696154985631e-01
0.000000000000000000e+00 0.000000000000000000e+00 0.000000000000000000e+00 0.000000000000000000e+00 0.000000000000000000e+00 0.000000000000000000e+00 0.000000000000000000e+00
8.921178897435322330e-01 8.934558367248658373e-01 8.756755652100426390e-01 7.197742943348135469e-01 5.610266966534582789e-01 1.322656226032226934e-01 3.230190947262191470e-01
8.622160352729394406e-01 7.943411416863218610e-01 6.066462935103930088e-01 4.279398196661831077e-01 5.396222192829877029e-01 3.720641143615089907e-01 2.230952482649854463e-01
6.074224944017609928e-01 5.561075899772938147e-01 5.104141059163331828e-01 5.869907606919136933e-01 7.961381504452490487e-01 7.673924894129295904e-01 8.425744972201514305e-01
4.161200054364994627e-01 5.662620140113434619e-01 3.546189596494172536e-01 5.403699029901429807e-01 3.798894261320577836e-01 4.488782996084866861e-01 4.762873134745114756e-01
8.452586755101203497e-01 9.003368759667501608e-01 9.613752455956142695e-01 8.630166240425367619e-01 8.114948303676853270e-01 8.004133520978801153e-01 8.157536939104760298e-01
0.000000000000000000e+00 0.000000000000000000e+00 0.000000000000000000e+00 0.000000000000000000e+00 0.000000000000000000e+00 0.000000000000000000e+00 0.000000000000000000e+00
0.000000000000000000e+00 0.000000000000000000e+00 0.000000000000000000e+00 0.000000000000000000e+00 0.000000000000000000e+00 0.000000000000000000e+00 0.000000000000000000e+00
7.687320143277868167e-01 6.828483539071493746e-01 5.914187279713387646e-01 7.003802918828675450e-01 5.028312905263310206e-01 4.743275477848095667e-01 6.396939288354726028e-01
5.350556276010618451e-01 7.018632420143966488e-01 8.046418928970250350e-01 6.575145941661141302e-01 6.208567807466126576e-01 6.835843107934815865e-01 5.109563443076419187e-01
6.741215673845665224e-01 6.042782276662451713e-01 4.685401868178802887e-01 3.979948221571068534e-01 7.332592498922617663e-01 7.709663063938496652e-01 9.029350812918953695e-01
0.000000000000000000e+00 0.000000000000000000e+00 0.000000000000000000e+00 0.000000000000000000e+00 0.000000000000000000e+00 0.000000000000000000e+00 0.000000000000000000e+00
3.351260241867986545e-01 7.514937989289055542e-01 8.154101773284310184e-01 7.318180911881327910e-01 7.108242600388706700e-01 9.506362489417233830e-01 9.887153922319995569e-01
5.771495152823137298e-01 6.390498182119626058e-01 6.818417305241500914e-01 6.986123891956855791e-01 6.804665714191487913e-01 6.570719308347229282e-01 7.697206216063741113e-01
0.000000000000000000e+00 0.000000000000000000e+00 0.000000000000000000e+00 0.000000000000000000e+00 0.000000000000000000e+00 0.000000000000000000e+00 0.000000000000000000e+00
0.000000000000000000e+00 0.000000000000000000e+00 0.000000000000000000e+00 0.000000000000000000e+00 0.000000000000000000e+00 0.000000000000000000e+00 0.000000000000000000e+00
0.000000000000000000e+00 0.000000000000000000e+00 0.000000000000000000e+00 0.000000000000000000e+00 0.000000000000000000e+00 0.000000000000000000e+00 0.000000000000000000e+00
0.000000000000000000e+00 0.000000000000000000e+00 0.000000000000000000e+00 0.000000000000000000e+00 0.000000000000000000e+00 0.000000000000000000e+00 0.000000000000000000e+00
6.444548901689772791e-01 5.694424997048816994e-01 7.947476475801907858e-01 7.307156572520862037e-01 5.919944089695933220e-01 2.814444699877801104e-01 2.829414641379950912e-01
3.949468192362418084e-01 5.231232685691931117e-01 6.772295221433098922e-01 6.464561909982725618e-01 3.053831299115759568e-01 2.660572397133154077e-01 2.250365526440496755e-01
8.675523469988154490e-01 8.338729183956388180e-01 8.025877004461042796e-01 6.733023859652639276e-01 4.252436390442693726e-01 5.820529635585711126e-02 4.440578689389641093e-02
5.603105620733237480e-01 6.658553995437486162e-01 5.889320733721699064e-01 3.941231950100839709e-01 2.805656998896390308e-01 2.622496937765701475e-01 8.297064733428645422e-02
0.000000000000000000e+00 0.000000000000000000e+00 0.000000000000000000e+00 0.000000000000000000e+00 0.000000000000000000e+00 0.000000000000000000e+00 0.000000000000000000e+00
5.999427694860979265e-01 5.755910495366023394e-01 2.572592713060434799e-01 5.494657137304336247e-01 3.337963232860204910e-01 3.488038587182373251e-01 5.811141316643189114e-01
0.000000000000000000e+00 0.000000000000000000e+00 0.000000000000000000e+00 0.000000000000000000e+00 0.000000000000000000e+00 0.000000000000000000e+00 0.000000000000000000e+00
7.418424381293307057e-01 6.532289444137823198e-01 7.226175607489039310e-01 6.956657095263676371e-01 5.829958400896126935e-01 2.414451671999632010e-01 3.022327337102917455e-01
5.729622227563555548e-01 6.131137069311437537e-01 5.622341832709376597e-01 2.962777755312434036e-01 2.510054055817390051e-01 4.497684327520733993e-01 3.027871585861022230e-01
