3.425007418049785883e+02 3.492507418049785883e+02 3.485007418049785883e+02 2.075074180497857412e+01 5.975074180497857412e+01 7.500074180497857412e+01 6.125074180497857412e+01
8.308963370417131955e+00 6.558963370417131955e+00 1.558963370417131955e+00 8.808963370417131955e+00 3.490589633704171320e+02 3.563089633704171320e+02 3.570589633704171320e+02
7.773187493261247027e+00 8.523187493261247027e+00 2.027318749326124703e+01 3.652318749326124703e+01 2.523187493261247027e+00 3.465231874932612754e+02 6.523187493261247027e+00
3.503036263895445472e+02 3.570536263895445472e+02 3.580536263895445472e+02 5.362638954454723716e-02 4.803626389544547237e+00 5.536263895445472372e-01 3.495536263895445472e+02
3.486228371211325907e+02 3.531228371211325907e+02 3.556228371211325907e+02 1.228371211325907097e-01 9.122837121132590710e+00 3.787283712113259071e+01 3.541228371211325907e+02
3.599541123545527626e+02 3.704112354552762554e+00 7.454112354552762554e+00 4.704112354552762554e+00 3.592041123545527626e+02 3.537041123545527626e+02 3.204112354552762554e+00
3.425084150473051068e+02 3.425084150473051068e+02 3.475084150473051068e+02 3.545084150473051068e+02 1.575841504730510678e+01 5.475841504730510678e+01 3.422584150473051068e+02
1.529385106164119179e+01 2.529385106164119179e+01 3.104385106164119179e+01 2.043851061641191791e+00 1.629385106164119179e+01 3.854385106164119179e+01 3.454385106164119179e+01
0.000000000000000000e+00 0.000000000000000000e+00 0.000000000000000000e+00 0.000000000000000000e+00 0.000000000000000000e+00 0.000000000000000000e+00 0.000000000000000000e+00
6.914733247833567020e+00 6.664733247833567020e+00 1.466473324783356702e+01 2.791473324783356702e+01 2.241473324783356702e+01 2.466473324783356702e+01 1.441473324783356702e+01
2.251594607407770354e+01 1.851594607407770354e+01 1.276594607407770354e+01 1.176594607407770354e+01 3.701594607407770354e+01 7.026594607407770354e+01 6.426594607407770354e+01
1.609773951263389336e+01 1.559773951263389336e+01 3.563477395126338934e+02 3.393477395126338934e+02 4.347739512633893355e+00 4.084773951263389336e+01 3.409773951263389336e+01
4.333903956203005237e+01 3.933903956203005237e+01 2.058903956203005237e+01 8.839039562030052366e+00 1.708903956203005237e+01 5.890395620300523660e-01 3.483390395620300524e+02
0.000000000000000000e+00 0.000000000000000000e+00 0.000000000000000000e+00 0.000000000000000000e+00 0.000000000000000000e+00 0.000000000000000000e+00 0.000000000000000000e+00
4.847123617637265625e+00 5.971236176372656246e-01 3.573471236176372940e+02 3.528471236176372940e+02 3.495971236176372940e+02 3.508471236176372940e+02 3.525971236176372940e+02
0.000000000000000000e+00 0.000000000000000000e+00 0.000000000000000000e+00 0.000000000000000000e+00 0.000000000000000000e+00 0.000000000000000000e+00 0.000000000000000000e+00
0.000000000000000000e+00 0.000000000000000000e+00 0.000000000000000000e+00 0.000000000000000000e+00 0.000000000000000000e+00 0.000000000000000000e+00 0.000000000000000000e+00
0.000000000000000000e+00 0.000000000000000000e+00 0.000000000000000000e+00 0.000000000000000000e+00 0.000000000000000000e+00 0.000000000000000000e+00 0.000000000000000000e+00
0.000000000000000000e+00 0.000000000000000000e+00 0.000000000000000000e+00 0.000000000000000000e+00 0.000000000000000000e+00 0.000000000000000000e+00 0.000000000000000000e+00
0.000000000000000000e+00 0.000000000000000000e+00 0.000000000000000000e+00 0.000000000000000000e+00 0.000000000000000000e+00 0.000000000000000000e+00 0.000000000000000000e+00
3.422626765787885006e+01 3.697626765787885006e+01 3.097626765787885006e+01 3.549762676578788501e+02 4.976267657878850059e+00 2.747626765787885006e+01 3.594762676578788501e+02
3.567572953443591928e+02 3.555072953443591928e+02 3.572572953443591928e+02 8.007295344359192768e+00 1.750729534435919277e+01 3.507572953443591928e+02 3.547572953443591928e+02
1.119431246168707617e+01 1.394431246168707617e+01 1.719431246168707617e+01 1.794431246168707617e+01 9.444312461687076166e+00 6.694312461687076166e+00 6.944312461687076166e+00
1.377902157910858705e+01 3.585290215791085870e+02 3.540290215791085870e+02 3.490290215791085870e+02 3.505290215791085870e+02 1.279021579108587048e+00 1.527902157910858705e+01
8.401016459083962218e+00 9.151016459083962218e+00 7.901016459083962218e+00 3.394010164590839622e+02 3.106510164590839622e+02 3.566510164590839622e+02 8.151016459083962218e+00
1.780409384908682568e+01 1.130409384908682568e+01 5.304093849086825685e+00 3.495540938490868257e+02 3.408040938490868257e+02 3.470540938490868257e+02 1.080409384908682568e+01
3.349489293103937939e+02 3.366989293103937939e+02 3.344489293103937939e+02 3.314489293103937939e+02 3.429489293103937939e+02 3.499489293103937939e+02 3.444489293103937939e+02
0.000000000000000000e+00 0.000000000000000000e+00 0.000000000000000000e+00 0.000000000000000000e+00 0.000000000000000000e+00 0.000000000000000000e+00 0.000000000000000000e+00
3.559224308822112448e+02 3.566724308822112448e+02 3.561724308822112448e+02 3.564224308822112448e+02 1.422430882211244807e+00 3.564224308822112448e+02 2.922430882211244807e+00
6.358615420485065783e+00 3.358615420485065783e+00 4.985861542048507999e+01 7.110861542048507999e+01 7.160861542048507999e+01 6.035861542048507999e+01 3.488586154204850800e+02
3.048419704967386679e+00 3.587984197049673867e+02 3.575484197049673867e+02 1.798419704967386679e+00 3.500484197049673867e+02 3.460484197049673867e+02 3.442984197049673867e+02
1.576110184566641692e+01 1.301110184566641692e+01 3.595111018456664169e+02 3.587611018456664169e+02 2.011101845666416921e+00 7.761101845666416921e+00 3.555111018456664169e+02
0.000000000000000000e+00 0.000000000000000000e+00 0.000000000000000000e+00 0.000000000000000000e+00 0.000000000000000000e+00 0.000000000000000000e+00 0.000000000000000000e+00
1.400866710474372212e+01 7.258667104743722120e+00 3.310086671047437221e+02 3.332586671047437221e+02 3.575086671047437221e+02 3.550086671047437221e+02 3.592586671047437221e+02
1.175079712454777336e+01 8.250797124547773365e+00 4.750797124547773365e+00 2.500797124547773365e+00 3.582507971245477734e+02 3.157507971245477734e+02 4.500797124547773365e+00
6.652111624641952403e+01 5.302111624641952403e+01 4.252111624641952403e+01 2.677111624641952403e+01 3.545211162464195240e+02 3.435211162464195240e+02 1.127111624641949916e+01
3.529727728857791362e+02 3.594727728857791362e+02 3.567227728857791362e+02 3.427227728857791362e+02 3.314727728857791362e+02 3.489727728857791362e+02 3.572227728857791362e+02
1.518937734595039046e+01 3.576893773459503905e+02 3.593937734595039046e+01 3.501893773459503905e+02 3.264393773459503905e+02 4.939377345950390463e+00 6.668937734595039046e+01
1.702870218787006706e+01 2.452870218787006706e+01 5.452870218787006706e+01 7.252870218787006706e+01 7.702870218787006706e+01 6.227870218787006706e+01 5.577870218787006706e+01
