7.159475453557915259e-01 8.200084668974669810e-01 6.878271849142484351e-01 3.624655945397302070e-01 1.824683144969415083e-01 2.191671414372460269e-01 2.742848041573970885e-01
7.922083131151458346e-01 9.021822830536035953e-01 9.643286627964445801e-01 9.365567146027163892e-01 8.368636108672409257e-01 6.086276754233344022e-01 5.568103714681125194e-01
6.816729775769937438e-01 7.664382946357365389e-01 7.739460821707297988e-01 8.480466853003821859e-01 9.416393299219562030e-01 9.611762148071469891e-01 9.778527790823225985e-01
8.044424537102340400e-01 9.069430516194199043e-01 8.656093626700465116e-01 7.408259720782092161e-01 7.691981942361684199e-01 6.226425647775837291e-01 5.606155961365678619e-01
8.527412746241673780e-01 9.173352430617587316e-01 7.931395800088282266e-01 7.073933725401588823e-01 8.597633252039058593e-01 6.004286706383537009e-01 5.828273177467633293e-01
9.388734200021847665e-01 8.778902447874505910e-01 7.453738653615733512e-01 7.749899892428833148e-01 5.879424218178533890e-01 4.212852786215839362e-01 3.100501739275789981e-01
7.054913105030173881e-01 8.861288775528844974e-01 9.016826666520311173e-01 8.936490969055588263e-01 9.170415647458025621e-01 9.123554252481094196e-01 8.964833435147303575e-01
8.305900541058246489e-01 8.821397757889937186e-01 8.418676527733208736e-01 8.327379770012975913e-01 6.932832201472247657e-01 6.162884747389101303e-01 8.873421751449057648e-01
0.000000000000000000e+00 0.000000000000000000e+00 0.000000000000000000e+00 0.000000000000000000e+00 0.000000000000000000e+00 0.000000000000000000e+00 0.000000000000000000e+00
6.804674066918688924e-01 8.294829127803710067e-01 8.208795967816304717e-01 8.767747792697070386e-01 9.688298372726852348e-01 9.762064837396793315e-01 9.844251978299430883e-01
4.844731995507862710e-01 6.685092597461155250e-01 5.317128690497099353e-01 3.584850047205436208e-01 1.924596986630370266e-01 4.482942243738285287e-02 2.858365982693835683e-01
4.331158665533679092e-02 1.973950627642440947e-01 1.836201052789928900e-01 1.764547589849705389e-01 1.127242822777927977e-01 3.347495243266701559e-01 4.542792116132707281e-01
7.746877927248080331e-01 8.212518382937791239e-01 9.167807321223986339e-01 9.576059027368519772e-01 9.324580575507006586e-01 8.774880027640460378e-01 9.651602913196286604e-01
0.000000000000000000e+00 0.000000000000000000e+00 0.000000000000000000e+00 0.000000000000000000e+00 0.000000000000000000e+00 0.000000000000000000e+00 0.000000000000000000e+00
9.003446070705555249e-01 8.849670552756081499e-01 9.163367059309605045e-01 9.225335724729700759e-01 8.980331007453272729e-01 9.099925711386891436e-01 7.430061225106461276e-01
0.000000000000000000e+00 0.000000000000000000e+00 0.000000000000000000e+00 0.000000000000000000e+00 0.000000000000000000e+00 0.000000000000000000e+00 0.000000000000000000e+00
0.000000000000000000e+00 0.000000000000000000e+00 0.000000000000000000e+00 0.000000000000000000e+00 0.000000000000000000e+00 0.000000000000000000e+00 0.000000000000000000e+00
0.000000000000000000e+00 0.000000000000000000e+00 0.000000000000000000e+00 0.000000000000000000e+00 0.000000000000000000e+00 0.000000000000000000e+00 0.000000000000000000e+00
0.000000000000000000e+00 0.000000000000000000e+00 0.000000000000000000e+00 0.000000000000000000e+00 0.000000000000000000e+00 0.000000000000000000e+00 0.000000000000000000e+00
0.000000000000000000e+00 0.000000000000000000e+00 0.000000000000000000e+00 0.000000000000000000e+00 0.000000000000000000e+00 0.000000000000000000e+00 0.000000000000000000e+00
8.226731811827040497e-01 8.038690266055233957e-01 5.997127442743716008e-01 5.514752481426311581e-01 5.630142165008558131e-01 4.886136089378414482e-01 6.887736055489078468e-02
9.110573396675069047e-01 9.463407408458642811e-01 9.438880500550268504e-01 9.365504062711317301e-01 9.513853333324767680e-01 9.462826238870349904e-01 7.538184085282220170e-01
8.046967186237298231e-01 8.081346803272942969e-01 7.949754523526275651e-01 8.501589413145103080e-01 9.095421322006954634e-01 7.906039731574296958e-01 8.393522829897912541e-01
9.223594332109756877e-01 9.449181664779299217e-01 9.329136798356389981e-01 9.431892899449701995e-01 9.611840507679627610e-01 8.751418904790198017e-01 8.156523758779005151e-01
4.604512672859525924e-01 7.331324686523991163e-01 8.023332274532116726e-01 8.002963271394830658e-01 8.875289058588242685e-01 9.178160912547291828e-01 8.752150895536218167e-01
9.036570717380696394e-01 9.242037323089437040e-01 8.954118441453500221e-01 8.957838052151969599e-01 8.608386166580765941e-01 8.582007364648339687e-01 7.573653511936442317e-01
7.610666884786529973e-01 7.976054109345213083e-01 8.790960801558007631e-01 9.253617633080866156e-01 9.488021349119010184e-01 9.557050187399347418e-01 9.465655672189506875e-01
0.000000000000000000e+00 0.000000000000000000e+00 0.000000000000000000e+00 0.000000000000000000e+00 0.000000000000000000e+00 0.000000000000000000e+00 0.000000000000000000e+00
9.345694514898182925e-01 9.003336215676506216e-01 9.138472157833739118e-01 9.244332412841568258e-01 7.611722239853645489e-01 1.675148174062349449e-01 3.054827275472861148e-01
2.580298361775975047e-01 1.847795913596980699e-01 2.848000902783699440e-01 1.407403637441318744e-01 6.366336423968574909e-01 3.001453977491181369e-01 3.237618295482767583e-01
9.131581182814116904e-01 9.470975088751555360e-01 9.289618279666390643e-01 7.844981408864318828e-01 8.095174077480923325e-01 6.816277577006484290e-01 6.178900255161722255e-01
8.032763959995623537e-01 8.554799417941096884e-01 8.773161523934006611e-01 8.987091089886086737e-01 8.589567779626696709e-01 4.902329929176903467e-01 3.902888744533413168e-01
0.000000000000000000e+00 0.000000000000000000e+00 0.000000000000000000e+00 0.000000000000000000e+00 0.000000000000000000e+00 0.000000000000000000e+00 0.000000000000000000e+00
7.944975933371566379e-01 8.778762977092351427e-01 9.173282303324987730e-01 9.283262327555497073e-01 9.726331914536041623e-01 9.858521455881196216e-01 9.856535487684108254e-01
8.240340701311504867e-01 9.261319668571149633e-01 8.741422841932725563e-01 7.831866127876401240e-01 7.684374572385763713e-01 8.849282562698239651e-01 8.641129446890946086e-01
9.102966513326938847e-01 9.045190401022801252e-01 7.293917119441825081e-01 6.495480858898607934e-01 7.295209965980857802e-01 7.915012394175402477e-01 6.428797766385724310e-01
6.697272040430636286e-01 7.425029518667355388e-01 6.631932049860717049e-01 6.558620381264514965e-01 7.683577181901847242e-01 7.959480823009548178e-01 8.536526078820445562e-01
7.319578718001806816e-01 8.360015161588888466e-01 8.320319230170122315e-01 5.352042405516224122e-01 3.338914348101476026e-01 3.402849783300566089e-01 3.676359344899738923e-01
5.334251933322742278e-01 5.718521566771619380e-01 5.123512508196288451e-01 5.831685409186894153e-01 7.843310190257373193e-01 8.440519521429838967e-01 9.568808854816657217e-01
