3.537507418049785883e+02 3.595007418049785883e+02 6.000741804978588334e+00 2.950074180497858833e+01 8.975074180497858833e+01 6.250741804978588334e+00 3.165007418049785883e+02
2.580896337041713196e+01 3.560589633704171320e+02 3.598089633704171320e+02 1.055896337041713196e+01 2.105896337041713196e+01 2.005896337041713196e+01 1.055896337041713196e+01
3.257731874932612754e+02 3.392731874932612754e+02 3.273187493261275449e+00 2.023187493261275449e+00 4.023187493261275449e+00 3.590231874932612754e+02 3.502731874932612754e+02
2.130362638954454724e+01 2.630362638954454724e+01 2.780362638954454724e+01 3.550536263895445472e+02 3.590536263895445472e+02 6.053626389544547237e+00 3.578036263895445472e+02
1.137283712113259071e+01 2.287283712113259071e+01 2.737283712113259071e+01 3.501228371211325907e+02 3.498728371211325907e+02 1.687283712113259071e+01 1.137283712113259071e+01
1.420411235455276255e+01 3.522041123545527626e+02 3.512041123545527626e+02 4.541123545527625538e-01 2.970411235455276255e+01 1.745411235455276255e+01 8.454112354552762554e+00
2.650841504730510678e+01 1.825841504730510678e+01 1.225841504730510678e+01 1.100841504730510678e+01 5.508415047305106782e+00 1.625841504730510678e+01 3.508415047305106782e+00
2.079385106164119179e+01 1.454385106164119179e+01 6.543851061641191791e+00 3.505438510616411918e+02 3.592938510616411918e+02 3.527938510616411918e+02 5.043851061641191791e+00
0.000000000000000000e+00 0.000000000000000000e+00 0.000000000000000000e+00 0.000000000000000000e+00 0.000000000000000000e+00 0.000000000000000000e+00 0.000000000000000000e+00
9.914733247833567020e+00 8.914733247833567020e+00 1.316473324783356702e+01 3.476647332478335670e+02 3.479147332478335670e+02 3.531647332478335670e+02 3.499147332478335670e+02
3.826594607407770354e+01 3.476594607407770354e+01 2.901594607407770354e+01 5.426594607407770354e+01 5.451594607407770354e+01 1.387659460740777035e+02 3.207659460740777035e+02
2.293477395126338934e+02 1.260977395126338934e+02 2.308477395126338934e+02 2.638477395126338934e+02 1.845977395126338934e+02 1.659773951263389336e+01 1.915977395126338934e+02
1.508903956203005237e+01 1.233903956203005237e+01 1.483903956203005237e+01 1.508903956203005237e+01 1.333903956203005237e+01 1.533903956203005237e+01 9.339039562030052366e+00
0.000000000000000000e+00 0.000000000000000000e+00 0.000000000000000000e+00 0.000000000000000000e+00 0.000000000000000000e+00 0.000000000000000000e+00 0.000000000000000000e+00
3.328471236176372940e+02 3.385971236176372940e+02 3.443471236176372940e+02 3.543471236176372940e+02 2.097123617637294046e+00 2.097123617637294046e+00 8.597123617637294046e+00
0.000000000000000000e+00 0.000000000000000000e+00 0.000000000000000000e+00 0.000000000000000000e+00 0.000000000000000000e+00 0.000000000000000000e+00 0.000000000000000000e+00
0.000000000000000000e+00 0.000000000000000000e+00 0.000000000000000000e+00 0.000000000000000000e+00 0.000000000000000000e+00 0.000000000000000000e+00 0.000000000000000000e+00
0.000000000000000000e+00 0.000000000000000000e+00 0.000000000000000000e+00 0.000000000000000000e+00 0.000000000000000000e+00 0.000000000000000000e+00 0.000000000000000000e+00
0.000000000000000000e+00 0.000000000000000000e+00 0.000000000000000000e+00 0.000000000000000000e+00 0.000000000000000000e+00 0.000000000000000000e+00 0.000000000000000000e+00
0.000000000000000000e+00 0.000000000000000000e+00 0.000000000000000000e+00 0.000000000000000000e+00 0.000000000000000000e+00 0.000000000000000000e+00 0.000000000000000000e+00
1.597626765787885006e+01 2.297626765787885006e+01 3.447626765787885006e+01 3.226267657878850059e+00 3.097262676578788501e+02 3.157262676578788501e+02 1.409762676578788501e+02
1.150729534435919277e+01 3.547572953443591928e+02 3.512572953443591928e+02 3.467572953443591928e+02 3.550072953443591928e+02 8.007295344359192768e+00 1.225729534435919277e+01
3.319443124616871046e+02 3.454443124616871046e+02 3.321943124616871046e+02 3.294443124616871046e+02 3.316943124616871046e+02 3.574443124616871046e+02 1.594431246168710459e+01
2.029021579108587048e+00 5.290215791085870478e-01 3.529021579108587048e+00 6.029021579108587048e+00 7.790215791085870478e-01 3.550290215791085870e+02 1.152902157910858705e+01
3.065101645908396222e+01 3.431510164590839622e+02 3.179010164590839622e+02 3.254010164590839622e+02 3.451510164590839622e+02 3.411510164590839622e+02 3.444010164590839622e+02
3.555540938490868257e+02 3.468040938490868257e+02 3.393040938490868257e+02 3.485540938490868257e+02 1.255409384908682568e+01 6.554093849086825685e+00 1.580409384908682568e+01
2.794892931039379391e+01 2.669892931039379391e+01 1.894892931039379391e+01 4.198929310393793912e+00 3.559489293103937939e+02 3.556989293103937939e+02 3.586989293103937939e+02
0.000000000000000000e+00 0.000000000000000000e+00 0.000000000000000000e+00 0.000000000000000000e+00 0.000000000000000000e+00 0.000000000000000000e+00 0.000000000000000000e+00
3.561724308822112448e+02 3.546724308822112448e+02 1.922430882211244807e+00 3.569224308822112448e+02 1.092243088221124481e+01 3.534224308822112448e+02 2.039224308822112448e+02
1.310861542048507999e+01 3.160861542048507999e+01 1.628586154204850800e+02 3.063586154204850800e+02 3.213586154204850800e+02 2.946086154204850800e+02 1.286086154204850800e+02
3.490484197049673867e+02 3.495484197049673867e+02 3.550484197049673867e+02 3.530484197049673867e+02 3.572984197049673867e+02 1.179841970496738668e+01 7.548419704967386679e+00
3.545111018456664169e+02 3.587611018456664169e+02 3.587611018456664169e+02 3.580111018456664169e+02 3.542611018456664169e+02 8.261101845666416921e+00 3.901110184566641692e+01
0.000000000000000000e+00 0.000000000000000000e+00 0.000000000000000000e+00 0.000000000000000000e+00 0.000000000000000000e+00 0.000000000000000000e+00 0.000000000000000000e+00
1.325866710474372212e+01 6.758667104743722120e+00 3.520086671047437221e+02 3.537586671047437221e+02 1.525866710474372212e+01 1.375866710474372212e+01 8.758667104743722120e+00
3.482507971245477734e+02 3.445007971245477734e+02 3.480007971245477734e+02 3.520007971245477734e+02 3.515007971245477734e+02 1.075079712454777336e+01 5.000797124547773365e+00
2.521116246419495610e+00 9.021116246419495610e+00 2.271116246419495610e+00 3.272711162464195240e+02 3.420211162464195240e+02 3.505211162464195240e+02 3.477711162464195240e+02
3.519727728857791362e+02 3.464727728857791362e+02 3.392227728857791362e+02 2.722772885779136232e+00 7.472772885779136232e+00 3.492227728857791362e+02 1.222772885779136232e+00
3.793937734595039046e+01 2.643937734595039046e+01 7.439377345950390463e+00 3.494393773459503905e+02 6.143937734595039046e+01 1.081893773459503905e+02 3.618937734595039046e+01
4.952870218787006706e+01 3.327870218787006706e+01 5.552870218787006706e+01 4.627870218787006706e+01 1.152870218787006706e+01 3.470287021878700671e+02 3.590287021878700671e+02
