3.543146010664239043e+01 8.181460106642390429e+00 6.181460106642390429e+00 3.181460106642390429e+00 3.036814601066423620e+02 5.668146010664239043e+01 4.443146010664239043e+01
3.511961123400404290e+02 3.551961123400404290e+02 3.511961123400404290e+02 3.549461123400404290e+02 4.461123400404289896e-01 1.946112340040428990e+00 2.446112340040428990e+00
3.550028647417455545e+02 3.590028647417455545e+02 6.002864741745554511e+00 7.002864741745554511e+00 6.502864741745554511e+00 2.075286474174555451e+01 1.100286474174555451e+01
8.858813580259379705e+00 9.608813580259379705e+00 1.135881358025937971e+01 1.235881358025937971e+01 5.608813580259379705e+00 3.546088135802593797e+02 3.591088135802593797e+02
9.930391059434384715e+00 1.093039105943438472e+01 1.293039105943438472e+01 1.143039105943438472e+01 1.430391059434384715e+00 3.494303910594343847e+02 3.414303910594343847e+02
3.203796105456660825e+00 3.953796105456660825e+00 4.953796105456660825e+00 4.203796105456660825e+00 3.453796105456660825e+00 2.703796105456660825e+00 9.703796105456660825e+00
1.735709540295357556e+01 1.910709540295357556e+01 2.185709540295357556e+01 2.560709540295357556e+01 3.010709540295357556e+01 3.135709540295357556e+01 3.293570954029535756e+02
2.504389276935341968e+01 2.279389276935341968e+01 1.979389276935341968e+01 1.079389276935341968e+01 3.543892769353419681e+00 3.304389276935341968e+01 3.429389276935341968e+01
0.000000000000000000e+00 0.000000000000000000e+00 0.000000000000000000e+00 0.000000000000000000e+00 0.000000000000000000e+00 0.000000000000000000e+00 0.000000000000000000e+00
3.568931907369440637e+02 6.431907369440637012e-01 9.143190736944063701e+00 7.643190736944063701e+00 3.546431907369440637e+02 3.591431907369440637e+02 7.393190736944063701e+00
2.071623878100677985e+01 1.871623878100677985e+01 1.846623878100677985e+01 1.221623878100677985e+01 3.464662387810067798e+02 2.746623878100677985e+01 5.021623878100677985e+01
3.858613827610355429e+01 3.258613827610355429e+01 3.733613827610355429e+01 5.883613827610355429e+01 6.758613827610355429e+01 1.733613827610355429e+01 3.336138276103554290e+00
2.558649318195159594e+01 2.633649318195159594e+01 1.933649318195159594e+01 3.395864931819515959e+02 3.263364931819515959e+02 3.343364931819515959e+02 3.468364931819515959e+02
0.000000000000000000e+00 0.000000000000000000e+00 0.000000000000000000e+00 0.000000000000000000e+00 0.000000000000000000e+00 0.000000000000000000e+00 0.000000000000000000e+00
3.590275451929578026e+02 3.575275451929578026e+02 3.572775451929578026e+02 3.595275451929578026e+02 2.775451929578025556e-01 3.595275451929578026e+02 3.592775451929578026e+02
0.000000000000000000e+00 0.000000000000000000e+00 0.000000000000000000e+00 0.000000000000000000e+00 0.000000000000000000e+00 0.000000000000000000e+00 0.000000000000000000e+00
0.000000000000000000e+00 0.000000000000000000e+00 0.000000000000000000e+00 0.000000000000000000e+00 0.000000000000000000e+00 0.000000000000000000e+00 0.000000000000000000e+00
0.000000000000000000e+00 0.000000000000000000e+00 0.000000000000000000e+00 0.000000000000000000e+00 0.000000000000000000e+00 0.000000000000000000e+00 0.000000000000000000e+00
0.000000000000000000e+00 0.000000000000000000e+00 0.000000000000000000e+00 0.000000000000000000e+00 0.000000000000000000e+00 0.000000000000000000e+00 0.000000000000000000e+00
0.000000000000000000e+00 0.000000000000000000e+00 0.000000000000000000e+00 0.000000000000000000e+00 0.000000000000000000e+00 0.000000000000000000e+00 0.000000000000000000e+00
2.301599491847781565e+01 1.926599491847781565e+01 1.551599491847781565e+01 4.265994918477815645e+00 4.765994918477815645e+00 1.301599491847781565e+01 3.472659949184778156e+02
7.825402328988730005e+00 6.825402328988730005e+00 4.825402328988730005e+00 3.578254023289887300e+02 3.488254023289887300e+02 3.118254023289887300e+02 3.158254023289887300e+02
0.000000000000000000e+00 0.000000000000000000e+00 0.000000000000000000e+00 0.000000000000000000e+00 0.000000000000000000e+00 0.000000000000000000e+00 0.000000000000000000e+00
6.293651227234249745e+00 6.543651227234249745e+00 5.543651227234249745e+00 3.293651227234249745e+00 5.436512272342497454e-01 2.793651227234249745e+00 8.793651227234249745e+00
7.808265265274201283e+00 1.555826526527420128e+01 1.305826526527420128e+01 1.705826526527420128e+01 3.330826526527420128e+01 3.588082652652742013e+02 3.082652652742012833e-01
1.146816636302037296e+01 4.468166363020372955e+00 4.468166363020372955e+00 2.181663630203729554e-01 1.718166363020372955e+00 3.468166363020372955e+00 3.544681663630203730e+02
1.194346750909289767e+00 3.571943467509092898e+02 3.491943467509092898e+02 3.389443467509092898e+02 3.429443467509092898e+02 3.586943467509092898e+02 2.194346750909289767e+00
0.000000000000000000e+00 0.000000000000000000e+00 0.000000000000000000e+00 0.000000000000000000e+00 0.000000000000000000e+00 0.000000000000000000e+00 0.000000000000000000e+00
2.072630512010448456e+00 2.072630512010448456e+00 3.226305120104484558e-01 8.226305120104484558e-01 7.263051201044845584e-02 3.523226305120104485e+02 5.726305120104484558e-01
1.385807934904858740e+01 1.810807934904858740e+01 2.985807934904858740e+01 5.435807934904858030e+01 7.410807934904858030e+01 7.360807934904858030e+01 3.860807934904858740e+01
4.894808908143318149e+00 5.894808908143318149e+00 5.144808908143318149e+00 8.394808908143318149e+00 1.414480890814331815e+01 3.531448089081433181e+02 3.511448089081433181e+02
4.752999553641103603e+00 3.567529995536410752e+02 3.440029995536410752e+02 3.502999553641103603e+00 6.752999553641103603e+00 1.275299955364110360e+01 7.252999553641103603e+00
0.000000000000000000e+00 0.000000000000000000e+00 0.000000000000000000e+00 0.000000000000000000e+00 0.000000000000000000e+00 0.000000000000000000e+00 0.000000000000000000e+00
3.468195166772391076e+02 3.195166772391075938e-01 1.569516677239107594e+00 3.518195166772391076e+02 3.568195166772391076e+02 6.951667723910759378e-02 1.569516677239107594e+00
1.695897723490048747e+00 3.445897723490048747e+00 1.695897723490048747e+00 3.584458977234900203e+02 3.544458977234900203e+02 3.426958977234900203e+02 3.596958977234900203e+02
2.718068769256956330e+01 2.768068769256956330e+01 3.393068769256956330e+01 1.743068769256954909e+01 5.680687692569549085e+00 3.504306876925695633e+02 1.318068769256954909e+01
3.247227400883570567e+02 3.389727400883570567e+02 3.577227400883570567e+02 2.472740088357042509e+00 3.569727400883570567e+02 4.972740088357042509e+00 7.472740088357042509e+00
2.186444850846777399e+01 1.886444850846777399e+01 2.911444850846777399e+01 4.161444850846777399e+01 1.361444850846777399e+01 3.591144485084677740e+02 2.611444850846777399e+01
2.349019828067406479e+01 2.049019828067406479e+01 2.999019828067406479e+01 1.924019828067406479e+01 5.649019828067406479e+01 7.174019828067406479e+01 6.724019828067406479e+01
