5.883116696795985812e-01 6.230250620221491342e-01 5.850082817327449947e-01 3.458800625607248991e-01 1.460171186335170179e-01 2.266988078801365769e-01 3.353781496700252163e-01
8.545225450298291614e-01 8.951978506798852209e-01 8.804091569331655709e-01 8.950399326609169703e-01 9.361071627215186153e-01 9.599074069349154970e-01 9.875437312164428993e-01
9.650691621691740441e-01 9.718684627309978064e-01 9.618464969336397719e-01 9.482200368144496627e-01 8.819322396201247916e-01 8.593442431397037007e-01 9.626091148358132399e-01
9.782754618854939688e-01 9.852559128319251514e-01 9.905265646232209731e-01 9.864778562556351105e-01 9.782956908633476667e-01 9.300228617329027170e-01 9.549525321108103260e-01
9.727676886229847941e-01 9.835805872165002128e-01 9.840011755608490951e-01 9.608113107840644540e-01 9.469642551323186330e-01 6.123235008325143003e-01 7.494293694702893749e-01
9.226566377419020970e-01 9.757887486345703243e-01 9.863325877134814235e-01 9.897676812487300468e-01 9.818335208375317258e-01 9.579356201322409836e-01 9.112733945836063443e-01
9.443909354076140961e-01 9.434690069542683855e-01 9.275407780124128587e-01 8.720720696378986281e-01 8.141124335084916064e-01 6.273613164451723456e-01 6.120139679394862586e-01
9.154600116378821539e-01 9.327874633879752464e-01 9.412333313791368949e-01 9.016411689522868533e-01 8.885258388691179565e-01 6.902547812375964265e-01 6.855784705882649321e-01
0.000000000000000000e+00 0.000000000000000000e+00 0.000000000000000000e+00 0.000000000000000000e+00 0.000000000000000000e+00 0.000000000000000000e+00 0.000000000000000000e+00
9.694756688064823935e-01 9.705068317168246139e-01 9.568758793012513975e-01 9.415593775941010213e-01 8.381671605556344495e-01 7.529778302849545746e-01 9.236747074132760638e-01
9.304392578766698119e-01 9.374663606428210727e-01 9.504353192884102963e-01 9.444419808009929529e-01 6.589196207589704812e-01 5.981425386536020072e-01 5.002087080862330781e-01
7.082313481459541205e-01 5.360820304245560441e-01 5.861190617746416809e-01 7.111314318780238564e-01 7.614835125095504864e-01 8.087086965703205177e-01 7.806052582743169266e-01
9.207949812237772313e-01 9.270930324442108184e-01 9.239077505803060530e-01 8.456019171273982948e-01 6.993684630780103717e-01 6.743357507777499871e-01 7.442054811156392224e-01
0.000000000000000000e+00 0.000000000000000000e+00 0.000000000000000000e+00 0.000000000000000000e+00 0.000000000000000000e+00 0.000000000000000000e+00 0.000000000000000000e+00
9.645665725654070100e-01 9.793199378866529470e-01 9.913373377643733830e-01 9.949444671078261360e-01 9.949722437625374560e-01 9.897391805251795072e-01 9.708387918328783561e-01
0.000000000000000000e+00 0.000000000000000000e+00 0.000000000000000000e+00 0.000000000000000000e+00 0.000000000000000000e+00 0.000000000000000000e+00 0.000000000000000000e+00
0.000000000000000000e+00 0.000000000000000000e+00 0.000000000000000000e+00 0.000000000000000000e+00 0.000000000000000000e+00 0.000000000000000000e+00 0.000000000000000000e+00
0.000000000000000000e+00 0.000000000000000000e+00 0.000000000000000000e+00 0.000000000000000000e+00 0.000000000000000000e+00 0.000000000000000000e+00 0.000000000000000000e+00
0.000000000000000000e+00 0.000000000000000000e+00 0.000000000000000000e+00 0.000000000000000000e+00 0.000000000000000000e+00 0.000000000000000000e+00 0.000000000000000000e+00
0.000000000000000000e+00 0.000000000000000000e+00 0.000000000000000000e+00 0.000000000000000000e+00 0.000000000000000000e+00 0.000000000000000000e+00 0.000000000000000000e+00
8.635756374474058417e-01 9.291853141819725881e-01 9.495792381063160592e-01 9.584040055604713393e-01 9.755314105926888857e-01 9.714656094953896259e-01 9.147032453053929313e-01
9.561731049414705641e-01 9.806472803534103111e-01 9.865481643191319483e-01 9.599894101897087362e-01 9.280939879760522482e-01 5.960957167575787752e-01 8.876850242653471224e-01
9.456354375191223793e-01 9.631962457939935440e-01 9.474673910890196726e-01 9.512473641511551836e-01 9.635403990712347877e-01 9.603004602218672137e-01 8.916514731845744945e-01
9.542385523360182864e-01 9.674238506649350811e-01 9.764541801220555373e-01 9.813168183959696256e-01 9.858574349329131126e-01 9.779079243651679354e-01 9.603967286936544445e-01
8.201591941277962539e-01 7.270210307098864400e-01 6.332939632247814865e-01 3.691125726746711799e-01 4.897989263575899810e-01 8.336365934467485639e-01 9.216952247402160348e-01
9.164866670850794206e-01 9.578406150955697251e-01 9.314563805737974267e-01 9.625054551847568307e-01 9.653009953038778068e-01 8.075141628033810637e-01 8.356155463779996184e-01
9.774472494012201862e-01 9.814775464964821117e-01 9.565393560467005951e-01 9.454888871071673861e-01 8.934196291689158187e-01 4.949362761121159915e-01 4.700073765231801426e-01
0.000000000000000000e+00 0.000000000000000000e+00 0.000000000000000000e+00 0.000000000000000000e+00 0.000000000000000000e+00 0.000000000000000000e+00 0.000000000000000000e+00
9.360712961622131845e-01 9.665773400321151509e-01 9.840410493125365532e-01 9.865335890608519787e-01 9.854993927200008663e-01 9.701613837006420882e-01 8.607322529713518078e-01
9.000356585076760840e-01 9.065027024302522163e-01 7.947031972357192497e-01 6.187386201936024843e-01 5.946746651730544508e-01 5.285834800521279631e-01 4.123416512951312840e-01
9.700038236917466472e-01 9.728010372084716639e-01 9.736047908246030502e-01 9.694365788668968253e-01 8.840315667013556311e-01 8.444757129280042740e-01 9.124597178625022398e-01
9.098681087410996904e-01 9.020774561743473141e-01 8.722297088966025624e-01 8.889500862888897181e-01 9.287727583812759313e-01 8.882031333671041029e-01 7.919478383590721204e-01
0.000000000000000000e+00 0.000000000000000000e+00 0.000000000000000000e+00 0.000000000000000000e+00 0.000000000000000000e+00 0.000000000000000000e+00 0.000000000000000000e+00
7.600507916902373706e-01 7.408746083024936313e-01 8.454424391094944591e-01 8.894416377367214688e-01 9.279833666935940473e-01 9.632657308642970095e-01 9.565236321723185053e-01
9.766313774431751860e-01 9.844714765468769446e-01 9.873775569412821529e-01 9.854932718866666885e-01 9.799822632310390969e-01 8.244910367924423999e-01 8.613898849667704916e-01
2.491866570962240346e-01 4.119823448966542512e-01 6.285301072781925846e-01 7.987744812627679547e-01 5.550038072975954639e-01 4.898376462731645065e-01 5.285969198902135124e-01
7.185540008940410894e-01 8.240563714132391748e-01 9.246026109420576455e-01 9.646457210921758341e-01 9.885760478746585811e-01 9.704043048989905440e-01 9.668036549063845353e-01
8.561503001786050504e-01 8.515283562406137374e-01 8.437712717768878212e-01 5.929438277031312543e-01 8.751563328082657689e-01 9.352748604097872454e-01 4.642432004725398631e-01
9.066175699055244452e-01 9.428562199050659620e-01 8.170973129387613110e-01 8.386058845498443048e-01 5.886712973796702775e-01 5.526070460199086209e-01 5.423075358298826698e-01
