2.671486233447349434e+01 3.419648623344734801e+02 3.334648623344734801e+02 3.234648623344734801e+02 3.212148623344734801e+02 6.921486233447349434e+01 5.671486233447349434e+01
3.444418030981009906e+02 3.481918030981009906e+02 3.489418030981009906e+02 3.566918030981009906e+02 2.691803098100990610e+00 3.584418030981009906e+02 3.561918030981009906e+02
3.488790822659398145e+02 3.548790822659398145e+02 1.129082265939814533e+00 1.290822659398145333e-01 8.129082265939814533e+00 2.737908226593981453e+01 9.879082265939814533e+00
3.581251459725913833e+02 3.593751459725913833e+02 3.125145972591383270e+00 7.125145972591383270e+00 1.125145972591383270e+00 3.481251459725913833e+02 3.526251459725913833e+02
3.596966126826570189e+02 3.196612682657018922e+00 8.696612682657018922e+00 9.946612682657018922e+00 3.554466126826570189e+02 3.399466126826570189e+02 3.344466126826570189e+02
2.440423774948953906e+00 1.690423774948953906e+00 4.190423774948953906e+00 3.940423774948953906e+00 1.904237749489539056e-01 3.579404237749489539e+02 1.319042377494895391e+01
1.287530862250110886e+01 1.312530862250110886e+01 1.562530862250110886e+01 2.162530862250110886e+01 2.487530862250110886e+01 2.687530862250110886e+01 3.231253086225011089e+02
7.590453937063955436e+00 6.590453937063955436e+00 4.840453937063955436e+00 3.585904539370639554e+02 3.563404539370639554e+02 2.834045393706395544e+01 3.234045393706395544e+01
0.000000000000000000e+00 0.000000000000000000e+00 0.000000000000000000e+00 0.000000000000000000e+00 0.000000000000000000e+00 0.000000000000000000e+00 0.000000000000000000e+00
3.497691069594933424e+02 3.547691069594933424e+02 3.769106959493313980e+00 3.019106959493313980e+00 4.269106959493313980e+00 1.551910695949331398e+01 6.019106959493313980e+00
5.783965036464735476e+00 4.533965036464735476e+00 5.283965036464735476e+00 3.592839650364647355e+02 3.395339650364647355e+02 2.003396503646473548e+01 4.453396503646473548e+01
2.614019473201943811e+01 3.089019473201943811e+01 5.114019473201943811e+01 4.664019473201943811e+01 3.264019473201943811e+01 1.140194732019438106e+00 3.553901947320194381e+02
7.637596419473368314e+00 7.887596419473368314e+00 3.588875964194733683e+02 3.286375964194733683e+02 3.226375964194733683e+02 3.313875964194733683e+02 3.433875964194733683e+02
0.000000000000000000e+00 0.000000000000000000e+00 0.000000000000000000e+00 0.000000000000000000e+00 0.000000000000000000e+00 0.000000000000000000e+00 0.000000000000000000e+00
3.546583732004205558e+02 3.549083732004205558e+02 3.564083732004205558e+02 3.566583732004205558e+02 3.551583732004205558e+02 3.541583732004205558e+02 3.544083732004205558e+02
0.000000000000000000e+00 0.000000000000000000e+00 0.000000000000000000e+00 0.000000000000000000e+00 0.000000000000000000e+00 0.000000000000000000e+00 0.000000000000000000e+00
0.000000000000000000e+00 0.000000000000000000e+00 0.000000000000000000e+00 0.000000000000000000e+00 0.000000000000000000e+00 0.000000000000000000e+00 0.000000000000000000e+00
0.000000000000000000e+00 0.000000000000000000e+00 0.000000000000000000e+00 0.000000000000000000e+00 0.000000000000000000e+00 0.000000000000000000e+00 0.000000000000000000e+00
0.000000000000000000e+00 0.000000000000000000e+00 0.000000000000000000e+00 0.000000000000000000e+00 0.000000000000000000e+00 0.000000000000000000e+00 0.000000000000000000e+00
0.000000000000000000e+00 0.000000000000000000e+00 0.000000000000000000e+00 0.000000000000000000e+00 0.000000000000000000e+00 0.000000000000000000e+00 0.000000000000000000e+00
6.068560033748497062e+00 5.068560033748497062e+00 5.818560033748497062e+00 3.545685600337484971e+02 3.543185600337484971e+02 6.818560033748497062e+00 3.450685600337484971e+02
3.570872080619137705e+02 3.568372080619137705e+02 3.575872080619137705e+02 3.548372080619137705e+02 3.518372080619137705e+02 3.293372080619137705e+02 3.473372080619137705e+02
3.552830462506500453e+02 5.033046250650073716e+00 4.033046250650073716e+00 3.430330462506500453e+02 3.335330462506500453e+02 3.367830462506500453e+02 3.395330462506500453e+02
3.575316399590058154e+02 3.582816399590058154e+02 3.585316399590058154e+02 3.570316399590058154e+02 3.547816399590058154e+02 3.557816399590058154e+02 1.531639959005815399e+00
3.572113503783190254e+02 3.462113503783190254e+02 3.457113503783190254e+02 3.321135037831899695e+01 5.396135037831899695e+01 1.171135037831899695e+01 2.961350378318996945e+00
3.860631472318829083e+00 6.106314723188290827e-01 2.610631472318829083e+00 3.558606314723188007e+02 3.568606314723188007e+02 3.571106314723188007e+02 3.431106314723188007e+02
2.266409721621585049e+00 3.565164097216215850e+02 3.482664097216215850e+02 3.377664097216215850e+02 3.360164097216215850e+02 3.367664097216215850e+02 3.465164097216215850e+02
0.000000000000000000e+00 0.000000000000000000e+00 0.000000000000000000e+00 0.000000000000000000e+00 0.000000000000000000e+00 0.000000000000000000e+00 0.000000000000000000e+00
3.558059276490934622e+02 3.560559276490934622e+02 3.545559276490934622e+02 3.563059276490934622e+02 3.540559276490934622e+02 3.468059276490934622e+02 3.545559276490934622e+02
8.247705454461900842e+00 1.599770545446190084e+01 2.799770545446190084e+01 4.799770545446187953e+01 6.799770545446187953e+01 6.849770545446187953e+01 2.724770545446190084e+01
3.591624959523411462e+02 1.624959523411177997e-01 4.124959523411177997e-01 5.162495952341117800e+00 5.662495952341117800e+00 3.461624959523411462e+02 3.419124959523411462e+02
3.472344671766899751e+02 3.402344671766899751e+02 3.387344671766899751e+02 3.597344671766899751e+02 3.589844671766899751e+02 4.984467176689975076e+00 2.984467176689975076e+00
0.000000000000000000e+00 0.000000000000000000e+00 0.000000000000000000e+00 0.000000000000000000e+00 0.000000000000000000e+00 0.000000000000000000e+00 0.000000000000000000e+00
3.331522121808324073e+02 3.369022121808324073e+02 3.474022121808324073e+02 3.409022121808324073e+02 3.469022121808324073e+02 3.514022121808324073e+02 3.564022121808324073e+02
3.556275994509051657e+02 3.566275994509051657e+02 3.558775994509051657e+02 3.568775994509051657e+02 3.533775994509051657e+02 3.388775994509051657e+02 3.553775994509051657e+02
3.127722089710732121e+02 3.207722089710732121e+02 3.572722089710732121e+02 3.127220897107321207e+01 2.077220897107321207e+01 3.520222089710732121e+02 3.557722089710732121e+02
3.253957231387557272e+02 3.291457231387557272e+02 3.401457231387557272e+02 3.516457231387557272e+02 3.493957231387557272e+02 3.573957231387557272e+02 3.957231387557271773e-01
1.081668019032508710e+01 1.881668019032508710e+01 3.831668019032508710e+01 5.606668019032508710e+01 2.106668019032508710e+01 7.066680190325087096e+00 3.781668019032508710e+01
2.181646428357151990e+01 1.731646428357151990e+01 2.031646428357151990e+01 1.606646428357151990e+01 5.281646428357151990e+01 6.406646428357151990e+01 5.981646428357151990e+01
