3.552147892558566582e+02 3.197147892558566582e+02 3.504647892558566582e+02 3.517147892558566582e+02 1.996478925585665820e+01 3.582147892558566582e+02 3.599647892558566582e+02
3.548166501096958996e+02 8.316650109695899573e+00 8.566650109695899573e+00 7.066650109695899573e+00 5.066650109695899573e+00 3.558166501096958996e+02 3.590666501096958996e+02
1.572369623658579485e+01 3.973696236585794850e+00 3.549736962365857948e+02 3.519736962365857948e+02 9.736962365857948498e-01 3.589736962365857948e+02 3.519736962365857948e+02
1.071264695952584134e+01 2.246264695952584134e+01 1.821264695952584134e+01 1.821264695952584134e+01 1.471264695952584134e+01 1.021264695952584134e+01 2.946264695952584134e+01
1.053444691251200993e+01 2.128444691251200993e+01 1.753444691251200993e+01 2.028444691251200993e+01 1.853444691251200993e+01 1.803444691251200993e+01 1.553444691251200993e+01
1.183725075221036604e+01 3.455872507522103660e+02 1.837250752210366045e+00 3.580872507522103660e+02 3.580872507522103660e+02 5.087250752210366045e+00 8.372507522103660449e-01
1.546297145642068926e+01 6.462971456420689265e+00 1.071297145642068926e+01 5.712971456420689265e+00 1.696297145642068926e+01 3.287129714564206893e+02 3.534629714564206893e+02
2.035784821818043611e+01 4.607848218180436106e+00 6.078482181804361062e-01 1.535784821818043611e+01 3.610784821818043611e+01 3.558578482181804361e+02 1.078482181804361062e-01
0.000000000000000000e+00 0.000000000000000000e+00 0.000000000000000000e+00 0.000000000000000000e+00 0.000000000000000000e+00 0.000000000000000000e+00 0.000000000000000000e+00
2.761408659521794107e+01 2.361408659521794107e+01 2.114086595217941067e+00 3.373640865952179411e+02 3.546140865952179411e+02 3.614086595217941067e+00 3.541140865952179411e+02
2.992664556440241199e+02 3.240164556440241199e+02 3.355164556440241199e+02 2.900164556440241199e+02 4.976645564402411992e+01 3.177664556440241199e+02 9.901645564402411992e+01
3.128956537464594021e+02 3.023956537464594021e+02 2.288956537464594021e+02 9.114565374645940210e+01 3.356456537464594021e+02 1.289565374645940210e+01 2.133956537464594021e+02
1.039807510130395940e+01 2.114807510130395940e+01 1.764807510130395940e+01 3.114807510130395940e+01 2.489807510130395940e+01 3.598980751013039594e+02 6.898075101303959400e+00
0.000000000000000000e+00 0.000000000000000000e+00 0.000000000000000000e+00 0.000000000000000000e+00 0.000000000000000000e+00 0.000000000000000000e+00 0.000000000000000000e+00
3.569240063253777180e+02 3.534240063253777180e+02 3.479240063253777180e+02 3.174006325377717985e+00 2.467400632537771799e+01 3.556740063253777180e+02 3.571740063253777180e+02
0.000000000000000000e+00 0.000000000000000000e+00 0.000000000000000000e+00 0.000000000000000000e+00 0.000000000000000000e+00 0.000000000000000000e+00 0.000000000000000000e+00
0.000000000000000000e+00 0.000000000000000000e+00 0.000000000000000000e+00 0.000000000000000000e+00 0.000000000000000000e+00 0.000000000000000000e+00 0.000000000000000000e+00
0.000000000000000000e+00 0.000000000000000000e+00 0.000000000000000000e+00 0.000000000000000000e+00 0.000000000000000000e+00 0.000000000000000000e+00 0.000000000000000000e+00
0.000000000000000000e+00 0.000000000000000000e+00 0.000000000000000000e+00 0.000000000000000000e+00 0.000000000000000000e+00 0.000000000000000000e+00 0.000000000000000000e+00
0.000000000000000000e+00 0.000000000000000000e+00 0.000000000000000000e+00 0.000000000000000000e+00 0.000000000000000000e+00 0.000000000000000000e+00 0.000000000000000000e+00
3.778669604239661339e+01 7.866960423966133931e-01 2.286696042396613393e+00 3.290366960423966134e+02 3.277866960423966134e+02 3.070366960423966134e+02 6.228669604239661339e+01
3.559150035679919029e+02 5.915003567991902855e+00 1.966500356799190286e+01 7.415003567991902855e+00 4.415003567991902855e+00 2.041500356799190286e+01 3.366650035679919029e+02
3.442287847077971037e+02 1.228784707797103692e+00 6.228784707797103692e+00 3.597287847077971037e+02 3.364787847077971037e+02 3.132287847077971037e+02 1.902287847077971037e+02
5.427349354843045148e+00 3.524273493548430451e+02 3.516773493548430451e+02 7.177349354843045148e+00 1.017734935484304515e+01 3.466773493548430451e+02 3.449273493548430451e+02
2.726078408568105260e+01 3.465107840856810526e+02 3.387607840856810526e+02 3.567607840856810526e+02 3.562607840856810526e+02 3.377607840856810526e+02 3.402607840856810526e+02
1.107714402993906333e+00 1.310771440299390633e+01 4.607714402993906333e+00 2.607714402993906333e+00 3.533577144029939063e+02 1.385771440299390633e+01 1.901077144029939063e+02
3.170023914621106087e+01 2.570023914621106087e+01 2.245023914621106087e+01 2.220023914621106087e+01 1.720023914621106087e+01 3.700239146211060870e+00 1.950239146211060870e+00
0.000000000000000000e+00 0.000000000000000000e+00 0.000000000000000000e+00 0.000000000000000000e+00 0.000000000000000000e+00 0.000000000000000000e+00 0.000000000000000000e+00
8.218631601494166716e+00 3.582186316014941667e+02 4.686316014941667163e-01 6.968631601494166716e+00 7.468631601494166716e+00 1.221863160149416672e+01 8.968631601494166716e+00
1.407374416175094041e+02 1.477374416175094041e+02 1.732374416175094041e+02 1.837374416175094041e+02 2.629874416175093756e+02 3.548744161750940407e+01 3.773744161750940407e+01
5.306916744055058643e+00 1.055691674405505864e+01 3.056916744055058643e+00 7.306916744055058643e+00 3.585569167440550586e+02 1.030691674405505864e+01 1.806916744055058643e+00
3.156315330802499375e+00 1.406315330802499375e+00 2.906315330802499375e+00 4.656315330802499375e+00 3.594063153308024994e+02 8.406315330802499375e+00 1.215631533080249937e+01
0.000000000000000000e+00 0.000000000000000000e+00 0.000000000000000000e+00 0.000000000000000000e+00 0.000000000000000000e+00 0.000000000000000000e+00 0.000000000000000000e+00
3.558903994637421988e+02 3.496403994637421988e+02 3.498903994637421988e+02 3.546403994637421988e+02 2.390399463742198805e+00 1.390399463742198805e+00 8.140399463742198805e+00
5.335877907050928570e+00 1.433587790705092857e+01 1.733587790705092857e+01 6.085877907050928570e+00 3.543358779070509286e+02 3.575858779070509286e+02 2.808587790705092857e+01
3.431124301261685332e+02 3.473624301261685332e+02 3.561124301261685332e+02 1.112430126168533207e+00 3.553624301261685332e+02 1.786243012616853321e+01 3.561243012616853321e+01
1.136785810640969885e+01 2.061785810640969885e+01 1.361785810640969885e+01 3.246178581064096988e+02 3.301178581064096988e+02 3.516178581064096988e+02 3.316178581064096988e+02
2.479396786187862745e+01 1.229396786187862745e+01 3.079396786187862745e+01 3.492939678618786274e+02 1.404396786187862745e+01 3.454396786187862745e+01 2.729396786187862745e+01
3.428253559589986708e+02 3.348253559589986708e+02 1.075355958998670758e+00 2.857535595899867076e+01 1.257535595899867076e+01 3.555753559589986708e+02 8.325355958998670758e+00
