1.636449309319448275e+01 1.236449309319448275e+01 1.161449309319448275e+01 3.364493093194482753e+00 5.614493093194482753e+00 9.986449309319448275e+01 1.368644930931944828e+02
3.401289402494656429e+02 3.378789402494656429e+02 3.548789402494656429e+02 1.128940249465642864e+00 3.789402494656428644e-01 4.628940249465642864e+00 3.588789402494656429e+02
3.515714666540156941e+02 3.510714666540156941e+02 3.473214666540156941e+02 3.505714666540156941e+02 3.460714666540156941e+02 3.508214666540156941e+02 3.568214666540156941e+02
3.507813861670568940e+02 2.531386167056894010e+00 1.628138616705689401e+01 1.003138616705689401e+01 7.813861670568940099e-01 5.031386167056894010e+00 2.003138616705689401e+01
3.523547366055840939e+02 5.854736605584093923e+00 8.354736605584093923e+00 3.104736605584093923e+00 3.573547366055840939e+02 5.104736605584093923e+00 1.960473660558409392e+01
3.514591395676530965e+02 3.549591395676530965e+02 4.591395676530964920e-01 3.497091395676530965e+02 3.424591395676530965e+02 3.527091395676530965e+02 3.342091395676530965e+02
2.825693221931317112e+00 1.325693221931317112e+00 3.157569322193131711e+01 1.232569322193131711e+01 5.075693221931317112e+00 1.357569322193131711e+01 3.588256932219313171e+02
3.554858977544074037e+02 3.559858977544074037e+02 5.485897754407403681e+00 1.373589775440740368e+01 1.223589775440740368e+01 1.573589775440740368e+01 1.373589775440740368e+01
0.000000000000000000e+00 0.000000000000000000e+00 0.000000000000000000e+00 0.000000000000000000e+00 0.000000000000000000e+00 0.000000000000000000e+00 0.000000000000000000e+00
3.537098203353209556e+02 3.574598203353209556e+02 3.452098203353209556e+02 3.419598203353209556e+02 3.554598203353209556e+02 3.539598203353209556e+02 3.507098203353209556e+02
5.343914190584791868e+01 1.543914190584791868e+01 3.236891419058479187e+02 3.279391419058479187e+02 3.191891419058479187e+02 2.871891419058479187e+02 2.974391419058479187e+02
5.179414593931022637e+01 2.520441459393102264e+02 1.495441459393102264e+02 8.754414593931022637e+01 5.979414593931022637e+01 7.004414593931022637e+01 1.922941459393102264e+02
2.104196073988066473e+01 1.754196073988066473e+01 6.541960739880664732e+00 1.541960739880664732e+00 8.291960739880664732e+00 6.541960739880664732e+00 3.592919607398806647e+02
0.000000000000000000e+00 0.000000000000000000e+00 0.000000000000000000e+00 0.000000000000000000e+00 0.000000000000000000e+00 0.000000000000000000e+00 0.000000000000000000e+00
2.021624422603480298e+01 1.096624422603480298e+01 7.966244226034802978e+00 3.597162442260348030e+02 3.532162442260348030e+02 3.454662442260348030e+02 3.279662442260348030e+02
0.000000000000000000e+00 0.000000000000000000e+00 0.000000000000000000e+00 0.000000000000000000e+00 0.000000000000000000e+00 0.000000000000000000e+00 0.000000000000000000e+00
0.000000000000000000e+00 0.000000000000000000e+00 0.000000000000000000e+00 0.000000000000000000e+00 0.000000000000000000e+00 0.000000000000000000e+00 0.000000000000000000e+00
0.000000000000000000e+00 0.000000000000000000e+00 0.000000000000000000e+00 0.000000000000000000e+00 0.000000000000000000e+00 0.000000000000000000e+00 0.000000000000000000e+00
0.000000000000000000e+00 0.000000000000000000e+00 0.000000000000000000e+00 0.000000000000000000e+00 0.000000000000000000e+00 0.000000000000000000e+00 0.000000000000000000e+00
0.000000000000000000e+00 0.000000000000000000e+00 0.000000000000000000e+00 0.000000000000000000e+00 0.000000000000000000e+00 0.000000000000000000e+00 0.000000000000000000e+00
4.791290380900829859e+01 2.291290380900829859e+01 9.662903809008298595e+00 1.766290380900829859e+01 1.591290380900829859e+01 2.809129038090082986e+02 2.881629038090082986e+02
4.520863735791181170e+00 4.520863735791181170e+00 6.770863735791181170e+00 1.577086373579118117e+01 1.002086373579118117e+01 3.587708637357911812e+02 3.412708637357911812e+02
3.423353129973955902e+02 3.470853129973955902e+02 1.758531299739559017e+01 1.583531299739559017e+01 9.335312997395590173e+00 3.550853129973955902e+02 3.535853129973955902e+02
3.569537010573753832e+00 3.460695370105737538e+02 3.553195370105737538e+02 9.569537010573753832e+00 2.556953701057375383e+01 8.819537010573753832e+00 2.345695370105737538e+02
1.156415376545282925e+00 1.156415376545282925e+00 3.364064153765452829e+02 3.424064153765452829e+02 3.316564153765452829e+02 3.241564153765452829e+02 3.394064153765452829e+02
3.574284682765713796e+02 3.521784682765713796e+02 4.428468276571379647e+00 1.967846827657137965e+01 4.292846827657137965e+01 9.542846827657137965e+01 8.792846827657137965e+01
1.875132457825020538e+01 3.075132457825020538e+01 4.375132457825020538e+01 1.875132457825020538e+01 2.350132457825020538e+01 3.452513245782502054e+02 3.340013245782502054e+02
0.000000000000000000e+00 0.000000000000000000e+00 0.000000000000000000e+00 0.000000000000000000e+00 0.000000000000000000e+00 0.000000000000000000e+00 0.000000000000000000e+00
3.597108298350897257e+02 1.960829835089725748e+00 9.210829835089725748e+00 1.821082983508972575e+01 3.567108298350897257e+02 4.210829835089725748e+00 9.710829835089725748e+00
1.774092637081289752e+02 1.751592637081289752e+02 1.196592637081289752e+02 3.740926370812897517e+01 3.569092637081289467e+02 2.291592637081289752e+02 2.679092637081289467e+02
4.594857920680794905e+00 2.844857920680794905e+00 1.094857920680794905e+00 1.409485792068079490e+01 2.334485792068079490e+01 2.913448579206807949e+02 2.975948579206807949e+02
3.964093329777483632e+00 1.396409332977748363e+01 1.721409332977748363e+01 4.071409332977748363e+01 7.221409332977748363e+01 1.022140933297774836e+02 9.321409332977748363e+01
0.000000000000000000e+00 0.000000000000000000e+00 0.000000000000000000e+00 0.000000000000000000e+00 0.000000000000000000e+00 0.000000000000000000e+00 0.000000000000000000e+00
2.574388436610786357e+01 2.249388436610786357e+01 1.199388436610786357e+01 1.493884366107863571e+00 8.743884366107863571e+00 9.493884366107863571e+00 1.074388436610786357e+01
1.537216473808939554e+00 2.428721647380893955e+01 2.528721647380893955e+01 1.803721647380893955e+01 3.097872164738089396e+02 2.710372164738089396e+02 1.753721647380893955e+01
3.574461993506982935e+02 3.564461993506982935e+02 3.591961993506982935e+02 1.196199350698293529e+00 3.919619935069829353e+01 2.719619935069829353e+01 3.309461993506982935e+02
3.347237482735897629e+01 1.797237482735897629e+01 2.272237482735897629e+01 1.872237482735897629e+01 1.697237482735897629e+01 3.564723748273589763e+02 3.442223748273589763e+02
1.687750105585939764e+01 3.571275010558593976e+02 6.275010558593976384e-01 9.627501055859397638e+00 4.037750105585939764e+01 1.912750105585939764e+01 3.333775010558593976e+02
8.379255382146379816e+01 7.204255382146379816e+01 8.792553821463798158e+00 3.567925538214637982e+02 8.042553821463798158e+00 2.029255382146379816e+01 3.354255382146379816e+01
