1.581718867455846578e+01 1.756718867455846578e+01 4.031718867455846578e+01 3.431718867455846578e+01 3.070671886745584516e+02 3.455671886745584516e+02 4.806718867455846578e+01
3.486344836179802087e+02 3.476344836179802087e+02 3.458844836179802087e+02 3.526344836179802087e+02 3.513844836179802087e+02 3.526344836179802087e+02 3.558844836179802087e+02
1.118231835378341543e+01 1.618231835378341543e+01 2.143231835378341543e+01 1.693231835378341543e+01 2.843231835378341543e+01 2.518231835378341543e+01 8.682318353783415432e+00
3.540542357648558323e+02 3.558042357648558323e+02 3.588042357648558323e+02 3.598042357648558323e+02 3.563042357648558323e+02 3.478042357648558323e+02 3.553042357648558323e+02
3.533765179134334744e+02 3.563765179134334744e+02 3.583765179134334744e+02 3.551265179134334744e+02 3.466265179134334744e+02 3.308765179134334744e+02 3.398765179134334744e+02
3.574203943665019096e+02 3.559203943665019096e+02 3.554203943665019096e+02 3.561703943665019096e+02 3.586703943665019096e+02 3.569203943665019096e+02 7.670394366501909644e+00
5.573280740812890599e+00 8.323280740812890599e+00 1.082328074081289060e+01 1.307328074081289060e+01 3.182328074081289060e+01 4.807328074081289060e+01 3.358232807408128906e+02
4.848174997988166979e+00 2.098174997988166979e+00 1.598174997988166979e+00 3.553481749979881670e+02 1.598174997988166979e+00 2.409817499798816698e+01 3.284817499798816698e+01
0.000000000000000000e+00 0.000000000000000000e+00 0.000000000000000000e+00 0.000000000000000000e+00 0.000000000000000000e+00 0.000000000000000000e+00 0.000000000000000000e+00
1.257160348750730350e+01 1.582160348750730350e+01 1.882160348750730350e+01 1.457160348750730350e+01 2.157160348750730350e+01 2.321603487507303498e+00 1.321603487507303498e+00
3.595452450249490539e+02 3.580452450249490539e+02 7.952450249490539136e-01 3.572952450249490539e+02 3.260452450249490539e+02 7.045245024949053914e+00 4.604524502494905391e+01
3.471514212355299378e+02 3.411514212355299378e+02 3.291514212355299378e+02 3.429014212355299378e+02 1.465142123552993780e+01 1.415142123552993780e+01 1.390142123552993780e+01
3.588991139996268771e+02 3.576491139996268771e+02 3.446491139996268771e+02 3.168991139996268771e+02 3.138991139996268771e+02 3.323991139996268771e+02 3.531491139996268771e+02
0.000000000000000000e+00 0.000000000000000000e+00 0.000000000000000000e+00 0.000000000000000000e+00 0.000000000000000000e+00 0.000000000000000000e+00 0.000000000000000000e+00
3.540732781001145781e+02 3.548232781001145781e+02 3.555732781001145781e+02 3.558232781001145781e+02 3.565732781001145781e+02 3.570732781001145781e+02 3.573232781001145781e+02
0.000000000000000000e+00 0.000000000000000000e+00 0.000000000000000000e+00 0.000000000000000000e+00 0.000000000000000000e+00 0.000000000000000000e+00 0.000000000000000000e+00
0.000000000000000000e+00 0.000000000000000000e+00 0.000000000000000000e+00 0.000000000000000000e+00 0.000000000000000000e+00 0.000000000000000000e+00 0.000000000000000000e+00
0.000000000000000000e+00 0.000000000000000000e+00 0.000000000000000000e+00 0.000000000000000000e+00 0.000000000000000000e+00 0.000000000000000000e+00 0.000000000000000000e+00
0.000000000000000000e+00 0.000000000000000000e+00 0.000000000000000000e+00 0.000000000000000000e+00 0.000000000000000000e+00 0.000000000000000000e+00 0.000000000000000000e+00
0.000000000000000000e+00 0.000000000000000000e+00 0.000000000000000000e+00 0.000000000000000000e+00 0.000000000000000000e+00 0.000000000000000000e+00 0.000000000000000000e+00
7.881360242757295964e-01 3.288136024275729596e+00 9.038136024275729596e+00 3.595381360242757296e+02 3.580381360242757296e+02 8.788136024275729596e+00 3.452881360242757296e+02
3.569200513941004829e+02 3.591700513941004829e+02 3.579200513941004829e+02 3.574200513941004829e+02 3.499200513941004829e+02 3.174200513941004829e+02 3.529200513941004829e+02
1.363720512898612469e+01 1.813720512898612469e+01 1.613720512898612469e+01 8.872051289861246914e-01 3.446372051289861247e+02 3.481372051289861247e+02 3.561372051289861247e+02
3.555178290974365041e+02 3.567678290974365041e+02 3.580178290974365041e+02 3.575178290974365041e+02 3.555178290974365041e+02 3.590178290974365041e+02 5.517829097436504071e+00
2.401482674039326071e+01 1.826482674039326071e+01 1.451482674039326071e+01 2.226482674039326071e+01 2.676482674039326071e+01 3.537648267403932323e+02 2.014826740393260707e+00
3.492801319446242587e+02 3.580301319446242587e+02 1.280131944624230300e+00 3.535301319446242587e+02 3.560301319446242587e+02 3.585301319446242587e+02 3.527801319446242587e+02
4.268062201987845583e-01 1.176806220198784558e+00 6.768062201987845583e-01 3.541768062201987846e+02 3.469268062201987846e+02 3.566768062201987846e+02 1.176806220198784558e+00
0.000000000000000000e+00 0.000000000000000000e+00 0.000000000000000000e+00 0.000000000000000000e+00 0.000000000000000000e+00 0.000000000000000000e+00 0.000000000000000000e+00
3.575924108785539488e+02 3.598424108785539488e+02 3.560924108785539488e+02 3.548424108785539488e+02 3.563424108785539488e+02 3.523424108785539488e+02 3.570924108785539488e+02
6.849796649447945640e+00 7.849796649447945640e+00 8.099796649447945640e+00 4.599796649447945640e+00 4.309979664944794564e+01 6.284979664944796696e+01 3.684979664944794564e+01
3.171985688301077744e+00 3.921985688301077744e+00 2.421985688301077744e+00 5.171985688301077744e+00 7.421985688301077744e+00 3.574219856883011062e+02 3.489219856883011062e+02
3.535537928136743631e+02 1.553792813674391482e+00 3.468037928136743631e+02 3.315537928136743631e+02 3.470537928136743631e+02 8.053792813674391482e+00 5.803792813674391482e+00
0.000000000000000000e+00 0.000000000000000000e+00 0.000000000000000000e+00 0.000000000000000000e+00 0.000000000000000000e+00 0.000000000000000000e+00 0.000000000000000000e+00
3.464063620340725720e+02 3.461563620340725720e+02 2.406362034072571987e+00 3.476563620340725720e+02 3.451563620340725720e+02 3.516563620340725720e+02 3.584063620340725720e+02
3.534452338366838831e+02 3.546952338366838831e+02 3.576952338366838831e+02 3.581952338366838831e+02 3.464452338366838831e+02 3.434452338366838831e+02 5.695233836683854634e+00
3.212371096220353479e+02 3.267371096220353479e+02 3.337371096220353479e+02 3.394871096220353479e+02 3.592371096220353479e+02 8.987109622035362122e+00 7.487109622035362122e+00
2.325437749828276424e+01 3.430043774982827927e+02 3.375043774982827927e+02 3.472543774982827927e+02 3.495043774982827927e+02 3.754377498282764236e+00 4.504377498282764236e+00
3.526723228064513478e+02 9.223228064513477875e-01 1.667232280645134779e+01 3.717232280645134779e+01 1.717232280645134779e+01 2.317232280645134779e+01 4.242232280645134779e+01
2.412723759576613247e+01 1.937723759576613247e+01 2.612723759576613247e+01 3.563772375957661325e+02 3.087723759576613247e+01 5.137723759576613247e+01 5.512723759576613247e+01
2.376155990134043350e+01 3.401155990134043350e+01 6.511559901340433498e+00 3.397615599013404335e+02 3.192615599013404335e+02 3.330115599013404335e+02 3.495115599013404335e+02
3.491548773610089711e+02 3.444048773610089711e+02 3.361548773610089711e+02 3.374048773610089711e+02 3.511548773610089711e+02 3.404877361008971093e+00 6.404877361008971093e+00
0.000000000000000000e+00 0.000000000000000000e+00 0.000000000000000000e+00 0.000000000000000000e+00 0.000000000000000000e+00 0.000000000000000000e+00 0.000000000000000000e+00
3.583241787089949639e+02 3.583241787089949639e+02 3.555741787089949639e+02 3.543241787089949639e+02 3.565741787089949639e+02 3.263241787089949639e+02 2.933241787089949639e+02
3.572840729819130274e+02 3.370340729819130274e+02 3.157840729819130274e+02 3.072840729819130274e+02 3.312840729819130274e+02 4.784072981912999012e+00 3.572840729819130274e+02
3.555405573938287489e+00 3.573054055739382875e+02 3.560554055739382875e+02 3.590554055739382875e+02 3.598054055739382875e+02 4.055405573938287489e+00 5.540557393828748900e-02
3.213945914211567469e+02 3.146445914211567469e+02 3.093945914211567469e+02 3.303945914211567469e+02 6.089459142115674695e+01 5.514459142115674695e+01 2.996445914211567469e+02
4.248200717922145486e+00 6.748200717922145486e+00 5.998200717922145486e+00 2.748200717922145486e+00 9.982007179221454862e-01 2.748200717922145486e+00 1.748200717922145486e+00
0.000000000000000000e+00 0.000000000000000000e+00 0.000000000000000000e+00 0.000000000000000000e+00 0.000000000000000000e+00 0.000000000000000000e+00 0.000000000000000000e+00
0.000000000000000000e+00 0.000000000000000000e+00 0.000000000000000000e+00 0.000000000000000000e+00 0.000000000000000000e+00 0.000000000000000000e+00 0.000000000000000000e+00
3.536060330561784895e+02 3.106033056178489460e+00 3.435603305617848946e+01 6.185603305617848946e+01 2.910603305617848946e+01 3.410603305617848946e+01 4.160603305617848946e+01
3.554222376592913406e+02 3.571722376592913406e+02 3.581722376592913406e+02 3.581722376592913406e+02 3.451722376592913406e+02 3.576722376592913406e+02 3.574222376592913406e+02
3.531222918879646500e+02 3.526222918879646500e+02 3.453722918879646500e+02 2.622291887964649959e+00 2.372291887964649959e+00 3.598722918879646500e+02 6.122291887964649959e+00
0.000000000000000000e+00 0.000000000000000000e+00 0.000000000000000000e+00 0.000000000000000000e+00 0.000000000000000000e+00 0.000000000000000000e+00 0.000000000000000000e+00
3.424112908094080581e+02 3.384112908094080581e+02 2.241129080940805807e+01 7.791129080940805807e+01 4.466129080940805807e+01 1.366129080940805807e+01 1.216129080940805807e+01
2.038073674982655348e+01 1.838073674982655348e+01 1.313073674982655348e+01 8.630736749826553478e+00 6.880736749826553478e+00 1.763073674982655348e+01 2.463073674982655348e+01
0.000000000000000000e+00 0.000000000000000000e+00 0.000000000000000000e+00 0.000000000000000000e+00 0.000000000000000000e+00 0.000000000000000000e+00 0.000000000000000000e+00
0.000000000000000000e+00 0.000000000000000000e+00 0.000000000000000000e+00 0.000000000000000000e+00 0.000000000000000000e+00 0.000000000000000000e+00 0.000000000000000000e+00
0.000000000000000000e+00 0.000000000000000000e+00 0.000000000000000000e+00 0.000000000000000000e+00 0.000000000000000000e+00 0.000000000000000000e+00 0.000000000000000000e+00
0.000000000000000000e+00 0.000000000000000000e+00 0.000000000000000000e+00 0.000000000000000000e+00 0.000000000000000000e+00 0.000000000000000000e+00 0.000000000000000000e+00
0.000000000000000000e+00 0.000000000000000000e+00 0.000000000000000000e+00 0.000000000000000000e+00 0.000000000000000000e+00 0.000000000000000000e+00 0.000000000000000000e+00
0.000000000000000000e+00 0.000000000000000000e+00 0.000000000000000000e+00 0.000000000000000000e+00 0.000000000000000000e+00 0.000000000000000000e+00 0.000000000000000000e+00
0.000000000000000000e+00 0.000000000000000000e+00 0.000000000000000000e+00 0.000000000000000000e+00 0.000000000000000000e+00 0.000000000000000000e+00 0.000000000000000000e+00
0.000000000000000000e+00 0.000000000000000000e+00 0.000000000000000000e+00 0.000000000000000000e+00 0.000000000000000000e+00 0.000000000000000000e+00 0.000000000000000000e+00
0.000000000000000000e+00 0.000000000000000000e+00 0.000000000000000000e+00 0.000000000000000000e+00 0.000000000000000000e+00 0.000000000000000000e+00 0.000000000000000000e+00
0.000000000000000000e+00 0.000000000000000000e+00 0.000000000000000000e+00 0.000000000000000000e+00 0.000000000000000000e+00 0.000000000000000000e+00 0.000000000000000000e+00
0.000000000000000000e+00 0.000000000000000000e+00 0.000000000000000000e+00 0.000000000000000000e+00 0.000000000000000000e+00 0.000000000000000000e+00 0.000000000000000000e+00
0.000000000000000000e+00 0.000000000000000000e+00 0.000000000000000000e+00 0.000000000000000000e+00 0.000000000000000000e+00 0.000000000000000000e+00 0.000000000000000000e+00
0.000000000000000000e+00 0.000000000000000000e+00 0.000000000000000000e+00 0.000000000000000000e+00 0.000000000000000000e+00 0.000000000000000000e+00 0.000000000000000000e+00
