8.432359177107286996e+00 8.932359177107286996e+00 2.243235917710728700e+01 2.343235917710728700e+01 2.864323591771072870e+02 3.121823591771072870e+02 3.593235917710728700e+01
6.144597844761108263e+00 2.394597844761108263e+00 3.473945978447611083e+02 3.246445978447611083e+02 3.316445978447611083e+02 3.503945978447611083e+02 3.581445978447611083e+02
4.088168922440644337e+00 8.588168922440644337e+00 1.358816892244064434e+01 1.083816892244064434e+01 2.583816892244064434e+01 4.458816892244064434e+01 2.458816892244064434e+01
2.113372909140957745e+01 1.663372909140957745e+01 1.313372909140957745e+01 1.138372909140957745e+01 8.383729091409577450e+00 3.521337290914095774e+02 3.593837290914095774e+02
1.870571358377486604e+01 1.445571358377486604e+01 1.270571358377486604e+01 1.220571358377486604e+01 1.520571358377486604e+01 3.204557135837748660e+02 3.372057135837748660e+02
8.650700917825076885e+00 5.650700917825076885e+00 5.150700917825076885e+00 4.150700917825076885e+00 3.596507009178250769e+02 3.541507009178250769e+02 1.290070091782507689e+01
2.316078184382735117e+01 2.541078184382735117e+01 2.766078184382735117e+01 2.741078184382735117e+01 4.641078184382735117e+01 5.466078184382735117e+01 2.391078184382735117e+01
2.501894660336961351e+01 2.251894660336961351e+01 1.926894660336961351e+01 1.551894660336961351e+01 1.376894660336961351e+01 1.176894660336961351e+01 2.526894660336961351e+01
0.000000000000000000e+00 0.000000000000000000e+00 0.000000000000000000e+00 0.000000000000000000e+00 0.000000000000000000e+00 0.000000000000000000e+00 0.000000000000000000e+00
2.976489991683337166e+00 6.226489991683337166e+00 1.347648999168333717e+01 1.772648999168333717e+01 2.872648999168333717e+01 1.272648999168333717e+01 2.172648999168333717e+01
2.027968580654197694e+01 2.327968580654197694e+01 2.727968580654197694e+01 2.502968580654197694e+01 3.590296858065419769e+02 1.077968580654197694e+01 4.552968580654197694e+01
1.784478594773099758e+01 1.684478594773099758e+01 1.959478594773099758e+01 1.934478594773099758e+01 4.759478594773099758e+01 2.709478594773099758e+01 3.433447859477309976e+02
2.533361678444850895e+01 2.083361678444850895e+01 3.833616784448508952e+00 3.268336167844485090e+02 3.250836167844485090e+02 3.378336167844485090e+02 3.518336167844485090e+02
0.000000000000000000e+00 0.000000000000000000e+00 0.000000000000000000e+00 0.000000000000000000e+00 0.000000000000000000e+00 0.000000000000000000e+00 0.000000000000000000e+00
3.519579399381142366e+02 3.522079399381142366e+02 3.524579399381142366e+02 3.539579399381142366e+02 3.562079399381142366e+02 3.589579399381142366e+02 3.554579399381142366e+02
0.000000000000000000e+00 0.000000000000000000e+00 0.000000000000000000e+00 0.000000000000000000e+00 0.000000000000000000e+00 0.000000000000000000e+00 0.000000000000000000e+00
0.000000000000000000e+00 0.000000000000000000e+00 0.000000000000000000e+00 0.000000000000000000e+00 0.000000000000000000e+00 0.000000000000000000e+00 0.000000000000000000e+00
0.000000000000000000e+00 0.000000000000000000e+00 0.000000000000000000e+00 0.000000000000000000e+00 0.000000000000000000e+00 0.000000000000000000e+00 0.000000000000000000e+00
0.000000000000000000e+00 0.000000000000000000e+00 0.000000000000000000e+00 0.000000000000000000e+00 0.000000000000000000e+00 0.000000000000000000e+00 0.000000000000000000e+00
0.000000000000000000e+00 0.000000000000000000e+00 0.000000000000000000e+00 0.000000000000000000e+00 0.000000000000000000e+00 0.000000000000000000e+00 0.000000000000000000e+00
2.074685539380215005e+01 2.199685539380215005e+01 2.649685539380215005e+01 1.449685539380215005e+01 7.746855393802150047e+00 2.599685539380215005e+01 2.496855393802150047e+00
0.000000000000000000e+00 0.000000000000000000e+00 0.000000000000000000e+00 0.000000000000000000e+00 0.000000000000000000e+00 0.000000000000000000e+00 0.000000000000000000e+00
0.000000000000000000e+00 0.000000000000000000e+00 0.000000000000000000e+00 0.000000000000000000e+00 0.000000000000000000e+00 0.000000000000000000e+00 0.000000000000000000e+00
1.425370723808941875e+01 1.225370723808941875e+01 6.753707238089418752e+00 3.587537072380894188e+02 3.562537072380894188e+02 3.572537072380894188e+02 3.565037072380894188e+02
3.527531837827784784e+02 3.445031837827784784e+02 1.200318378277845000e+01 4.250318378277845000e+01 5.400318378277845000e+01 3.300318378277845000e+01 1.025318378277845000e+01
3.502003856862468183e+02 3.492003856862468183e+02 3.512003856862468183e+02 3.504503856862468183e+02 3.572003856862468183e+02 7.003856862468467170e-01 3.497003856862468183e+02
2.046699390403375673e+00 2.796699390403375673e+00 4.669939040337567349e-02 3.485466993904033757e+02 3.350466993904033757e+02 3.445466993904033757e+02 3.485466993904033757e+02
0.000000000000000000e+00 0.000000000000000000e+00 0.000000000000000000e+00 0.000000000000000000e+00 0.000000000000000000e+00 0.000000000000000000e+00 0.000000000000000000e+00
1.156336554378981418e+01 7.813365543789814183e+00 2.563365543789814183e+00 1.813365543789814183e+00 3.133655437898141827e-01 3.550633655437898142e+02 3.578133655437898142e+02
3.530069710153820779e+02 3.442569710153820779e+02 3.260069710153820779e+02 3.147569710153820779e+02 3.800697101538208500e+01 6.275697101538207789e+01 3.150697101538208500e+01
4.751274230959495526e+00 4.751274230959495526e+00 4.751274230959495526e+00 5.251274230959495526e+00 3.597512742309594955e+02 1.325127423095949553e+01 5.012742309594955259e-01
3.405215037702911900e+02 3.277715037702911900e+02 3.110215037702911900e+02 3.217715037702911900e+02 3.400215037702911900e+02 7.271503770291204205e+00 6.521503770291204205e+00
0.000000000000000000e+00 0.000000000000000000e+00 0.000000000000000000e+00 0.000000000000000000e+00 0.000000000000000000e+00 0.000000000000000000e+00 0.000000000000000000e+00
3.254536291061986617e+02 3.409536291061986617e+02 3.572036291061986617e+02 2.895362910619866170e+01 3.320362910619866170e+01 1.645362910619866170e+01 6.953629106198661702e+00
1.337440686647619827e+02 3.134940686647619827e+02 3.129940686647619827e+02 1.329940686647619827e+02 1.304940686647619827e+02 1.337440686647619827e+02 3.104940686647619827e+02
2.900079541517239363e+02 2.900079541517239363e+02 2.900079541517239363e+02 2.900079541517239363e+02 2.900079541517239363e+02 1.102579541517239079e+02 1.090079541517239079e+02
2.005630094332677515e+02 2.005630094332677515e+02 2.056300943326775155e+01 2.056300943326775155e+01 2.005630094332677515e+02 2.005630094332677515e+02 2.056300943326775155e+01
3.581197239289105028e+01 3.581197239289105028e+01 3.606197239289105028e+01 2.158119723928910503e+02 2.160619723928910503e+02 2.160619723928910503e+02 2.148119723928910503e+02
6.465510500990507126e+01 6.465510500990507126e+01 6.465510500990507126e+01 6.465510500990507126e+01 6.465510500990507126e+01 2.446551050099050713e+02 2.429051050099050713e+02
