9.182623339260450601e-01 8.967760351752998016e-01 9.310191862042951350e-01 8.636773875084678975e-01 7.728760793741991098e-01 8.826600087138561923e-01 8.656652169201110025e-01
9.541230411501336883e-01 9.518695544429888189e-01 9.530351568564485731e-01 9.682094849342960385e-01 9.748174155155796550e-01 9.552005230449278628e-01 9.150482288165783240e-01
0.000000000000000000e+00 0.000000000000000000e+00 0.000000000000000000e+00 0.000000000000000000e+00 0.000000000000000000e+00 0.000000000000000000e+00 0.000000000000000000e+00
0.000000000000000000e+00 0.000000000000000000e+00 0.000000000000000000e+00 0.000000000000000000e+00 0.000000000000000000e+00 0.000000000000000000e+00 0.000000000000000000e+00
0.000000000000000000e+00 0.000000000000000000e+00 0.000000000000000000e+00 0.000000000000000000e+00 0.000000000000000000e+00 0.000000000000000000e+00 0.000000000000000000e+00
0.000000000000000000e+00 0.000000000000000000e+00 0.000000000000000000e+00 0.000000000000000000e+00 0.000000000000000000e+00 0.000000000000000000e+00 0.000000000000000000e+00
0.000000000000000000e+00 0.000000000000000000e+00 0.000000000000000000e+00 0.000000000000000000e+00 0.000000000000000000e+00 0.000000000000000000e+00 0.000000000000000000e+00
0.000000000000000000e+00 0.000000000000000000e+00 0.000000000000000000e+00 0.000000000000000000e+00 0.000000000000000000e+00 0.000000000000000000e+00 0.000000000000000000e+00
0.000000000000000000e+00 0.000000000000000000e+00 0.000000000000000000e+00 0.000000000000000000e+00 0.000000000000000000e+00 0.000000000000000000e+00 0.000000000000000000e+00
0.000000000000000000e+00 0.000000000000000000e+00 0.000000000000000000e+00 0.000000000000000000e+00 0.000000000000000000e+00 0.000000000000000000e+00 0.000000000000000000e+00
0.000000000000000000e+00 0.000000000000000000e+00 0.000000000000000000e+00 0.000000000000000000e+00 0.000000000000000000e+00 0.000000000000000000e+00 0.000000000000000000e+00
0.000000000000000000e+00 0.000000000000000000e+00 0.000000000000000000e+00 0.000000000000000000e+00 0.000000000000000000e+00 0.000000000000000000e+00 0.000000000000000000e+00
0.000000000000000000e+00 0.000000000000000000e+00 0.000000000000000000e+00 0.000000000000000000e+00 0.000000000000000000e+00 0.000000000000000000e+00 0.000000000000000000e+00
0.000000000000000000e+00 0.000000000000000000e+00 0.000000000000000000e+00 0.000000000000000000e+00 0.000000000000000000e+00 0.000000000000000000e+00 0.000000000000000000e+00
0.000000000000000000e+00 0.000000000000000000e+00 0.000000000000000000e+00 0.000000000000000000e+00 0.000000000000000000e+00 0.000000000000000000e+00 0.000000000000000000e+00
0.000000000000000000e+00 0.000000000000000000e+00 0.000000000000000000e+00 0.000000000000000000e+00 0.000000000000000000e+00 0.000000000000000000e+00 0.000000000000000000e+00
0.000000000000000000e+00 0.000000000000000000e+00 0.000000000000000000e+00 0.000000000000000000e+00 0.000000000000000000e+00 0.000000000000000000e+00 0.000000000000000000e+00
0.000000000000000000e+00 0.000000000000000000e+00 0.000000000000000000e+00 0.000000000000000000e+00 0.000000000000000000e+00 0.000000000000000000e+00 0.000000000000000000e+00
0.000000000000000000e+00 0.000000000000000000e+00 0.000000000000000000e+00 0.000000000000000000e+00 0.000000000000000000e+00 0.000000000000000000e+00 0.000000000000000000e+00
0.000000000000000000e+00 0.000000000000000000e+00 0.000000000000000000e+00 0.000000000000000000e+00 0.000000000000000000e+00 0.000000000000000000e+00 0.000000000000000000e+00
0.000000000000000000e+00 0.000000000000000000e+00 0.000000000000000000e+00 0.000000000000000000e+00 0.000000000000000000e+00 0.000000000000000000e+00 0.000000000000000000e+00
8.850452639871264626e-01 9.242461628225959736e-01 9.535340526214861612e-01 9.731808196292512925e-01 9.786477270533182615e-01 9.686994196154504744e-01 9.278378226555443753e-01
8.560052272788455374e-01 8.617873357275352975e-01 7.239659039963919351e-01 9.293114037721748044e-01 6.777035096342994835e-01 9.681969333455768822e-01 9.270330023252707496e-01
0.000000000000000000e+00 0.000000000000000000e+00 0.000000000000000000e+00 0.000000000000000000e+00 0.000000000000000000e+00 0.000000000000000000e+00 0.000000000000000000e+00
8.382091542085454705e-01 7.981115804419528503e-01 6.499978581740453176e-01 8.715421102167055789e-01 2.941620167683560161e-01 2.990459145490317883e-01 1.904426263209930970e-01
9.811473109288832983e-01 9.705456589913700194e-01 9.689700766780154906e-01 9.660950088805707603e-01 9.724708395752302836e-01 9.693443874021742124e-01 9.398265101422765833e-01
0.000000000000000000e+00 0.000000000000000000e+00 0.000000000000000000e+00 0.000000000000000000e+00 0.000000000000000000e+00 0.000000000000000000e+00 0.000000000000000000e+00
0.000000000000000000e+00 0.000000000000000000e+00 0.000000000000000000e+00 0.000000000000000000e+00 0.000000000000000000e+00 0.000000000000000000e+00 0.000000000000000000e+00
9.597445121728104267e-01 9.365795323771237690e-01 8.943524006484334654e-01 9.031102411812049757e-01 3.216959256329631756e-01 3.420982963719454428e-01 3.128276909722878529e-01
8.684170441340265389e-01 8.332110848882943177e-01 8.246966887924848111e-01 5.159859947038916150e-01 5.331889853224032194e-01 6.552034501883388096e-01 9.169067941894752938e-01
0.000000000000000000e+00 0.000000000000000000e+00 0.000000000000000000e+00 0.000000000000000000e+00 0.000000000000000000e+00 0.000000000000000000e+00 0.000000000000000000e+00
7.130791092397151809e-01 5.359823767199183298e-01 4.290290559644058255e-01 4.084713344266158175e-01 3.564969033910137530e-01 4.797703388852336825e-01 5.751568989151791822e-01
0.000000000000000000e+00 0.000000000000000000e+00 0.000000000000000000e+00 0.000000000000000000e+00 0.000000000000000000e+00 0.000000000000000000e+00 0.000000000000000000e+00
9.217023889055748764e-01 9.018574455579368987e-01 8.860754752836987880e-01 8.908421849658922920e-01 9.270508052461166049e-01 8.079138325863348680e-01 8.435279279451035617e-01
0.000000000000000000e+00 0.000000000000000000e+00 0.000000000000000000e+00 0.000000000000000000e+00 0.000000000000000000e+00 0.000000000000000000e+00 0.000000000000000000e+00
0.000000000000000000e+00 0.000000000000000000e+00 0.000000000000000000e+00 0.000000000000000000e+00 0.000000000000000000e+00 0.000000000000000000e+00 0.000000000000000000e+00
9.755706945373813221e-01 9.672711667934376090e-01 9.650567639259365338e-01 9.742829852109258226e-01 9.860164971000680012e-01 9.863118888662274486e-01 9.825412875768887444e-01
9.357922774626284967e-01 9.437958939153404669e-01 9.436515624455367179e-01 9.178728259562642933e-01 8.983406805907363513e-01 9.439909572393317960e-01 9.611848580343262949e-01
9.271599132386469932e-01 9.089406315667769576e-01 8.732540532572223846e-01 9.301862282629647094e-01 9.625504639147327568e-01 9.584758745874224495e-01 7.597234247951738517e-01
0.000000000000000000e+00 0.000000000000000000e+00 0.000000000000000000e+00 0.000000000000000000e+00 0.000000000000000000e+00 0.000000000000000000e+00 0.000000000000000000e+00
9.794405161551987815e-01 9.679212659940266139e-01 9.646619837752342663e-01 9.680114636813755835e-01 9.716362534518211413e-01 9.520119460501388353e-01 9.495352597481022672e-01
0.000000000000000000e+00 0.000000000000000000e+00 0.000000000000000000e+00 0.000000000000000000e+00 0.000000000000000000e+00 0.000000000000000000e+00 0.000000000000000000e+00
0.000000000000000000e+00 0.000000000000000000e+00 0.000000000000000000e+00 0.000000000000000000e+00 0.000000000000000000e+00 0.000000000000000000e+00 0.000000000000000000e+00
4.032140176607877935e-01 6.075997345110852876e-01 5.620052733867839656e-01 4.574120049055797610e-01 3.847366989361721834e-01 7.331856898026958280e-01 8.523304086231746624e-01
7.616939618669171796e-01 8.546528643021408245e-01 9.161952024751884860e-01 9.597404808368068529e-01 9.602824195872112778e-01 8.821460312287968675e-01 9.633807308410641257e-01
9.394705570517781767e-01 9.496245352492236336e-01 9.421831729022022150e-01 9.216466107216515491e-01 8.122299611360935812e-01 7.209020667328693843e-01 8.615454820705344963e-01
5.563342912254916062e-01 3.893032605828520287e-01 4.817760070905741654e-01 5.077816379848444361e-01 5.249877092505440546e-01 3.010507444851678316e-01 4.327685883669483702e-01
5.649185873583769668e-01 4.409151379604114296e-01 6.413663746258007059e-01 5.572320545580052853e-01 4.824555028572074522e-01 3.648903689084781465e-01 4.529310214256603850e-01
9.371252592603707132e-01 9.391528581176666890e-01 9.081839143987537888e-01 8.223295144360588393e-01 9.396747474863711425e-01 9.660495708147687210e-01 9.809080669168989131e-01
0.000000000000000000e+00 0.000000000000000000e+00 0.000000000000000000e+00 0.000000000000000000e+00 0.000000000000000000e+00 0.000000000000000000e+00 0.000000000000000000e+00
9.171473662246165670e-01 9.160598164294216916e-01 9.303561218538615174e-01 9.722394481021771062e-01 9.820225204836441346e-01 9.630868524571720712e-01 9.694106459565852152e-01
9.324501180868709493e-01 9.017887346277186911e-01 8.270717010801422742e-01 8.087141285333395713e-01 9.165161359157588672e-01 8.974379498610967065e-01 9.580529425378756514e-01
8.764657220862807074e-01 8.576301378327111369e-01 6.795184356519345936e-01 6.550119353779114695e-01 9.479311808787077576e-01 9.591749034533476603e-01 9.715076818369124956e-01
9.295676880312717660e-01 9.305334029451807210e-01 9.163650979273734176e-01 8.853679512409945440e-01 7.659079535897903579e-01 8.846160535602811681e-01 9.460641821872407542e-01
0.000000000000000000e+00 0.000000000000000000e+00 0.000000000000000000e+00 0.000000000000000000e+00 0.000000000000000000e+00 0.000000000000000000e+00 0.000000000000000000e+00
0.000000000000000000e+00 0.000000000000000000e+00 0.000000000000000000e+00 0.000000000000000000e+00 0.000000000000000000e+00 0.000000000000000000e+00 0.000000000000000000e+00
9.867349196333426997e-01 9.848170034648711102e-01 9.862116553537324526e-01 9.900976167998654098e-01 9.937700102189447326e-01 9.884408235006215682e-01 9.848038578241548047e-01
9.866820323997858022e-01 9.847666339170830785e-01 9.860739363048123263e-01 9.898314569417643316e-01 9.936821837174497629e-01 9.884170254892059582e-01 9.847783894444884778e-01
0.000000000000000000e+00 0.000000000000000000e+00 0.000000000000000000e+00 0.000000000000000000e+00 0.000000000000000000e+00 0.000000000000000000e+00 0.000000000000000000e+00
9.459521624090688752e-01 9.246737229019459381e-01 8.981789048961029698e-01 7.806189961934952848e-01 3.744993369911544523e-01 3.578653358798820627e-01 8.347761797066117762e-01
0.000000000000000000e+00 0.000000000000000000e+00 0.000000000000000000e+00 0.000000000000000000e+00 0.000000000000000000e+00 0.000000000000000000e+00 0.000000000000000000e+00
9.370521078220431788e-01 9.326748498181592906e-01 8.981381451812658900e-01 8.777226856021222989e-01 8.778027241736218178e-01 8.939809593967449342e-01 8.406905924441301359e-01
0.000000000000000000e+00 0.000000000000000000e+00 0.000000000000000000e+00 0.000000000000000000e+00 0.000000000000000000e+00 0.000000000000000000e+00 0.000000000000000000e+00
7.430279676879665285e-01 7.578255802596084445e-01 6.236793199695325196e-01 7.112726226680599062e-01 7.367153682911983248e-01 4.679413287196684812e-01 3.274539706875587153e-01
0.000000000000000000e+00 0.000000000000000000e+00 0.000000000000000000e+00 0.000000000000000000e+00 0.000000000000000000e+00 0.000000000000000000e+00 0.000000000000000000e+00
0.000000000000000000e+00 0.000000000000000000e+00 0.000000000000000000e+00 0.000000000000000000e+00 0.000000000000000000e+00 0.000000000000000000e+00 0.000000000000000000e+00
9.416550683011276623e-01 9.492786792854015498e-01 9.569041082672644638e-01 9.544337923930782397e-01 9.288009703484967350e-01 7.513503583000638031e-01 6.831935980003680520e-01
8.968574571603258327e-01 9.149691337852811079e-01 9.120227143298140771e-01 9.215864861221305659e-01 7.780652093911396561e-01 8.922409181101086384e-01 9.436569172362051505e-01
9.361127806301361431e-01 7.697290429394172406e-01 7.907711771560834713e-01 7.437045228391702123e-01 8.176724068787973865e-01 6.890969017881151126e-01 3.818653928205801296e-01
0.000000000000000000e+00 0.000000000000000000e+00 0.000000000000000000e+00 0.000000000000000000e+00 0.000000000000000000e+00 0.000000000000000000e+00 0.000000000000000000e+00
9.241500998909398801e-01 9.070153300159770060e-01 8.156810790034638714e-01 6.271520631092428744e-01 4.246145642859480152e-01 1.586337612727622970e-01 7.216145532621148773e-01
0.000000000000000000e+00 0.000000000000000000e+00 0.000000000000000000e+00 0.000000000000000000e+00 0.000000000000000000e+00 0.000000000000000000e+00 0.000000000000000000e+00
0.000000000000000000e+00 0.000000000000000000e+00 0.000000000000000000e+00 0.000000000000000000e+00 0.000000000000000000e+00 0.000000000000000000e+00 0.000000000000000000e+00
8.098163000384120958e-01 9.401132101376412642e-01 9.177776594572755187e-01 9.585347528442295095e-01 9.529466529697440125e-01 7.364101200812704917e-01 8.235755714538124383e-01
0.000000000000000000e+00 0.000000000000000000e+00 0.000000000000000000e+00 0.000000000000000000e+00 0.000000000000000000e+00 0.000000000000000000e+00 0.000000000000000000e+00
0.000000000000000000e+00 0.000000000000000000e+00 0.000000000000000000e+00 0.000000000000000000e+00 0.000000000000000000e+00 0.000000000000000000e+00 0.000000000000000000e+00
0.000000000000000000e+00 0.000000000000000000e+00 0.000000000000000000e+00 0.000000000000000000e+00 0.000000000000000000e+00 0.000000000000000000e+00 0.000000000000000000e+00
0.000000000000000000e+00 0.000000000000000000e+00 0.000000000000000000e+00 0.000000000000000000e+00 0.000000000000000000e+00 0.000000000000000000e+00 0.000000000000000000e+00
0.000000000000000000e+00 0.000000000000000000e+00 0.000000000000000000e+00 0.000000000000000000e+00 0.000000000000000000e+00 0.000000000000000000e+00 0.000000000000000000e+00
8.872888782328760549e-01 8.082554761591277392e-01 8.315569507977561559e-01 7.590861406469631145e-01 7.319717304678192704e-01 5.673012820633507314e-01 5.449391526113035455e-01
0.000000000000000000e+00 0.000000000000000000e+00 0.000000000000000000e+00 0.000000000000000000e+00 0.000000000000000000e+00 0.000000000000000000e+00 0.000000000000000000e+00
9.210475437914250607e-01 8.708719477483164439e-01 9.022296877393481962e-01 9.492099564650049448e-01 9.775715073187647430e-01 9.716577905561193385e-01 9.782069428975955772e-01
9.351247163048196365e-01 9.454259879604316463e-01 9.515531668885577332e-01 9.581271749086751610e-01 9.722685384437561584e-01 9.671868513485994967e-01 8.048589322130661472e-01
9.783997555946077895e-01 9.718693033348805299e-01 9.704432702191213567e-01 9.705903426568327497e-01 9.784802172556008593e-01 9.885043308819655428e-01 9.884531162444261110e-01
7.534423173304733989e-01 7.446127704436225070e-01 7.603703672258057544e-01 9.074356634404862065e-01 8.606230772855649747e-01 8.535333707530269320e-01 9.331097178408291892e-01
9.808391095974140494e-01 9.817570186048631964e-01 9.780883221346601264e-01 9.257257346334673009e-01 9.103948814307697424e-01 8.930283863015401336e-01 9.616199716757862781e-01
9.816529314700179754e-01 9.831175483342018406e-01 9.761881337644918721e-01 9.211424212192665939e-01 9.071356644185730733e-01 8.854165776755185124e-01 9.611784755080293730e-01
9.630931460949299083e-01 9.605816492680711027e-01 9.500818241425583732e-01 9.784931457383857500e-01 9.712524943913597442e-01 9.722767070290415647e-01 9.089695422526610225e-01
0.000000000000000000e+00 0.000000000000000000e+00 0.000000000000000000e+00 0.000000000000000000e+00 0.000000000000000000e+00 0.000000000000000000e+00 0.000000000000000000e+00
0.000000000000000000e+00 0.000000000000000000e+00 0.000000000000000000e+00 0.000000000000000000e+00 0.000000000000000000e+00 0.000000000000000000e+00 0.000000000000000000e+00
0.000000000000000000e+00 0.000000000000000000e+00 0.000000000000000000e+00 0.000000000000000000e+00 0.000000000000000000e+00 0.000000000000000000e+00 0.000000000000000000e+00
7.489309645843270635e-01 8.074910326200547273e-01 5.776087144082788782e-01 5.814918515507803143e-01 6.683290210793834119e-01 4.545306823314988476e-01 2.976033437789583069e-01
6.284916446293505876e-01 3.802715424070076122e-01 3.595525190979000918e-01 3.903248707626851277e-01 3.682006947622525894e-01 3.778938940001995150e-01 5.807385073745049420e-01
8.597525078501969675e-01 8.938726339169141832e-01 8.961514450757745998e-01 9.426016938195683759e-01 9.665240704925482929e-01 8.936588867859136531e-01 8.705782163548976271e-01
0.000000000000000000e+00 0.000000000000000000e+00 0.000000000000000000e+00 0.000000000000000000e+00 0.000000000000000000e+00 0.000000000000000000e+00 0.000000000000000000e+00
9.164588114401199803e-01 9.366840154598422563e-01 9.471387426000222876e-01 9.597992136366823024e-01 9.571773477358676008e-01 9.467414284351201026e-01 9.295514173966571425e-01
4.292955108078121973e-01 2.448311685588678288e-01 4.969426777292006436e-01 7.006919256782424554e-01 7.464442062531848610e-01 6.917791397651720242e-01 8.064995488250340516e-01
7.164996245827521815e-01 7.370105363273844468e-01 7.418023022438789971e-01 7.050251998259657871e-01 6.330226971956137705e-01 8.024501375596280184e-01 8.898235287355416023e-01
9.805225972230194875e-01 9.745651051803687626e-01 9.710984051506559300e-01 9.204841851235036065e-01 8.943508025174662368e-01 9.101461898268052853e-01 9.447975456345126810e-01
9.336992427949680762e-01 8.072248021737927770e-01 7.720511350137475581e-01 6.819034119501030666e-01 5.556842846728161645e-01 7.832900763976505809e-01 9.550548575468288393e-01
9.438306642219098652e-01 8.791530134560693321e-01 8.342148831091961148e-01 8.413548196891832420e-01 6.632547521477873964e-01 8.092361351176531326e-01 9.525231447283233344e-01
9.720824959988637604e-01 9.358627612513210625e-01 9.128531473544730934e-01 7.922757369378070624e-01 6.507245884999000030e-01 6.996765480392700409e-01 8.928795831234972447e-01
9.677323110550344332e-01 9.836539147728937671e-01 9.788721776603328539e-01 9.574564811432220157e-01 9.482136754655799971e-01 9.038921606481270521e-01 9.358845185610930040e-01
9.830045279467943820e-01 9.821281519858410247e-01 9.745962971607631253e-01 9.791096527916474113e-01 9.764456458090249313e-01 9.167002111582317481e-01 8.604198633278872244e-01
3.982478227057811848e-01 6.313179988376463880e-01 8.442258252078571612e-01 8.382392114607669642e-01 9.555716976301590337e-01 9.459011250027206108e-01 9.749234182463001330e-01
0.000000000000000000e+00 0.000000000000000000e+00 0.000000000000000000e+00 0.000000000000000000e+00 0.000000000000000000e+00 0.000000000000000000e+00 0.000000000000000000e+00
9.049767694452045541e-01 7.871519957099042397e-01 7.828770283396393470e-01 9.622090972622021621e-01 3.128613246030281791e-01 1.964615473736639750e-01 2.239903995837653761e-01
9.342543713102962055e-01 7.919646245365018489e-01 5.271072396727536358e-01 4.934781181019952667e-01 5.854169247214230376e-01 5.613683820026024174e-01 4.918881913754803437e-01
9.720112596608669886e-01 9.788649268467602971e-01 9.881339698455552378e-01 9.923549409036342972e-01 9.615107073263543525e-01 8.400118788197551423e-01 8.261480761941123463e-01
8.360043808168331481e-01 8.230887882653682430e-01 8.284036882140138891e-01 7.881281165885968276e-01 8.733257870592181504e-01 8.867739248941058916e-01 9.276227392306121144e-01
3.221307966199722927e-01 6.797879426736113118e-01 8.415183935481161948e-01 7.945075666759686683e-01 8.401136822188350894e-01 8.900204548642234315e-01 9.302871927699801757e-01
0.000000000000000000e+00 0.000000000000000000e+00 0.000000000000000000e+00 0.000000000000000000e+00 0.000000000000000000e+00 0.000000000000000000e+00 0.000000000000000000e+00
0.000000000000000000e+00 0.000000000000000000e+00 0.000000000000000000e+00 0.000000000000000000e+00 0.000000000000000000e+00 0.000000000000000000e+00 0.000000000000000000e+00
8.397302966355152387e-01 6.825843677116574248e-01 7.757245818038767116e-01 8.414475654524753434e-01 8.040721442069730385e-01 8.071620559127137273e-01 8.541559383916217385e-01
0.000000000000000000e+00 0.000000000000000000e+00 0.000000000000000000e+00 0.000000000000000000e+00 0.000000000000000000e+00 0.000000000000000000e+00 0.000000000000000000e+00
9.407017640070493014e-01 8.912321678854695506e-01 6.741436362686286099e-01 6.748297868955575041e-01 8.485939885699660401e-01 9.217002944363862360e-01 9.431633066036774204e-01
7.954539964018458864e-01 8.301885798626404966e-01 4.734314458712031159e-01 8.246781075927920313e-01 4.292614159637866966e-01 5.224304111952660090e-01 5.905247488911956610e-01
9.687662573087295614e-01 9.683640069466228351e-01 9.659222650502743424e-01 9.579162045356554023e-01 6.596548702060823777e-01 4.081141472029786721e-01 4.596051353083477897e-01
0.000000000000000000e+00 0.000000000000000000e+00 0.000000000000000000e+00 0.000000000000000000e+00 0.000000000000000000e+00 0.000000000000000000e+00 0.000000000000000000e+00
9.559733172660460632e-01 9.546255643558613224e-01 9.613385513081247336e-01 9.700503114547555095e-01 9.723211197806234107e-01 8.250391311700111530e-01 9.485209682682033128e-01
4.896490079010199503e-01 6.775434669439326374e-01 6.101676185696656152e-01 3.344351708432590220e-01 2.493453035049728872e-01 2.720494730536244798e-01 1.763547172324084755e-01
8.904540767875789298e-01 7.196627993868845996e-01 7.697404864353462051e-01 8.404379309828725608e-01 9.093590538830094161e-01 8.369187311931781670e-01 5.900277792256813925e-01
8.975977260642576949e-01 8.044948940141516402e-01 8.305631709712961719e-01 5.391457057601209968e-01 5.131920028317429328e-01 6.145666189773715260e-01 9.521491940148929523e-01
8.704678275536857912e-01 8.892050230572512426e-01 9.352931674629788583e-01 9.382935823985592005e-01 9.046697736574705884e-01 9.013929796503619141e-01 8.909941416522776381e-01
9.518260387362138530e-01 9.357673151406291634e-01 8.932512484163285249e-01 8.831034172359334411e-01 8.636985563982262359e-01 9.603139800125822800e-01 9.320919172298772759e-01
9.437162888061426669e-01 9.215345132711754150e-01 9.573134470792680206e-01 9.835267784418993964e-01 9.876326136490563012e-01 9.759245982005865239e-01 9.809960793555768666e-01
8.285328866962502481e-01 8.357891610852457021e-01 8.379079875959409840e-01 8.943319700944980521e-01 9.647512625117919960e-01 9.412252521832008556e-01 9.279730562957320128e-01
9.590630393767124451e-01 9.602464700375469286e-01 9.176889493714355250e-01 8.290987391424867736e-01 9.277655730273371981e-01 9.416769068271986232e-01 9.747896096035750801e-01
6.540224200964037671e-01 6.116344223566119176e-01 5.378450028310913789e-01 6.666318491591516349e-01 8.260995950332297166e-01 9.445005867725381199e-01 9.800076598551600293e-01
9.805836652211488147e-01 9.775733568145651420e-01 9.684226098427692886e-01 9.465166272190678187e-01 9.412642310020868930e-01 9.590117167126414044e-01 8.767645124983182159e-01
3.757550837193031623e-01 8.074184205183349006e-01 9.378538183385409788e-01 9.536899410828238999e-01 9.357713692606752787e-01 9.477082008982283812e-01 9.724035110141495686e-01
9.569966901405111415e-01 9.411857138208820084e-01 9.071946122812150071e-01 8.494239619818892972e-01 8.915917305503072710e-01 9.227121491294555389e-01 9.674449853159338142e-01
8.999171095371777396e-01 8.847465159542059476e-01 8.550005091912332711e-01 7.095490400175432644e-01 5.600374742639462333e-01 5.991606152111225159e-01 7.346326112350547444e-01
9.031088247677941938e-01 8.833177728852197319e-01 8.745223948043189255e-01 8.666683161527681811e-01 8.990731054205077788e-01 5.665780812991655369e-01 9.457640046356171615e-01
8.911141805016513651e-01 8.468899284668887084e-01 8.615599201875965285e-01 9.095876919759783297e-01 9.027112947372009089e-01 9.019858009409886801e-01 9.500662466033956699e-01
0.000000000000000000e+00 0.000000000000000000e+00 0.000000000000000000e+00 0.000000000000000000e+00 0.000000000000000000e+00 0.000000000000000000e+00 0.000000000000000000e+00
8.734698288497600993e-01 8.579048337562505955e-01 7.908700772896256614e-01 6.123445324499524611e-01 5.808079060448625430e-01 7.588166335161112830e-01 4.721146455290682886e-01
8.553349182940618300e-01 8.416200137930144320e-01 7.483776308519192177e-01 4.980294561474038484e-01 5.747434105529471982e-01 8.606164396506188474e-01 7.746596597263119000e-01
9.248026217561005069e-01 8.892462378425389780e-01 8.187614298607730490e-01 7.767767908952295519e-01 8.485681708256060940e-01 7.134876800501344096e-01 9.265612020463245280e-01
0.000000000000000000e+00 0.000000000000000000e+00 0.000000000000000000e+00 0.000000000000000000e+00 0.000000000000000000e+00 0.000000000000000000e+00 0.000000000000000000e+00
9.594155625545988109e-01 9.729900096258146114e-01 9.845735871572587339e-01 9.922315136917350120e-01 9.900528650461888347e-01 9.788761760037271165e-01 9.918616877800233711e-01
0.000000000000000000e+00 0.000000000000000000e+00 0.000000000000000000e+00 0.000000000000000000e+00 0.000000000000000000e+00 0.000000000000000000e+00 0.000000000000000000e+00
4.892042836604622025e-01 2.498918558196662754e-01 3.845285234628048054e-01 7.814769808252033934e-02 2.047288926994934311e-01 3.472559245685721274e-01 7.682536639752258756e-01
9.732173276840179188e-01 9.509615879991430987e-01 9.472087842884663322e-01 9.483576699046942782e-01 3.564574020544288291e-01 2.438753022628376288e-01 3.353821820710773949e-01
0.000000000000000000e+00 0.000000000000000000e+00 0.000000000000000000e+00 0.000000000000000000e+00 0.000000000000000000e+00 0.000000000000000000e+00 0.000000000000000000e+00
8.273824048442439683e-01 9.056923746351134286e-01 9.285848070397231258e-01 9.221168075166266132e-01 8.766897894406429081e-01 8.365046325473446398e-01 8.238393736660266642e-01
0.000000000000000000e+00 0.000000000000000000e+00 0.000000000000000000e+00 0.000000000000000000e+00 0.000000000000000000e+00 0.000000000000000000e+00 0.000000000000000000e+00
9.532813999008598049e-01 9.629535484832582037e-01 9.638815901854167478e-01 9.677932920359600955e-01 9.589211778733802705e-01 8.929203144789715774e-01 7.476432109974805451e-01
0.000000000000000000e+00 0.000000000000000000e+00 0.000000000000000000e+00 0.000000000000000000e+00 0.000000000000000000e+00 0.000000000000000000e+00 0.000000000000000000e+00
8.076386883522580495e-01 7.184864371203169009e-01 7.861999956322354155e-01 8.240955923995900712e-01 9.276900617444809871e-01 9.558407925980719755e-01 9.820415888512695757e-01
0.000000000000000000e+00 0.000000000000000000e+00 0.000000000000000000e+00 0.000000000000000000e+00 0.000000000000000000e+00 0.000000000000000000e+00 0.000000000000000000e+00
7.534103874898153697e-01 6.464000878850022502e-01 5.314857535280466116e-01 7.580554824115722790e-01 7.874350838442824019e-01 7.353807367075060331e-01 9.217588709905667477e-01
9.126208211908692913e-01 9.069982827827396399e-01 9.307306445405549855e-01 8.357897749283275113e-01 8.074191251553111126e-01 9.079781960341517522e-01 4.006257847964651564e-01
8.485948140507155735e-01 6.727745223386997209e-01 7.168676742528135026e-01 4.888158263701637973e-01 3.798444661900340913e-01 3.778932198543018539e-01 5.189931965713310280e-01
8.330151412196347138e-01 8.781509664390578784e-01 9.222327851582530212e-01 9.420523703459589004e-01 9.531333687167610202e-01 9.363594447473801985e-01 9.683321971502474312e-01
9.236444266052298291e-01 8.134721497153002412e-01 6.780305939669605264e-01 5.901981676830795331e-01 4.171658134939889018e-01 2.918519253563561233e-01 1.988129797787493991e-01
9.045052800284502093e-01 8.968788313402671353e-01 9.126982165190118401e-01 9.124189538361262564e-01 9.064625668140485759e-01 6.685228027626562985e-01 3.350404501075970320e-01
9.322313510956887761e-01 9.364549355220990190e-01 9.548070968780061341e-01 9.699379314237185357e-01 9.705316533978602944e-01 9.223866503663458172e-01 9.029057256408189458e-01
0.000000000000000000e+00 0.000000000000000000e+00 0.000000000000000000e+00 0.000000000000000000e+00 0.000000000000000000e+00 0.000000000000000000e+00 0.000000000000000000e+00
0.000000000000000000e+00 0.000000000000000000e+00 0.000000000000000000e+00 0.000000000000000000e+00 0.000000000000000000e+00 0.000000000000000000e+00 0.000000000000000000e+00
9.560982467502456839e-01 9.557673398452531943e-01 9.775999057776031398e-01 9.754599188621463357e-01 8.951204115665697403e-01 4.526007611871510905e-01 4.485542839393421022e-01
8.894569166588319753e-01 9.157381432846450897e-01 9.263048484351481537e-01 9.369027644993056514e-01 8.528850306025013150e-01 6.088383185932140229e-01 6.897941388279847930e-01
9.394834914269486470e-01 9.318074914508428508e-01 9.122634846555880417e-01 8.731360683400679612e-01 9.488378284440227572e-01 7.742575913084897010e-01 9.075572195332708425e-01
9.479803579634844546e-01 9.037030356081693361e-01 9.162635025038854408e-01 9.455265812202500175e-01 9.455661389858528443e-01 7.841150996529150374e-01 9.334180155871347750e-01
0.000000000000000000e+00 0.000000000000000000e+00 0.000000000000000000e+00 0.000000000000000000e+00 0.000000000000000000e+00 0.000000000000000000e+00 0.000000000000000000e+00
8.888194891731284741e-01 9.306268299608276839e-01 8.943694962915330615e-01 8.498452319955474010e-01 9.110677076179083400e-01 8.782455248074044762e-01 8.403922641657624037e-01
9.560404073429344951e-01 9.656443864957580114e-01 9.528162730512641510e-01 9.175913820265657606e-01 8.517712841669549118e-01 8.403418029232225805e-01 8.984871703319924352e-01
8.595368024814789010e-01 8.292938535336348282e-01 7.693299832756329559e-01 7.460113146766657044e-01 8.599234976250864637e-01 7.033236178294520746e-01 7.896392120700049810e-01
0.000000000000000000e+00 0.000000000000000000e+00 0.000000000000000000e+00 0.000000000000000000e+00 0.000000000000000000e+00 0.000000000000000000e+00 0.000000000000000000e+00
9.175848018663885775e-01 9.156744848168921758e-01 9.344226783814030268e-01 9.620377754589690689e-01 9.632482121568408662e-01 8.374803730392217371e-01 7.722897905676374686e-01
8.758512982559345517e-01 8.745141111755027064e-01 9.016704192695598197e-01 8.436887709212498310e-01 5.242940138234231107e-01 7.746589320598613604e-01 9.664673525778667562e-01
9.152820945572710531e-01 9.660099243294448801e-01 9.839401364921610549e-01 9.748858187362842154e-01 9.626681595902040200e-01 7.687244004486847304e-01 7.702669295780352199e-01
4.321702892410361208e-01 4.787944740766826857e-01 5.138366708849233522e-01 5.258817878159813830e-01 3.889414401646664743e-01 2.398740941802832427e-01 1.850115175901515807e-01
0.000000000000000000e+00 0.000000000000000000e+00 0.000000000000000000e+00 0.000000000000000000e+00 0.000000000000000000e+00 0.000000000000000000e+00 0.000000000000000000e+00
9.529033955612569162e-01 9.526758548222304945e-01 9.521555366529349529e-01 9.632169628468290057e-01 9.462796756091329531e-01 6.600156514280418607e-01 4.829301082568275283e-01
9.039170363979632805e-01 9.253296813608521409e-01 8.864244186106146062e-01 4.536835544510647855e-01 3.504985199179162514e-01 3.644006457011106370e-01 2.186639545426873055e-01
9.315788324879227256e-01 9.718300852786760924e-01 9.836532475899379957e-01 9.355662398920236988e-01 8.934429488190167579e-01 8.032468462708798329e-01 7.906195348703353165e-01
9.634553010773465598e-01 9.648277834968869149e-01 9.613828516554066006e-01 8.522061038330279725e-01 3.068461610907348702e-01 4.036841478207945366e-01 2.313039756175569450e-01
0.000000000000000000e+00 0.000000000000000000e+00 0.000000000000000000e+00 0.000000000000000000e+00 0.000000000000000000e+00 0.000000000000000000e+00 0.000000000000000000e+00
9.592724600082382924e-01 9.560584275856366387e-01 9.592826827087904684e-01 9.728949994136256718e-01 9.616642280624608796e-01 9.430051829021854903e-01 8.848630069336833603e-01
9.430831044089228454e-01 9.285931709117467570e-01 9.131281004429074866e-01 9.331238209728106581e-01 9.010895369742617511e-01 4.339167495174505729e-01 8.562226718971308603e-01
0.000000000000000000e+00 0.000000000000000000e+00 0.000000000000000000e+00 0.000000000000000000e+00 0.000000000000000000e+00 0.000000000000000000e+00 0.000000000000000000e+00
0.000000000000000000e+00 0.000000000000000000e+00 0.000000000000000000e+00 0.000000000000000000e+00 0.000000000000000000e+00 0.000000000000000000e+00 0.000000000000000000e+00
8.407424947015703642e-01 9.034057016313324917e-01 9.554064029327918872e-01 9.251180473626667844e-01 9.190471137009321723e-01 8.918259286106082762e-01 8.783889610186907948e-01
3.841002076077774663e-01 3.059404983379918619e-01 3.891602664600531392e-01 6.416046041029459523e-01 6.432319552838856591e-01 9.363938873711509236e-01 9.593885190351297831e-01
4.189034180281391295e-01 6.958807592884630466e-01 7.392561402374604462e-01 1.510311782790544621e-01 2.897207153255529355e-01 2.149686740822284448e-01 2.275515273623247015e-01
9.277885198247070031e-01 9.432698469330420554e-01 9.363992436914018169e-01 9.115903277964033657e-01 9.016110467113902516e-01 9.094486744421382829e-01 9.621230202067525550e-01
9.510235506932931404e-01 9.509405567527899894e-01 9.549146924245661694e-01 9.570685530172656774e-01 9.492192122182004921e-01 7.278905391859106233e-01 4.119279584225675750e-01
0.000000000000000000e+00 0.000000000000000000e+00 0.000000000000000000e+00 0.000000000000000000e+00 0.000000000000000000e+00 0.000000000000000000e+00 0.000000000000000000e+00
0.000000000000000000e+00 0.000000000000000000e+00 0.000000000000000000e+00 0.000000000000000000e+00 0.000000000000000000e+00 0.000000000000000000e+00 0.000000000000000000e+00
