3.921572331221227503e-01 2.148447077888177015e-01 2.021237064349791501e-01 1.013323357785373552e-01 2.202711600489405119e-01 3.109601584026760457e-01 1.650591656024409104e-01
3.644943206986194784e-01 7.473806770538039546e-01 9.208221707676467194e-01 9.304752397320233959e-01 7.493116528135087551e-01 1.870623478874673118e-01 4.523192620955476806e-01
6.729514011193374889e-01 7.439751489464888623e-01 6.549979249578431473e-01 6.438621737532217448e-01 6.144110028943158275e-01 8.304363622167262315e-01 8.021672827262431582e-01
3.549159281107990282e-01 2.680053109094051034e-01 2.430824878761395635e-01 1.744442936754986018e-01 2.873468314010775848e-01 2.722996286231393892e-01 3.400278980650956462e-01
7.643848240081955181e-01 7.497868391885893491e-01 7.364159431145570478e-01 7.935375256872415628e-01 9.308972842995590913e-01 8.236650031291723462e-01 4.671168226978124061e-01
5.533158556329362820e-01 5.398707031456663197e-01 7.693393525048430881e-01 7.803473288545529352e-01 7.313125413726837554e-01 4.814737024693440670e-01 6.241782503247527147e-01
4.407654968082773683e-01 7.550521774242410222e-01 8.222574121554243609e-01 8.190106924366087338e-01 6.420965646096912227e-01 6.361528695095789443e-01 4.865083581267896085e-01
5.648132217170618308e-01 7.696726127257776939e-01 7.298340173585813329e-01 6.643767002156095725e-01 3.950679648188457072e-01 7.711454210775778861e-01 9.122392890901278584e-01
0.000000000000000000e+00 0.000000000000000000e+00 0.000000000000000000e+00 0.000000000000000000e+00 0.000000000000000000e+00 0.000000000000000000e+00 0.000000000000000000e+00
6.375178776986704099e-01 7.337390053373055165e-01 8.130962676506326980e-01 8.715831629540888859e-01 8.468525742354725550e-01 9.616147269149396548e-01 9.802519722673868063e-01
3.224634137936105427e-01 2.228882314865934244e-01 3.980530608958473548e-01 5.687043816749843828e-01 1.418548323942750156e-01 5.942635562345420508e-02 7.091388141781992394e-01
8.767101285536001154e-02 1.092405565126195743e-01 3.381181190585586527e-01 2.843957350742569168e-01 2.686928392532191845e-01 5.813366219504900734e-01 2.159500464841508927e-01
5.456571652950281681e-01 7.271503012928089982e-01 9.040192164688175547e-01 9.271692782438857305e-01 8.982504185629166527e-01 8.518349731352330423e-01 9.639836319140149268e-01
0.000000000000000000e+00 0.000000000000000000e+00 0.000000000000000000e+00 0.000000000000000000e+00 0.000000000000000000e+00 0.000000000000000000e+00 0.000000000000000000e+00
6.402294866872424439e-01 7.833356319192965600e-01 8.445852295297737733e-01 8.612752535133615384e-01 9.408060249338481285e-01 9.277605203913572574e-01 9.007634292766456552e-01
0.000000000000000000e+00 0.000000000000000000e+00 0.000000000000000000e+00 0.000000000000000000e+00 0.000000000000000000e+00 0.000000000000000000e+00 0.000000000000000000e+00
0.000000000000000000e+00 0.000000000000000000e+00 0.000000000000000000e+00 0.000000000000000000e+00 0.000000000000000000e+00 0.000000000000000000e+00 0.000000000000000000e+00
0.000000000000000000e+00 0.000000000000000000e+00 0.000000000000000000e+00 0.000000000000000000e+00 0.000000000000000000e+00 0.000000000000000000e+00 0.000000000000000000e+00
0.000000000000000000e+00 0.000000000000000000e+00 0.000000000000000000e+00 0.000000000000000000e+00 0.000000000000000000e+00 0.000000000000000000e+00 0.000000000000000000e+00
0.000000000000000000e+00 0.000000000000000000e+00 0.000000000000000000e+00 0.000000000000000000e+00 0.000000000000000000e+00 0.000000000000000000e+00 0.000000000000000000e+00
6.395469590309023067e-01 8.463061482061651208e-01 6.633948202307344832e-01 4.357346579961150490e-01 4.285960581525288804e-01 4.362601380125583073e-01 4.802842907460423416e-01
5.882789073490128917e-01 6.860048473599379415e-01 8.036950049238471561e-01 9.259812249593653011e-01 9.384219868113158336e-01 8.279915670030570940e-01 5.817805031706905217e-01
7.653737002285470048e-01 7.777141308798396491e-01 6.744092362954978714e-01 5.186184072317149285e-01 4.855636446096279757e-01 1.912300367194837980e-01 9.911227548132119092e-02
5.090011000325654900e-01 5.980445511090007882e-01 5.876096801593762020e-01 5.564390243947281434e-01 6.782329801582708262e-01 3.565728488453934197e-01 1.035800229388170735e-01
7.745851200185794871e-01 9.070092330605956654e-01 9.327222776676026283e-01 8.821199753710023961e-01 8.592754685294328176e-01 8.504553566951227328e-01 8.124987611710200452e-01
7.476836820903165481e-01 7.939923443585082952e-01 3.693432152563196347e-01 3.350557717468640728e-01 4.713350490300959317e-01 2.336780479540900846e-01 3.416729091379780425e-02
5.710848065857051514e-01 5.789963873425061358e-01 8.722154928500224225e-01 9.752493934291207589e-01 9.891619628534950026e-01 9.847106174626556463e-01 9.497019276959747236e-01
0.000000000000000000e+00 0.000000000000000000e+00 0.000000000000000000e+00 0.000000000000000000e+00 0.000000000000000000e+00 0.000000000000000000e+00 0.000000000000000000e+00
7.027633195185478687e-01 7.637867327248093474e-01 7.579432126616632015e-01 6.472538151219958680e-01 2.804979799952253550e-01 9.757727282901053345e-02 1.451362147321890450e-01
1.612814214973281035e-01 1.991623496371054403e-01 2.005878520701314116e-01 3.448516533123667516e-02 3.781559792683806265e-01 3.046151692919146781e-01 1.430594880395283930e-01
6.669208989512188657e-01 7.182756174830697837e-01 8.229829105117799637e-01 4.412295654288626023e-01 2.697086022829733309e-01 3.253081777318339585e-01 3.240424219873797029e-01
6.908273067939088019e-01 7.052379360894461824e-01 6.405429734817067455e-01 5.283841450685852204e-01 4.286854492627473201e-01 3.014841589879065920e-01 3.081784460052589547e-01
0.000000000000000000e+00 0.000000000000000000e+00 0.000000000000000000e+00 0.000000000000000000e+00 0.000000000000000000e+00 0.000000000000000000e+00 0.000000000000000000e+00
6.372966566748013983e-01 8.105875979744853188e-01 8.916669234586130921e-01 9.570512106502242489e-01 9.810798259329979176e-01 9.816360207640490998e-01 9.734873305490155948e-01
7.488129693853692315e-01 8.571904932623309881e-01 6.990960910123338312e-01 4.457239339073152951e-01 1.459038103674901998e-01 2.928906085721221242e-01 5.824714763155012243e-01
6.074360747295585172e-01 5.276964917857267512e-01 2.837030259055287607e-01 2.522153591096392145e-01 4.298390240274925223e-01 3.141791258869519599e-02 1.071325197258501671e-01
6.684912246818686121e-01 7.078082710501112373e-01 7.033702214861500268e-01 7.603487757337317188e-01 8.492331343861947435e-01 8.170476305383183036e-01 8.461659267164961529e-01
6.400611212090283608e-01 8.218045621588246918e-01 7.508981925438541483e-01 4.837485489438020370e-01 1.559222414139279644e-01 2.932774536806105337e-01 2.608795647967426801e-01
2.183722136601672914e-01 3.706829394429970170e-01 6.101360784684235483e-01 6.170350548162569781e-01 7.751457984613697727e-01 4.966954598090529416e-01 7.503464638556890387e-01
4.133353222986846931e-01 4.514241467094347593e-01 5.401623526990294577e-01 6.822178217200589589e-01 5.643632437393950596e-01 2.435551178884336754e-01 3.385553733829609890e-01
7.950740880160866997e-01 8.190958910083839806e-01 7.824952540634362297e-01 7.982512627804730920e-01 8.508800871355781670e-01 5.276129709184849137e-01 4.373994340630774080e-01
0.000000000000000000e+00 0.000000000000000000e+00 0.000000000000000000e+00 0.000000000000000000e+00 0.000000000000000000e+00 0.000000000000000000e+00 0.000000000000000000e+00
7.602389972334409052e-01 7.780789001894260482e-01 6.873622218525160532e-01 6.554895157883484647e-01 3.802133895816461329e-01 3.736952064756645653e-01 2.070162705524739299e-01
5.519735127572003019e-01 5.158900071667585907e-01 4.390306151418446046e-01 1.105394209754925056e-01 3.682017099731972332e-01 4.967050268788103518e-02 4.640476906413276703e-01
3.922791899491887557e-01 4.741079980263324112e-01 3.751988106819759694e-01 4.831325536821817201e-01 6.238873453660340740e-01 6.258811563500901731e-02 2.049352517467894208e-01
4.375234463785305783e-01 4.686452139024416819e-01 4.221775645679011202e-01 2.994895974084639256e-01 1.265061874994228251e-02 1.293222596419364157e-01 3.635861440083110185e-01
6.510065899468817641e-01 8.486075670251052028e-01 8.627328998986293351e-01 7.068744559422543983e-01 2.828020411065543249e-01 4.838109467917232620e-01 6.384591744815933945e-01
0.000000000000000000e+00 0.000000000000000000e+00 0.000000000000000000e+00 0.000000000000000000e+00 0.000000000000000000e+00 0.000000000000000000e+00 0.000000000000000000e+00
0.000000000000000000e+00 0.000000000000000000e+00 0.000000000000000000e+00 0.000000000000000000e+00 0.000000000000000000e+00 0.000000000000000000e+00 0.000000000000000000e+00
5.569512930014574037e-01 8.125393136200097510e-01 8.689969949657084802e-01 8.371459934299866346e-01 6.808786815809223514e-01 5.247567564363772030e-01 6.422050129206423597e-01
4.562070861058870053e-01 7.590454529880513723e-01 7.708576374672857501e-01 8.328130363685561921e-01 6.947913588363632265e-01 3.431590434647688315e-01 4.700794342780445501e-01
5.819700033203677458e-01 2.273746479541039200e-01 3.023016452007728505e-01 2.757898682629655318e-01 6.620151154285905948e-01 7.275765418714864596e-01 8.644682509416129479e-01
0.000000000000000000e+00 0.000000000000000000e+00 0.000000000000000000e+00 0.000000000000000000e+00 0.000000000000000000e+00 0.000000000000000000e+00 0.000000000000000000e+00
1.512879173134866750e-01 6.943902435692297370e-01 7.673488700124835304e-01 7.064632189411748087e-01 6.323978560180960606e-01 3.160049436350791385e-01 5.400573811061073481e-01
6.241540380081407324e-01 6.761612377125258977e-01 8.280051816707735268e-01 7.983753695428622565e-01 5.177406518118088385e-01 6.747057473108533099e-01 2.727800696824629889e-01
0.000000000000000000e+00 0.000000000000000000e+00 0.000000000000000000e+00 0.000000000000000000e+00 0.000000000000000000e+00 0.000000000000000000e+00 0.000000000000000000e+00
0.000000000000000000e+00 0.000000000000000000e+00 0.000000000000000000e+00 0.000000000000000000e+00 0.000000000000000000e+00 0.000000000000000000e+00 0.000000000000000000e+00
0.000000000000000000e+00 0.000000000000000000e+00 0.000000000000000000e+00 0.000000000000000000e+00 0.000000000000000000e+00 0.000000000000000000e+00 0.000000000000000000e+00
0.000000000000000000e+00 0.000000000000000000e+00 0.000000000000000000e+00 0.000000000000000000e+00 0.000000000000000000e+00 0.000000000000000000e+00 0.000000000000000000e+00
6.182629790288929339e-01 6.564774431461507520e-01 7.745229475470659652e-01 7.483892446964464096e-01 7.613158539967646021e-01 4.893495885817398250e-01 2.462316169125525200e-01
5.133757025149573439e-01 6.074575137122395496e-01 5.444675511741613461e-01 5.865476006383586460e-01 5.460027424499246385e-01 5.861664034303497584e-01 2.907889251615020654e-01
4.347428289679038937e-01 5.049768306258403117e-01 6.174281044583043165e-01 4.952296881606451096e-01 3.989110630425551363e-01 1.170948268847751134e-01 2.140355757680788007e-01
5.417448223037836241e-01 5.720787493626552367e-01 5.591684313642800719e-01 3.767128818094278020e-01 2.101683925267483766e-01 1.598060731658103861e-01 2.307481394501767757e-01
0.000000000000000000e+00 0.000000000000000000e+00 0.000000000000000000e+00 0.000000000000000000e+00 0.000000000000000000e+00 0.000000000000000000e+00 0.000000000000000000e+00
7.588706736157627697e-01 7.769097216792315574e-01 7.625964881255841155e-01 4.683021052046886235e-01 5.967556543316054896e-01 8.369201783379247583e-01 7.632667932536437716e-01
0.000000000000000000e+00 0.000000000000000000e+00 0.000000000000000000e+00 0.000000000000000000e+00 0.000000000000000000e+00 0.000000000000000000e+00 0.000000000000000000e+00
6.605933078195066477e-01 8.665666538630633076e-01 9.491289157603781668e-01 9.651500353296111889e-01 9.448598326376759227e-01 5.791724171110081976e-01 1.849706909091001494e-01
4.466357402151708844e-01 5.375756217979356100e-01 7.954118246811847648e-01 7.824734902975059025e-01 5.750696080932842236e-01 5.831088524111872617e-01 8.328385328515899300e-01
