7.971909137919362953e-01 8.104491998305780598e-01 6.091804825867951356e-01 5.127342001817308814e-01 5.250616350081195316e-01 2.360209717867524370e-01 2.721784946770732794e-01
9.724143367624416001e-01 9.426376254366063412e-01 9.431307165971041240e-01 9.326156167332411151e-01 9.667550600708018083e-01 9.717318389291279557e-01 9.275495272116526246e-01
8.572495314309793724e-01 8.949617854051160615e-01 8.398837471086328943e-01 7.279165749297762389e-01 8.131959347877630861e-01 8.364343094546287105e-01 7.601188204624589329e-01
9.596749416800184340e-01 9.614809604226922657e-01 9.445817443345195796e-01 9.013294190579850262e-01 8.750471312405120328e-01 7.014750970303441635e-01 8.279144281592125676e-01
9.273996576955655380e-01 8.930074681448060270e-01 7.913274884453328495e-01 6.898225668489097462e-01 6.242383119226514454e-01 3.771388807699198598e-01 7.627644780937244962e-01
9.649097033354983033e-01 9.776575982570817613e-01 9.828165686807043278e-01 9.895642685810540629e-01 9.892949050850554649e-01 9.611420705428772582e-01 8.987225163484712231e-01
9.420395961002341334e-01 9.266116610417576283e-01 9.194382761810494520e-01 8.609012657091680287e-01 8.159047153396475904e-01 4.947558345358549770e-01 8.579292313860591435e-01
9.523310628197909633e-01 9.306758801802327286e-01 9.141402114947526636e-01 9.084177544991799413e-01 9.368777253116036263e-01 6.994214650413308476e-01 5.257011969932913198e-01
0.000000000000000000e+00 0.000000000000000000e+00 0.000000000000000000e+00 0.000000000000000000e+00 0.000000000000000000e+00 0.000000000000000000e+00 0.000000000000000000e+00
8.644806848735083760e-01 9.010808376188268465e-01 7.914060386227556032e-01 6.885331884420762272e-01 8.165396740114982954e-01 8.031036594317019217e-01 7.252060182815758260e-01
9.743842676823220028e-01 9.772369866186277898e-01 9.781993920123936981e-01 9.578349592036378146e-01 7.297677005802859496e-01 2.961587705147419314e-01 3.760305195647477006e-01
6.521023454757233218e-01 5.642462926697242587e-01 6.889566653841995292e-01 7.740303461935099660e-01 8.283198580760442464e-01 7.454154133957195949e-01 4.549763276436695203e-01
8.483696052039219060e-01 8.989337723661831037e-01 9.062331240507741636e-01 9.217032448473241324e-01 9.585782118776586813e-01 8.839874514382423110e-01 8.304020899997668348e-01
0.000000000000000000e+00 0.000000000000000000e+00 0.000000000000000000e+00 0.000000000000000000e+00 0.000000000000000000e+00 0.000000000000000000e+00 0.000000000000000000e+00
9.785008059648284684e-01 9.773946723120227054e-01 9.750428609412193914e-01 9.744970447749321529e-01 9.906280463544002712e-01 9.931279940471242629e-01 9.965910246699857256e-01
0.000000000000000000e+00 0.000000000000000000e+00 0.000000000000000000e+00 0.000000000000000000e+00 0.000000000000000000e+00 0.000000000000000000e+00 0.000000000000000000e+00
0.000000000000000000e+00 0.000000000000000000e+00 0.000000000000000000e+00 0.000000000000000000e+00 0.000000000000000000e+00 0.000000000000000000e+00 0.000000000000000000e+00
0.000000000000000000e+00 0.000000000000000000e+00 0.000000000000000000e+00 0.000000000000000000e+00 0.000000000000000000e+00 0.000000000000000000e+00 0.000000000000000000e+00
0.000000000000000000e+00 0.000000000000000000e+00 0.000000000000000000e+00 0.000000000000000000e+00 0.000000000000000000e+00 0.000000000000000000e+00 0.000000000000000000e+00
0.000000000000000000e+00 0.000000000000000000e+00 0.000000000000000000e+00 0.000000000000000000e+00 0.000000000000000000e+00 0.000000000000000000e+00 0.000000000000000000e+00
9.621136814216597610e-01 9.514983407818145000e-01 8.889844225214404982e-01 8.652881791698023850e-01 7.698262069232403304e-01 6.604747173530458593e-01 7.939400568994858798e-01
9.733750453969606253e-01 9.779626889573673765e-01 9.752933222095987453e-01 9.772701422598052412e-01 9.738670871352341774e-01 7.386934291602256231e-01 9.593226139114013895e-01
8.565309131576762658e-01 7.742745547480037738e-01 9.032350907601216505e-01 9.795157533021201512e-01 9.909132661693190736e-01 9.870207083665761827e-01 9.812027476679617832e-01
9.651108789233794338e-01 9.675762371585265864e-01 9.639539406286298240e-01 9.687482965618174902e-01 9.815460110627842738e-01 9.902880735806461887e-01 9.925104283048200582e-01
7.727946921028572280e-01 5.474418330754157180e-01 4.514399281536035091e-01 6.047653141098454643e-01 6.754075077577222919e-01 7.382920494408932166e-01 6.942436697349162467e-01
9.874787047374138371e-01 9.920537911917798324e-01 9.841809824775948901e-01 9.652900006106334141e-01 9.598753633764545157e-01 8.406565933284829706e-01 8.700091339202450369e-01
9.499128755092615117e-01 9.256492406547285334e-01 9.204334172299916128e-01 9.186194544907712034e-01 7.942480822738836599e-01 6.534265049489430544e-01 9.280048808244625302e-01
0.000000000000000000e+00 0.000000000000000000e+00 0.000000000000000000e+00 0.000000000000000000e+00 0.000000000000000000e+00 0.000000000000000000e+00 0.000000000000000000e+00
9.602135930741655390e-01 9.647234606704787607e-01 9.646234598709543251e-01 9.631453755938329531e-01 9.599460113797293470e-01 9.490367671282732287e-01 9.365878528840699824e-01
8.551890881426510438e-01 8.691718433970446744e-01 5.505228227863537827e-01 5.474368040608953434e-01 5.718052525835762845e-01 1.801553903033358273e-01 3.752712601101517720e-01
9.728332557851369078e-01 9.794377425540216064e-01 9.802849590404517643e-01 9.720812614271271412e-01 8.908611697506013671e-01 8.295921374179801022e-01 9.592848053461778823e-01
8.073239330313481954e-01 9.149195134306712385e-01 9.284598068164617857e-01 9.476942127188427989e-01 9.583902748911629077e-01 9.451152351099296745e-01 8.765846687332730092e-01
0.000000000000000000e+00 0.000000000000000000e+00 0.000000000000000000e+00 0.000000000000000000e+00 0.000000000000000000e+00 0.000000000000000000e+00 0.000000000000000000e+00
8.366720822558975090e-01 6.423942245433011955e-01 5.747577126763364630e-01 6.669516592769654251e-01 7.123676876558050486e-01 6.695922014314703574e-01 8.314306916003944004e-01
9.911956838607910436e-01 9.798956104176942405e-01 9.793627266452594737e-01 9.843649965763261456e-01 9.803929201001320148e-01 8.829397912378755819e-01 9.462177541968770367e-01
6.889918901127514150e-01 7.208929347668737719e-01 7.076621592826793927e-01 7.420278506782312933e-01 8.660451342850953305e-01 9.406577100726913887e-01 9.127297158596852089e-01
8.755799972276850918e-01 8.388491363448662419e-01 8.937752765200631666e-01 9.744725609886567552e-01 9.818738384667443642e-01 9.530977981954186218e-01 9.287415652801028765e-01
8.338920013821488064e-01 8.213948779951998347e-01 8.456337901134572954e-01 8.505293461594735094e-01 8.254179579150999757e-01 3.596727752783704934e-01 4.645616119461515314e-01
6.847787735833298361e-01 5.493490315105388211e-01 3.461332400333051451e-01 4.664249604478306610e-01 3.252505174258659149e-01 5.409855471982486508e-01 8.939599614031048525e-01
7.455454980233763296e-01 8.252525863107750270e-01 6.965630416868839880e-01 7.248171275714695438e-01 7.636061713911108662e-01 7.308486116959479473e-01 9.228563851442544985e-01
9.422745836871498915e-01 9.589617839029257462e-01 9.639438424242205983e-01 9.625509190442581575e-01 9.711249428628141445e-01 9.602756733433344127e-01 9.797276714477507475e-01
0.000000000000000000e+00 0.000000000000000000e+00 0.000000000000000000e+00 0.000000000000000000e+00 0.000000000000000000e+00 0.000000000000000000e+00 0.000000000000000000e+00
9.562025662286932626e-01 9.670096623449057072e-01 9.702748031020088648e-01 9.745322431404289665e-01 9.746678263858993274e-01 8.655686361082971514e-01 4.358940704849794678e-01
9.554390347547773166e-01 9.651805351543051303e-01 9.855882640968467445e-01 9.819724824351632186e-01 9.811163347134290724e-01 9.732174195533516148e-01 9.599619355223635297e-01
9.430791079887764772e-01 8.737386940921098022e-01 8.271818275382740726e-01 9.139475481686720748e-01 9.501305314884044284e-01 9.605911190372206088e-01 7.741073356727730115e-01
9.340616486642204785e-01 9.636353617711561625e-01 9.317194024227055671e-01 8.975841963803575796e-01 9.071230707495315793e-01 8.441949701779339899e-01 8.488272891301218426e-01
9.872862900612563442e-01 9.886985251676695396e-01 9.876611867719181648e-01 9.912871951388326774e-01 9.962425628131339472e-01 9.952748860993126945e-01 9.910090161205381554e-01
0.000000000000000000e+00 0.000000000000000000e+00 0.000000000000000000e+00 0.000000000000000000e+00 0.000000000000000000e+00 0.000000000000000000e+00 0.000000000000000000e+00
0.000000000000000000e+00 0.000000000000000000e+00 0.000000000000000000e+00 0.000000000000000000e+00 0.000000000000000000e+00 0.000000000000000000e+00 0.000000000000000000e+00
8.902958802736820054e-01 8.537791922336855910e-01 8.186114681769331991e-01 8.108022759619306630e-01 8.360243557359321454e-01 3.340015996980554291e-01 4.059416644504018068e-01
9.642208677776372694e-01 9.676875234675949011e-01 9.435410479020900354e-01 8.332781601057549503e-01 5.119296261509491686e-01 6.575129817267888477e-01 4.166813170729857796e-01
8.214537089461024788e-01 8.898988249922742400e-01 9.104781238587392744e-01 9.106439951511439146e-01 9.291949240878011329e-01 9.478655747450085434e-01 8.961606158443268244e-01
0.000000000000000000e+00 0.000000000000000000e+00 0.000000000000000000e+00 0.000000000000000000e+00 0.000000000000000000e+00 0.000000000000000000e+00 0.000000000000000000e+00
8.629095574269302071e-01 8.115132228537053072e-01 8.643033423362933565e-01 8.413177652694923125e-01 8.923067729196741960e-01 7.809942641937770436e-01 7.804023403693794991e-01
9.576588465706046271e-01 9.514860558153991343e-01 9.582456324840653572e-01 9.624566474588985843e-01 9.280528935034814131e-01 6.441698118758896197e-01 7.830364709230897002e-01
0.000000000000000000e+00 0.000000000000000000e+00 0.000000000000000000e+00 0.000000000000000000e+00 0.000000000000000000e+00 0.000000000000000000e+00 0.000000000000000000e+00
0.000000000000000000e+00 0.000000000000000000e+00 0.000000000000000000e+00 0.000000000000000000e+00 0.000000000000000000e+00 0.000000000000000000e+00 0.000000000000000000e+00
0.000000000000000000e+00 0.000000000000000000e+00 0.000000000000000000e+00 0.000000000000000000e+00 0.000000000000000000e+00 0.000000000000000000e+00 0.000000000000000000e+00
0.000000000000000000e+00 0.000000000000000000e+00 0.000000000000000000e+00 0.000000000000000000e+00 0.000000000000000000e+00 0.000000000000000000e+00 0.000000000000000000e+00
9.741162397709350884e-01 9.660344840090190344e-01 9.669593044277428051e-01 9.468364893306200347e-01 9.489361302054434288e-01 4.911889954895645172e-01 4.650899423533066956e-01
9.273464790266412461e-01 9.392501560765953439e-01 9.482554317965690149e-01 9.533130133489022828e-01 9.584393720926401850e-01 6.021060740342254469e-01 5.669964103260332067e-01
9.554441794654826570e-01 9.710288992707470923e-01 9.702521943043878050e-01 9.459072253693665555e-01 9.521869816776146189e-01 9.438135512722712894e-01 9.206466652398400674e-01
9.754242907592293177e-01 9.710121688058779288e-01 9.709911040489709322e-01 9.326205137026007952e-01 9.410252737235166309e-01 9.135591602540871214e-01 8.790104542212400229e-01
0.000000000000000000e+00 0.000000000000000000e+00 0.000000000000000000e+00 0.000000000000000000e+00 0.000000000000000000e+00 0.000000000000000000e+00 0.000000000000000000e+00
8.637130132203154620e-01 8.882126502370473187e-01 8.828711022554208698e-01 8.193653639434896885e-01 7.030441022011201246e-01 9.110774300748503141e-01 9.834064802464691502e-01
0.000000000000000000e+00 0.000000000000000000e+00 0.000000000000000000e+00 0.000000000000000000e+00 0.000000000000000000e+00 0.000000000000000000e+00 0.000000000000000000e+00
9.420795008983723351e-01 9.647049921483823454e-01 9.723512559247483589e-01 9.802984987286484930e-01 9.870190353842810405e-01 9.750190133605767251e-01 9.667086278598582272e-01
9.241050392118952406e-01 9.132182688309060659e-01 9.455892620255623715e-01 9.236036177524545865e-01 5.105953458171595960e-01 4.778120890617520433e-01 9.649943592461931452e-01
