2.405871001903497586e+01 7.558710019034975858e+00 3.330871001903497586e+01 4.530871001903497586e+01 2.308710019034975858e+00 3.345587100190349474e+02 4.080871001903497586e+01
5.902122400631867549e+00 3.591521224006318675e+02 3.474021224006318675e+02 3.354021224006318675e+02 3.414021224006318675e+02 3.524021224006318675e+02 3.536521224006318675e+02
2.826784044517194161e+01 1.976784044517194161e+01 4.267840445171941610e+00 3.490178404451719416e+02 3.517678404451719416e+02 3.951784044517194161e+01 3.976784044517194161e+01
2.868351160995774762e+01 2.618351160995774762e+01 2.493351160995774762e+01 2.643351160995774762e+01 2.743351160995774762e+01 1.193351160995774762e+01 4.433511609957747623e+00
2.750640431047588663e+01 2.475640431047588663e+01 2.275640431047588663e+01 2.975640431047588663e+01 4.525640431047588663e+01 3.507564043104758866e+02 3.440064043104758866e+02
1.393262588009110914e+01 1.193262588009110914e+01 7.182625880091109138e+00 4.182625880091109138e+00 4.326258800911091384e-01 3.511826258800911091e+02 1.443262588009110914e+01
3.349491844559941001e+01 3.124491844559941001e+01 2.599491844559941001e+01 2.749491844559941001e+01 5.249491844559941001e+01 4.074491844559941001e+01 3.824491844559941001e+01
4.153509035778404268e+01 4.128509035778404268e+01 4.028509035778404268e+01 2.853509035778404268e+01 3.565350903577840427e+02 1.303509035778404268e+01 3.453509035778404268e+01
0.000000000000000000e+00 0.000000000000000000e+00 0.000000000000000000e+00 0.000000000000000000e+00 0.000000000000000000e+00 0.000000000000000000e+00 0.000000000000000000e+00
3.215455683657347663e+01 2.615455683657347663e+01 1.815455683657347663e+01 1.565455683657347663e+01 1.840455683657347663e+01 1.740455683657347663e+01 2.065455683657347663e+01
4.484360535278585758e+01 4.509360535278585758e+01 4.184360535278585758e+01 3.484360535278585758e+01 3.548436053527858576e+02 1.659360535278585758e+01 5.209360535278585758e+01
3.713061385374021484e+01 2.113061385374021484e+01 2.013061385374021484e+01 3.483806138537402148e+02 3.581306138537402148e+02 2.131306138537402148e+02 3.021306138537402148e+02
4.211375582451330501e+01 4.286375582451330501e+01 3.961375582451330501e+01 4.863755824513305015e+00 3.266137558245133050e+02 3.386137558245133050e+02 3.463637558245133050e+02
0.000000000000000000e+00 0.000000000000000000e+00 0.000000000000000000e+00 0.000000000000000000e+00 0.000000000000000000e+00 0.000000000000000000e+00 0.000000000000000000e+00
3.295863132507266755e+02 3.283363132507266755e+02 3.393363132507266755e+02 3.008631325072667551e+01 4.783631325072667551e+01 8.336313250726675506e+00 3.320863132507266755e+02
0.000000000000000000e+00 0.000000000000000000e+00 0.000000000000000000e+00 0.000000000000000000e+00 0.000000000000000000e+00 0.000000000000000000e+00 0.000000000000000000e+00
0.000000000000000000e+00 0.000000000000000000e+00 0.000000000000000000e+00 0.000000000000000000e+00 0.000000000000000000e+00 0.000000000000000000e+00 0.000000000000000000e+00
0.000000000000000000e+00 0.000000000000000000e+00 0.000000000000000000e+00 0.000000000000000000e+00 0.000000000000000000e+00 0.000000000000000000e+00 0.000000000000000000e+00
0.000000000000000000e+00 0.000000000000000000e+00 0.000000000000000000e+00 0.000000000000000000e+00 0.000000000000000000e+00 0.000000000000000000e+00 0.000000000000000000e+00
0.000000000000000000e+00 0.000000000000000000e+00 0.000000000000000000e+00 0.000000000000000000e+00 0.000000000000000000e+00 0.000000000000000000e+00 0.000000000000000000e+00
2.729956785549109100e+01 2.879956785549109100e+01 3.804956785549109100e+01 3.479956785549109100e+01 1.054956785549109100e+01 3.454956785549109100e+01 2.254956785549109100e+01
1.112427872550671282e+01 1.287427872550671282e+01 1.612427872550671282e+01 1.637427872550671282e+01 1.787427872550671282e+01 2.948742787255067128e+02 3.416242787255067128e+02
1.375661321085959798e+01 1.506613210859597984e+00 3.392566132108595980e+02 3.337566132108595980e+02 3.375066132108595980e+02 3.405066132108595980e+02 3.545066132108595980e+02
6.048956513770519905e+00 1.029895651377051990e+01 1.354895651377051990e+01 1.004895651377051990e+01 3.572989565137705199e+02 3.562989565137705199e+02 9.298956513770519905e+00
3.594925382936214646e+02 3.517425382936214646e+02 6.992538293621464618e+00 2.149253829362146462e+01 5.474253829362146462e+01 6.374253829362146462e+01 2.049253829362146462e+01
3.586073439712003506e+02 3.528573439712003506e+02 3.256073439712003506e+02 3.311073439712003506e+02 3.466073439712003506e+02 2.135734397120035055e+01 2.107343971200350552e+00
3.463118197411992014e+02 3.488118197411992014e+02 3.468118197411992014e+02 3.460618197411992014e+02 3.483118197411992014e+02 3.520618197411992014e+02 3.580618197411992014e+02
0.000000000000000000e+00 0.000000000000000000e+00 0.000000000000000000e+00 0.000000000000000000e+00 0.000000000000000000e+00 0.000000000000000000e+00 0.000000000000000000e+00
3.599122318492082968e+02 2.662231849208296808e+00 3.912231849208296808e+00 7.162231849208296808e+00 3.409122318492082968e+02 2.526622318492082968e+02 1.781622318492082968e+02
1.281080029492863304e+01 3.550608002949286401e+02 3.190608002949286401e+02 2.980608002949286401e+02 3.138108002949286401e+02 6.156080029492864014e+01 4.956080029492864014e+01
0.000000000000000000e+00 0.000000000000000000e+00 0.000000000000000000e+00 0.000000000000000000e+00 0.000000000000000000e+00 0.000000000000000000e+00 0.000000000000000000e+00
3.599123028013800081e+02 3.556623028013800081e+02 3.466623028013800081e+02 2.751623028013800081e+02 1.409123028013800081e+02 1.381623028013800081e+02 3.081623028013800081e+02
0.000000000000000000e+00 0.000000000000000000e+00 0.000000000000000000e+00 0.000000000000000000e+00 0.000000000000000000e+00 0.000000000000000000e+00 0.000000000000000000e+00
2.504127656998610973e+01 3.104127656998610973e+01 5.704127656998610973e+01 4.079127656998610973e+01 2.829127656998610973e+01 3.379127656998610973e+01 1.179127656998610973e+01
5.689652952294323995e+00 6.189652952294323995e+00 3.521896529522942956e+02 3.354396529522942956e+02 3.471896529522942956e+02 3.429396529522942956e+02 2.543965295229432400e+01
5.363628816703129587e+01 3.938628816703129587e+01 2.063628816703129587e+01 1.238628816703128521e+01 6.636288167031285212e+00 1.788628816703128521e+01 5.963628816703129587e+01
3.464464776358860831e+02 3.546964776358860831e+02 3.549464776358860831e+02 3.526964776358860831e+02 3.576964776358860831e+02 6.696477635886068924e+00 3.574464776358860831e+02
0.000000000000000000e+00 0.000000000000000000e+00 0.000000000000000000e+00 0.000000000000000000e+00 0.000000000000000000e+00 0.000000000000000000e+00 0.000000000000000000e+00
8.556881927899951279e+00 3.488068819278999513e+02 3.310568819278999513e+02 3.193068819278999513e+02 3.323068819278999513e+02 3.105568819278999513e+02 3.565568819278999513e+02
1.444919903843072007e+00 3.546949199038430720e+02 5.144491990384307201e+01 3.294491990384307201e+01 3.364449199038430720e+02 3.516949199038430720e+02 3.574449199038430720e+02
3.528459745145721627e+02 8.459745145721910831e-01 1.009597451457219108e+01 7.095974514572191083e+00 3.395959745145721627e+02 3.238459745145721627e+02 3.543459745145721627e+02
8.362393195050401573e+00 3.586239319505040157e+01 5.011239319505040157e+01 5.336239319505040157e+01 4.661239319505040157e+01 3.136239319505040157e+01 3.453623931950504016e+02
7.430255454841358187e+00 1.193025545484135819e+01 9.430255454841358187e+00 5.430255454841358187e+00 1.568025545484135819e+01 4.018025545484135819e+01 3.136802554548413582e+02
3.488866023359790915e+02 3.393866023359790915e+02 3.263866023359790915e+02 3.223866023359790915e+02 3.503866023359790915e+02 3.596366023359790915e+02 3.463866023359790915e+02
0.000000000000000000e+00 0.000000000000000000e+00 0.000000000000000000e+00 0.000000000000000000e+00 0.000000000000000000e+00 0.000000000000000000e+00 0.000000000000000000e+00
1.659390835820607890e+01 3.573439083582060789e+02 3.275939083582060789e+02 3.163439083582060789e+02 3.445939083582060789e+02 6.134390835820607890e+01 4.359390835820607890e+01
0.000000000000000000e+00 0.000000000000000000e+00 0.000000000000000000e+00 0.000000000000000000e+00 0.000000000000000000e+00 0.000000000000000000e+00 0.000000000000000000e+00
0.000000000000000000e+00 0.000000000000000000e+00 0.000000000000000000e+00 0.000000000000000000e+00 0.000000000000000000e+00 0.000000000000000000e+00 0.000000000000000000e+00
0.000000000000000000e+00 0.000000000000000000e+00 0.000000000000000000e+00 0.000000000000000000e+00 0.000000000000000000e+00 0.000000000000000000e+00 0.000000000000000000e+00
0.000000000000000000e+00 0.000000000000000000e+00 0.000000000000000000e+00 0.000000000000000000e+00 0.000000000000000000e+00 0.000000000000000000e+00 0.000000000000000000e+00
0.000000000000000000e+00 0.000000000000000000e+00 0.000000000000000000e+00 0.000000000000000000e+00 0.000000000000000000e+00 0.000000000000000000e+00 0.000000000000000000e+00
0.000000000000000000e+00 0.000000000000000000e+00 0.000000000000000000e+00 0.000000000000000000e+00 0.000000000000000000e+00 0.000000000000000000e+00 0.000000000000000000e+00
0.000000000000000000e+00 0.000000000000000000e+00 0.000000000000000000e+00 0.000000000000000000e+00 0.000000000000000000e+00 0.000000000000000000e+00 0.000000000000000000e+00
0.000000000000000000e+00 0.000000000000000000e+00 0.000000000000000000e+00 0.000000000000000000e+00 0.000000000000000000e+00 0.000000000000000000e+00 0.000000000000000000e+00
0.000000000000000000e+00 0.000000000000000000e+00 0.000000000000000000e+00 0.000000000000000000e+00 0.000000000000000000e+00 0.000000000000000000e+00 0.000000000000000000e+00
0.000000000000000000e+00 0.000000000000000000e+00 0.000000000000000000e+00 0.000000000000000000e+00 0.000000000000000000e+00 0.000000000000000000e+00 0.000000000000000000e+00
0.000000000000000000e+00 0.000000000000000000e+00 0.000000000000000000e+00 0.000000000000000000e+00 0.000000000000000000e+00 0.000000000000000000e+00 0.000000000000000000e+00
0.000000000000000000e+00 0.000000000000000000e+00 0.000000000000000000e+00 0.000000000000000000e+00 0.000000000000000000e+00 0.000000000000000000e+00 0.000000000000000000e+00
0.000000000000000000e+00 0.000000000000000000e+00 0.000000000000000000e+00 0.000000000000000000e+00 0.000000000000000000e+00 0.000000000000000000e+00 0.000000000000000000e+00
0.000000000000000000e+00 0.000000000000000000e+00 0.000000000000000000e+00 0.000000000000000000e+00 0.000000000000000000e+00 0.000000000000000000e+00 0.000000000000000000e+00
0.000000000000000000e+00 0.000000000000000000e+00 0.000000000000000000e+00 0.000000000000000000e+00 0.000000000000000000e+00 0.000000000000000000e+00 0.000000000000000000e+00
0.000000000000000000e+00 0.000000000000000000e+00 0.000000000000000000e+00 0.000000000000000000e+00 0.000000000000000000e+00 0.000000000000000000e+00 0.000000000000000000e+00
0.000000000000000000e+00 0.000000000000000000e+00 0.000000000000000000e+00 0.000000000000000000e+00 0.000000000000000000e+00 0.000000000000000000e+00 0.000000000000000000e+00
0.000000000000000000e+00 0.000000000000000000e+00 0.000000000000000000e+00 0.000000000000000000e+00 0.000000000000000000e+00 0.000000000000000000e+00 0.000000000000000000e+00
0.000000000000000000e+00 0.000000000000000000e+00 0.000000000000000000e+00 0.000000000000000000e+00 0.000000000000000000e+00 0.000000000000000000e+00 0.000000000000000000e+00
0.000000000000000000e+00 0.000000000000000000e+00 0.000000000000000000e+00 0.000000000000000000e+00 0.000000000000000000e+00 0.000000000000000000e+00 0.000000000000000000e+00
0.000000000000000000e+00 0.000000000000000000e+00 0.000000000000000000e+00 0.000000000000000000e+00 0.000000000000000000e+00 0.000000000000000000e+00 0.000000000000000000e+00
0.000000000000000000e+00 0.000000000000000000e+00 0.000000000000000000e+00 0.000000000000000000e+00 0.000000000000000000e+00 0.000000000000000000e+00 0.000000000000000000e+00
