8.314537131209281950e-01 8.940600704236624230e-01 9.545769376817770935e-01 9.449705820635848630e-01 9.382638006725234625e-01 9.456643862100090336e-01 8.480889282326236067e-01
9.844262642072200142e-01 9.861869373245415460e-01 9.863045965879162491e-01 9.816538248936510502e-01 9.769436151817494363e-01 9.665484054616386711e-01 9.355543425515754352e-01
0.000000000000000000e+00 0.000000000000000000e+00 0.000000000000000000e+00 0.000000000000000000e+00 0.000000000000000000e+00 0.000000000000000000e+00 0.000000000000000000e+00
0.000000000000000000e+00 0.000000000000000000e+00 0.000000000000000000e+00 0.000000000000000000e+00 0.000000000000000000e+00 0.000000000000000000e+00 0.000000000000000000e+00
4.884071216282983019e-01 2.668219153066738736e-01 3.191967511997605422e-01 5.148448647163694769e-01 7.929952323229534361e-01 9.143173620003075541e-01 5.516168399678967882e-01
0.000000000000000000e+00 0.000000000000000000e+00 0.000000000000000000e+00 0.000000000000000000e+00 0.000000000000000000e+00 0.000000000000000000e+00 0.000000000000000000e+00
8.558496046470136509e-01 8.401341137201874254e-01 8.571514931993151620e-01 8.633921652406106872e-01 7.984716719659854522e-01 7.704550113200083761e-01 7.703032779489301651e-01
7.289168312215450474e-01 8.914202469016427877e-01 8.382961611473808139e-01 8.390263668129289698e-01 9.422134260127826844e-01 9.465133353894592538e-01 5.730397754968117319e-01
0.000000000000000000e+00 0.000000000000000000e+00 0.000000000000000000e+00 0.000000000000000000e+00 0.000000000000000000e+00 0.000000000000000000e+00 0.000000000000000000e+00
0.000000000000000000e+00 0.000000000000000000e+00 0.000000000000000000e+00 0.000000000000000000e+00 0.000000000000000000e+00 0.000000000000000000e+00 0.000000000000000000e+00
5.906873725303298794e-01 6.655445210069423911e-01 7.151658486487201261e-01 6.936632249066415623e-01 6.493032180546073340e-01 6.581823945012511556e-01 2.511650379363789543e-01
9.264751406033513437e-01 9.445179017867748605e-01 6.577860761321613348e-01 5.582760032714012555e-01 6.332004962434307771e-01 7.812591999700159162e-01 7.986798861725791232e-01
7.735481608208258919e-01 8.621490504094379004e-01 9.140387524364832483e-01 9.212805810741288015e-01 9.362957984263854394e-01 9.056943475601845206e-01 8.031245267618848382e-01
9.279736699877632056e-01 9.495002047332498085e-01 9.708985659566053972e-01 9.804862667345879412e-01 9.832487861327185996e-01 9.746831572193608295e-01 9.835341398884352992e-01
9.619877365696339888e-01 9.637584834150892954e-01 9.600844702561475152e-01 9.529896143206366688e-01 9.491115025393462856e-01 9.334978882412381385e-01 9.574635663262294205e-01
0.000000000000000000e+00 0.000000000000000000e+00 0.000000000000000000e+00 0.000000000000000000e+00 0.000000000000000000e+00 0.000000000000000000e+00 0.000000000000000000e+00
0.000000000000000000e+00 0.000000000000000000e+00 0.000000000000000000e+00 0.000000000000000000e+00 0.000000000000000000e+00 0.000000000000000000e+00 0.000000000000000000e+00
8.978280675984087189e-01 9.287000576720733092e-01 9.352253287611987931e-01 9.109888097044620547e-01 8.298983258988815725e-01 7.660227283712524038e-01 5.511064810678214521e-01
9.816794756584585890e-01 9.796758312526713253e-01 9.825187933668029228e-01 9.809087585643080365e-01 9.501019860000288197e-01 7.607283745070243519e-01 4.368699796056330631e-01
0.000000000000000000e+00 0.000000000000000000e+00 0.000000000000000000e+00 0.000000000000000000e+00 0.000000000000000000e+00 0.000000000000000000e+00 0.000000000000000000e+00
0.000000000000000000e+00 0.000000000000000000e+00 0.000000000000000000e+00 0.000000000000000000e+00 0.000000000000000000e+00 0.000000000000000000e+00 0.000000000000000000e+00
8.337232441556549078e-01 9.006665943782157235e-01 9.369987981430121238e-01 9.496658254198145910e-01 9.529610201648600620e-01 8.553663699661245845e-01 5.120603040754937441e-01
8.659154155364875427e-01 9.083370363446580109e-01 8.061967121060223951e-01 8.716958454991179384e-01 5.902134367091710354e-01 5.431503745041990072e-01 8.334003245335475096e-01
0.000000000000000000e+00 0.000000000000000000e+00 0.000000000000000000e+00 0.000000000000000000e+00 0.000000000000000000e+00 0.000000000000000000e+00 0.000000000000000000e+00
9.007554162830764266e-01 9.018110960031595624e-01 8.849085344532913178e-01 5.510624225029531198e-01 4.138296207336398802e-01 2.090997915212576830e-01 8.752402881489462771e-02
9.851311721968203372e-01 9.717947592753594099e-01 9.744138715628906100e-01 9.802771861385448648e-01 9.773796832601595597e-01 8.725251278103807184e-01 6.476469346077128320e-01
0.000000000000000000e+00 0.000000000000000000e+00 0.000000000000000000e+00 0.000000000000000000e+00 0.000000000000000000e+00 0.000000000000000000e+00 0.000000000000000000e+00
0.000000000000000000e+00 0.000000000000000000e+00 0.000000000000000000e+00 0.000000000000000000e+00 0.000000000000000000e+00 0.000000000000000000e+00 0.000000000000000000e+00
8.881909081354295576e-01 9.125691229541400551e-01 8.896912579135241028e-01 9.135864914051190500e-01 3.739021134674130886e-01 4.815218267397783358e-01 3.584185219757725638e-01
8.515544947475464088e-01 7.115686299723222863e-01 8.884787564626499545e-01 7.379293930002592816e-01 7.326626172494590250e-01 8.491887651793709191e-01 9.331824197203243410e-01
0.000000000000000000e+00 0.000000000000000000e+00 0.000000000000000000e+00 0.000000000000000000e+00 0.000000000000000000e+00 0.000000000000000000e+00 0.000000000000000000e+00
6.462654596621111303e-01 7.531954664111492059e-01 4.115388097643008503e-01 3.172033072573526291e-01 4.776896883327639287e-01 4.792432461451080483e-01 8.940694240721900332e-01
0.000000000000000000e+00 0.000000000000000000e+00 0.000000000000000000e+00 0.000000000000000000e+00 0.000000000000000000e+00 0.000000000000000000e+00 0.000000000000000000e+00
8.932243859721643586e-01 9.393338689437745748e-01 9.355268328225337937e-01 9.336250088882935838e-01 9.484226565813347332e-01 8.254233694628541063e-01 7.004326796953622702e-01
8.787692487265064134e-01 8.983534535847228497e-01 9.495982650867420549e-01 9.095903384913454071e-01 9.321232672035345557e-01 9.388342017526221106e-01 9.707936616714606393e-01
9.332920908969928320e-01 9.577276654906713427e-01 9.710071080626653250e-01 9.611075998819662569e-01 9.278087424355815349e-01 8.922432216113488357e-01 7.014756468898760700e-01
9.879474146317123173e-01 9.860682628404766614e-01 9.869750279463674891e-01 9.904028661444000958e-01 9.935530057204337018e-01 9.844708701493434244e-01 8.551556191577662780e-01
8.752156534831903034e-01 9.435554874850957674e-01 9.668488955946077379e-01 9.517309476266143653e-01 9.405947035140572732e-01 9.727478823478735714e-01 9.404188205934435052e-01
9.230370696456745572e-01 9.301010508054674553e-01 9.027726892835348238e-01 9.244230377520249453e-01 9.134461982691735038e-01 9.269006602326850253e-01 7.648951627021287614e-01
0.000000000000000000e+00 0.000000000000000000e+00 0.000000000000000000e+00 0.000000000000000000e+00 0.000000000000000000e+00 0.000000000000000000e+00 0.000000000000000000e+00
9.829325338098439113e-01 9.822830366974101279e-01 9.808391613301927769e-01 9.730276062258694791e-01 9.731529390573195881e-01 9.295057192101738863e-01 9.341088607195702220e-01
0.000000000000000000e+00 0.000000000000000000e+00 0.000000000000000000e+00 0.000000000000000000e+00 0.000000000000000000e+00 0.000000000000000000e+00 0.000000000000000000e+00
0.000000000000000000e+00 0.000000000000000000e+00 0.000000000000000000e+00 0.000000000000000000e+00 0.000000000000000000e+00 0.000000000000000000e+00 0.000000000000000000e+00
6.896200794598073003e-01 6.770587561068591720e-01 6.262358771426822512e-01 5.126445434836384152e-01 5.330924036415655154e-01 8.708792650370187349e-01 9.199432666323931196e-01
9.551212814686953489e-01 9.738748623143563821e-01 9.881639161955195760e-01 9.802011229242985069e-01 9.785508880320771263e-01 8.827772397220050582e-01 9.430176208211996647e-01
9.166848071663831199e-01 9.383127961465383970e-01 9.405876202848361123e-01 9.513323522001083665e-01 9.026706978090797140e-01 7.165572145537165705e-01 6.284758728053841947e-01
5.763684820523969909e-01 3.985660993209210190e-01 3.322718713684824632e-01 5.265635638462369261e-01 4.393054768851708536e-01 3.080029001159396707e-01 6.004130472186219869e-01
6.704344378671127647e-01 6.621854560214397445e-01 5.598879328730919092e-01 5.859909542578174424e-01 3.892461798986115995e-01 3.926878342613768225e-01 6.938466611324006772e-01
9.366385057003565606e-01 9.392888080289850672e-01 9.312013378026481325e-01 9.429472135998393512e-01 9.640840878950361903e-01 9.510095053543198285e-01 9.305310377489786067e-01
0.000000000000000000e+00 0.000000000000000000e+00 0.000000000000000000e+00 0.000000000000000000e+00 0.000000000000000000e+00 0.000000000000000000e+00 0.000000000000000000e+00
9.080731561405051000e-01 9.115940232907475682e-01 9.676890070533421540e-01 9.770719286225167943e-01 9.722359349205071943e-01 9.696866069979144243e-01 8.693018933936955683e-01
8.162801115561274523e-01 8.477297694845310483e-01 8.597608207348272913e-01 8.755329864524292738e-01 9.332777901793432029e-01 9.230266052494484619e-01 9.343251491471260550e-01
9.065612872954855739e-01 8.907805752558144441e-01 7.558602130088215576e-01 7.180146642143756530e-01 9.372327987527676596e-01 9.401169853019892830e-01 6.801856192610389318e-01
9.576785626720050182e-01 9.623424054388457494e-01 9.685949636889873426e-01 9.374013958101869992e-01 8.824062153937682895e-01 9.565627830557374978e-01 9.788112263929146240e-01
9.844020710565202226e-01 9.839787384660683145e-01 9.875431824420534133e-01 9.826703656792344921e-01 9.434230043269982158e-01 8.366214286766400221e-01 8.144693534974858373e-01
9.513649302866553636e-01 9.564531098788119357e-01 9.515331133993391033e-01 9.393657660977483559e-01 9.369211392935757887e-01 8.263173790074131997e-01 6.723140762233148493e-01
9.664575895914809811e-01 9.742415473323202679e-01 9.858668023578173178e-01 9.927642769987806703e-01 9.937047933048704929e-01 9.923339852530789207e-01 9.874479946948548914e-01
9.664925813178829594e-01 9.742295902604388713e-01 9.858607121529299189e-01 9.927508921928552832e-01 9.936422598223206837e-01 9.923265397054262804e-01 9.872666059305714725e-01
0.000000000000000000e+00 0.000000000000000000e+00 0.000000000000000000e+00 0.000000000000000000e+00 0.000000000000000000e+00 0.000000000000000000e+00 0.000000000000000000e+00
9.678641686964899460e-01 9.639274248423356228e-01 9.289762366198989207e-01 7.376459792338636579e-01 7.345791556318886917e-01 7.216111854420778071e-01 3.424796992811331986e-01
0.000000000000000000e+00 0.000000000000000000e+00 0.000000000000000000e+00 0.000000000000000000e+00 0.000000000000000000e+00 0.000000000000000000e+00 0.000000000000000000e+00
9.713835173058152916e-01 9.845778368855345741e-01 9.777400171606448476e-01 9.695611794988103771e-01 9.796670568792508194e-01 9.246185403932551949e-01 8.921642491386265750e-01
0.000000000000000000e+00 0.000000000000000000e+00 0.000000000000000000e+00 0.000000000000000000e+00 0.000000000000000000e+00 0.000000000000000000e+00 0.000000000000000000e+00
8.150165046711707051e-01 7.520952030542786826e-01 6.959023626040953259e-01 7.868190636498971768e-01 7.454526132518842774e-01 3.601228429883260862e-01 1.005816404967310451e-01
0.000000000000000000e+00 0.000000000000000000e+00 0.000000000000000000e+00 0.000000000000000000e+00 0.000000000000000000e+00 0.000000000000000000e+00 0.000000000000000000e+00
0.000000000000000000e+00 0.000000000000000000e+00 0.000000000000000000e+00 0.000000000000000000e+00 0.000000000000000000e+00 0.000000000000000000e+00 0.000000000000000000e+00
9.607202590729068126e-01 9.634833681782276615e-01 9.663807704786068209e-01 9.585998097781182059e-01 8.569539501093985656e-01 3.174346273342260605e-01 5.036386448505691948e-01
5.311949546521237409e-01 5.926904320046053609e-01 5.932205024711780794e-01 7.493347357019947141e-01 6.011994294128059080e-01 2.873420188805210218e-01 3.130437641783205271e-01
8.826062324707371065e-01 8.366791950563279290e-01 7.507682717064682043e-01 7.161051575233084998e-01 7.639246067578229216e-01 6.773958315871051461e-01 3.622747936784410649e-01
0.000000000000000000e+00 0.000000000000000000e+00 0.000000000000000000e+00 0.000000000000000000e+00 0.000000000000000000e+00 0.000000000000000000e+00 0.000000000000000000e+00
8.876861227647494523e-01 8.770768597674830636e-01 8.740416092443582530e-01 8.310379131904778172e-01 7.288235032393391988e-01 2.614503881093180881e-01 1.799653426180309046e-01
0.000000000000000000e+00 0.000000000000000000e+00 0.000000000000000000e+00 0.000000000000000000e+00 0.000000000000000000e+00 0.000000000000000000e+00 0.000000000000000000e+00
0.000000000000000000e+00 0.000000000000000000e+00 0.000000000000000000e+00 0.000000000000000000e+00 0.000000000000000000e+00 0.000000000000000000e+00 0.000000000000000000e+00
6.347451854371395363e-01 8.114837717301867093e-01 8.956428112097228889e-01 9.362844366095309789e-01 8.491921253483620813e-01 4.721006260117817099e-01 1.830851111207713044e-01
0.000000000000000000e+00 0.000000000000000000e+00 0.000000000000000000e+00 0.000000000000000000e+00 0.000000000000000000e+00 0.000000000000000000e+00 0.000000000000000000e+00
9.068429961832306097e-01 9.020532957137793462e-01 9.120150726833988752e-01 8.893722890727381314e-01 6.855765951367356337e-01 4.800283669952191690e-01 2.590013327324310333e-01
6.527642277053989917e-01 6.229103631099104366e-01 6.400738973445484481e-01 7.208925731544054694e-01 5.502470255600100391e-01 4.836481906453956592e-01 3.257350397641878836e-01
6.887519405168788245e-01 6.117748555138727840e-01 6.844111068709857193e-01 7.574952674650249351e-01 6.103188468682748669e-01 6.382002361204841545e-01 6.039663503597794136e-01
8.310260913463876076e-01 8.372652001050931991e-01 8.232248947406912709e-01 7.574166357797988969e-01 5.354402174955537053e-01 2.798972407089063141e-01 2.897387043125782546e-01
9.167434302408317137e-01 8.205435283251143463e-01 6.985061855223803073e-01 7.356793139833796014e-01 7.209670274163734183e-01 5.495682201899100283e-01 4.918060084861127779e-01
0.000000000000000000e+00 0.000000000000000000e+00 0.000000000000000000e+00 0.000000000000000000e+00 0.000000000000000000e+00 0.000000000000000000e+00 0.000000000000000000e+00
9.201457050805469384e-01 9.418392599061630177e-01 9.566858799518268563e-01 9.675177299470341108e-01 9.744245541239300312e-01 9.678091769392778154e-01 9.662705119744154914e-01
9.645598260988703654e-01 9.388628751835795816e-01 8.587805757592270606e-01 7.796954393676805983e-01 5.297687899419700752e-01 4.118876525532448318e-01 2.736935601492176406e-01
9.626573004481620011e-01 9.338995485088705806e-01 9.534047548062590804e-01 9.723321571761616156e-01 9.867715587886350947e-01 9.743534727705357446e-01 6.600473760656108135e-01
7.803216401723961360e-01 7.428011322704988206e-01 8.169768764137043116e-01 9.513987421736180838e-01 8.587656600177452360e-01 8.855134636825398031e-01 9.645795921993907118e-01
9.415399860049894487e-01 9.409719954557108634e-01 9.466779978390829076e-01 9.291403786542368204e-01 9.229498946050833652e-01 8.732268205018574037e-01 4.705947614288303327e-01
9.414611244379134103e-01 9.454304736344105731e-01 9.462788456266372217e-01 9.283283096039018911e-01 9.219202194680425899e-01 8.722256062452380387e-01 4.660994517438322160e-01
9.256183720355987132e-01 9.278026419727374297e-01 8.994508183422985637e-01 9.484870533952080018e-01 9.590822124392386350e-01 9.703128564789065269e-01 9.385308409858231782e-01
0.000000000000000000e+00 0.000000000000000000e+00 0.000000000000000000e+00 0.000000000000000000e+00 0.000000000000000000e+00 0.000000000000000000e+00 0.000000000000000000e+00
0.000000000000000000e+00 0.000000000000000000e+00 0.000000000000000000e+00 0.000000000000000000e+00 0.000000000000000000e+00 0.000000000000000000e+00 0.000000000000000000e+00
0.000000000000000000e+00 0.000000000000000000e+00 0.000000000000000000e+00 0.000000000000000000e+00 0.000000000000000000e+00 0.000000000000000000e+00 0.000000000000000000e+00
7.542526640218670808e-01 6.714417192205521800e-01 4.619322321047487079e-01 4.505119120328878179e-01 4.538275130653511291e-01 1.399992394676197460e-01 7.898815612827575494e-02
7.385488123160344198e-01 7.250161203760481232e-01 3.971761998381221903e-01 3.285670491901760415e-01 1.890763080811207197e-01 2.974285850950375565e-01 5.797634264584764496e-01
9.038017050903626171e-01 9.307142822476665023e-01 9.051194541640660285e-01 9.288537453839048608e-01 9.554424674277436358e-01 9.009203614178072916e-01 8.555732494959129575e-01
0.000000000000000000e+00 0.000000000000000000e+00 0.000000000000000000e+00 0.000000000000000000e+00 0.000000000000000000e+00 0.000000000000000000e+00 0.000000000000000000e+00
9.509912137175587921e-01 9.736886533805517718e-01 9.797077696707118255e-01 9.745491758582416342e-01 9.610651392486309064e-01 9.362119911136439487e-01 8.779556948562771135e-01
4.219256164900615502e-01 6.107073055526884842e-01 7.437616061419776159e-01 8.515761409975369789e-01 8.873394011830176842e-01 8.407181867599080594e-01 8.382019012081707299e-01
7.775511399609984498e-01 6.587916867466144799e-01 6.749697553006326345e-01 5.573530587858136487e-01 5.732997237875701035e-01 7.997216378354233823e-01 9.246350010763544347e-01
9.321673953033841054e-01 9.106466509910819962e-01 9.341171941389544431e-01 9.454781622674304220e-01 9.178945346226701218e-01 9.120819870258595197e-01 9.378572497366101102e-01
9.104345199308884196e-01 7.335257792415355027e-01 6.540764527868799805e-01 7.542309047007841327e-01 7.442852628651204228e-01 7.905936921959136887e-01 9.673914041976652278e-01
9.224414594585957916e-01 7.503042706934978101e-01 6.606957345725535946e-01 8.199360512094684417e-01 8.681688551146787836e-01 8.434736310238739598e-01 9.709156374085256003e-01
9.306495983841694963e-01 7.547552919190914089e-01 7.807171518957819467e-01 6.963161394585763997e-01 7.318371884657477455e-01 8.036042894121092628e-01 9.015527932154639990e-01
9.129206726668047667e-01 9.313294559191654942e-01 9.533398124984183708e-01 9.520347980372886321e-01 9.379214864399481044e-01 9.176979276227998916e-01 9.372355228876414479e-01
9.073223229829416869e-01 9.287670524146446338e-01 9.539739321700858588e-01 9.772659123826312744e-01 9.864562426366300096e-01 9.456543097351718385e-01 7.502617958476593962e-01
8.320913008497852204e-01 8.336553888664304246e-01 9.012183973404098714e-01 8.667330640424308896e-01 9.011017141976999101e-01 8.740425771329726201e-01 9.236731366801171905e-01
0.000000000000000000e+00 0.000000000000000000e+00 0.000000000000000000e+00 0.000000000000000000e+00 0.000000000000000000e+00 0.000000000000000000e+00 0.000000000000000000e+00
9.064599804651601866e-01 8.913177181604395871e-01 8.795967415703481729e-01 7.269791665378125822e-01 2.399029499542005284e-01 2.572796247551528137e-01 4.952934654041920015e-01
9.013050583054745823e-01 8.543825208882122046e-01 7.938371364807701447e-01 5.315018911754949560e-01 5.652652956660142447e-01 6.011673206643046719e-01 5.721781234889751211e-01
9.607474277905494464e-01 9.808693573496485296e-01 9.867022411824585282e-01 9.871967628596959310e-01 8.847280050031992582e-01 6.675839067270021854e-01 5.289646600385736752e-01
7.540803632481319907e-01 8.157425600872385552e-01 8.130874019971894295e-01 8.362072966150417841e-01 8.684548381488833568e-01 8.748520916612012588e-01 9.279681997820642403e-01
2.765620437559258571e-01 6.069269754189164923e-01 4.147912355514873362e-01 5.225978630871150887e-01 7.911754365046951287e-01 8.381225482519955028e-01 6.997560843315739909e-01
0.000000000000000000e+00 0.000000000000000000e+00 0.000000000000000000e+00 0.000000000000000000e+00 0.000000000000000000e+00 0.000000000000000000e+00 0.000000000000000000e+00
0.000000000000000000e+00 0.000000000000000000e+00 0.000000000000000000e+00 0.000000000000000000e+00 0.000000000000000000e+00 0.000000000000000000e+00 0.000000000000000000e+00
7.375824027912526448e-01 7.966938890948739305e-01 8.586392785151537588e-01 8.692816422258791142e-01 8.995086185042642235e-01 9.249520888467492874e-01 7.259985836309340579e-01
0.000000000000000000e+00 0.000000000000000000e+00 0.000000000000000000e+00 0.000000000000000000e+00 0.000000000000000000e+00 0.000000000000000000e+00 0.000000000000000000e+00
8.618036185778130687e-01 7.857690332052236215e-01 6.682890615698789949e-01 7.864178276658231326e-01 8.960463443334656386e-01 8.842984649628181648e-01 7.576610771774113795e-01
8.556829618282119077e-01 7.214802653498003648e-01 5.790648615644550246e-01 8.625082326602401261e-01 5.701444511890634281e-01 6.236429190419776614e-01 5.783827597562856138e-01
9.770492409458306771e-01 9.786263928022288505e-01 9.795962973712629696e-01 9.745559582471822191e-01 7.251103963216197767e-01 4.677065951310631631e-01 5.143928456443791486e-01
0.000000000000000000e+00 0.000000000000000000e+00 0.000000000000000000e+00 0.000000000000000000e+00 0.000000000000000000e+00 0.000000000000000000e+00 0.000000000000000000e+00
9.843221380218094563e-01 9.749840118271526634e-01 9.734825742988099107e-01 9.800289968548809849e-01 9.687193303646519649e-01 8.775228593632543594e-01 8.663605567657387541e-01
5.583649566689072863e-01 5.938336259670863315e-01 5.204778846808367776e-01 3.350531367249167114e-01 2.516382489719360960e-01 8.670352222294881728e-02 3.947091003905880413e-01
8.470337434028154533e-01 7.973488844975813450e-01 8.001205701891942468e-01 8.370078145860430086e-01 8.887306218378583367e-01 8.512143621124319548e-01 6.921074977599497302e-01
9.476681494731341582e-01 9.261546792692745278e-01 8.648521524957225592e-01 8.549278606520693824e-01 6.770158936654248061e-01 7.692057948375385923e-01 9.717627192885738285e-01
9.847569308855558257e-01 9.859494270313161612e-01 9.767367317241542057e-01 8.773181218728145492e-01 8.744816861176625267e-01 8.260725806643823832e-01 5.442144685499165080e-01
9.585447745646198392e-01 9.584358456247594749e-01 9.464570817213248111e-01 9.295203408388582611e-01 9.264288352300429352e-01 8.813250268366191742e-01 5.841425428735240732e-01
8.863250806036029328e-01 9.327331718926424875e-01 9.762693872115194571e-01 9.868061847614112425e-01 9.886687136247094276e-01 9.758220557303323162e-01 8.749716075318236808e-01
8.130669648873711797e-01 8.908163272736058236e-01 8.853312421729622184e-01 8.333006495408433745e-01 9.542331155297478773e-01 8.645413791912639478e-01 5.399346156303959088e-01
9.277148055221167144e-01 9.187819524849085706e-01 8.564537578297410914e-01 9.041723769101469577e-01 9.605537987946577427e-01 8.657086117819636772e-01 5.885630030342032804e-01
9.227268259208806223e-01 8.231389419330696899e-01 6.145199069878350961e-01 7.713849933278391635e-01 9.470877164180734331e-01 9.799330806233989000e-01 9.765298183390487274e-01
9.180904056821351800e-01 9.029378494046080839e-01 9.126875355812344992e-01 9.428705603456428719e-01 9.533840605657223355e-01 9.462044726443062936e-01 9.209811699629780746e-01
7.757298807273118602e-01 7.884878583134097285e-01 8.745277165027610655e-01 9.333024772434108662e-01 9.670235952859377315e-01 9.739731842465422229e-01 9.676647776247188082e-01
9.143687903941106754e-01 8.654022478164821175e-01 8.336980038704765450e-01 8.829245209371031633e-01 9.232738165726629420e-01 7.822788842593784153e-01 3.288811129876264006e-01
8.980003991246776618e-01 8.440274688114379753e-01 8.786161308114818214e-01 6.679653892712923424e-01 5.986151611049095322e-01 5.807765717044394149e-01 3.471905985649746396e-01
8.971150373148019108e-01 8.541844098766240290e-01 8.807232934748250308e-01 9.161882950784688839e-01 7.823416981154928118e-01 5.565943950375473737e-01 7.777585061933899313e-01
8.807050626653398773e-01 8.393603385751320367e-01 8.255854918862240988e-01 8.906005749882044409e-01 9.470851295942520620e-01 9.229901929982670117e-01 8.987216742762293986e-01
0.000000000000000000e+00 0.000000000000000000e+00 0.000000000000000000e+00 0.000000000000000000e+00 0.000000000000000000e+00 0.000000000000000000e+00 0.000000000000000000e+00
8.043928984238203350e-01 8.521460548046314587e-01 8.042911089003814684e-01 6.647236098621213118e-01 6.547896357073473839e-01 7.798355865705772771e-01 5.567835420748323827e-01
7.796925043048544834e-01 8.506894344006745712e-01 7.357294701356013045e-01 5.231393684829559465e-01 7.025203285133143627e-01 7.978094377798221615e-01 7.731496988880068866e-01
8.989242961528544074e-01 8.607353042232809281e-01 8.910709099470056627e-01 8.858431883146956620e-01 9.139700959507290889e-01 7.528501189292983176e-01 4.365932042210386999e-01
0.000000000000000000e+00 0.000000000000000000e+00 0.000000000000000000e+00 0.000000000000000000e+00 0.000000000000000000e+00 0.000000000000000000e+00 0.000000000000000000e+00
9.575212821744960578e-01 9.778618150306824797e-01 9.862820518388827340e-01 9.903046428338767582e-01 9.879101830968796127e-01 9.808309724287884723e-01 8.257669331994157425e-01
0.000000000000000000e+00 0.000000000000000000e+00 0.000000000000000000e+00 0.000000000000000000e+00 0.000000000000000000e+00 0.000000000000000000e+00 0.000000000000000000e+00
8.775845909034464265e-01 5.286454769398145626e-01 3.780293764210803653e-01 3.235308867666186194e-01 3.368529764176705910e-01 4.003876018227066624e-01 8.905915917959938977e-01
9.790892094205546625e-01 9.698264431313261547e-01 9.479918433101394148e-01 9.071967742033474336e-01 4.222830338846751963e-01 2.172276649591111941e-01 3.344837087072066728e-01
0.000000000000000000e+00 0.000000000000000000e+00 0.000000000000000000e+00 0.000000000000000000e+00 0.000000000000000000e+00 0.000000000000000000e+00 0.000000000000000000e+00
0.000000000000000000e+00 0.000000000000000000e+00 0.000000000000000000e+00 0.000000000000000000e+00 0.000000000000000000e+00 0.000000000000000000e+00 0.000000000000000000e+00
0.000000000000000000e+00 0.000000000000000000e+00 0.000000000000000000e+00 0.000000000000000000e+00 0.000000000000000000e+00 0.000000000000000000e+00 0.000000000000000000e+00
0.000000000000000000e+00 0.000000000000000000e+00 0.000000000000000000e+00 0.000000000000000000e+00 0.000000000000000000e+00 0.000000000000000000e+00 0.000000000000000000e+00
0.000000000000000000e+00 0.000000000000000000e+00 0.000000000000000000e+00 0.000000000000000000e+00 0.000000000000000000e+00 0.000000000000000000e+00 0.000000000000000000e+00
0.000000000000000000e+00 0.000000000000000000e+00 0.000000000000000000e+00 0.000000000000000000e+00 0.000000000000000000e+00 0.000000000000000000e+00 0.000000000000000000e+00
0.000000000000000000e+00 0.000000000000000000e+00 0.000000000000000000e+00 0.000000000000000000e+00 0.000000000000000000e+00 0.000000000000000000e+00 0.000000000000000000e+00
0.000000000000000000e+00 0.000000000000000000e+00 0.000000000000000000e+00 0.000000000000000000e+00 0.000000000000000000e+00 0.000000000000000000e+00 0.000000000000000000e+00
0.000000000000000000e+00 0.000000000000000000e+00 0.000000000000000000e+00 0.000000000000000000e+00 0.000000000000000000e+00 0.000000000000000000e+00 0.000000000000000000e+00
0.000000000000000000e+00 0.000000000000000000e+00 0.000000000000000000e+00 0.000000000000000000e+00 0.000000000000000000e+00 0.000000000000000000e+00 0.000000000000000000e+00
0.000000000000000000e+00 0.000000000000000000e+00 0.000000000000000000e+00 0.000000000000000000e+00 0.000000000000000000e+00 0.000000000000000000e+00 0.000000000000000000e+00
0.000000000000000000e+00 0.000000000000000000e+00 0.000000000000000000e+00 0.000000000000000000e+00 0.000000000000000000e+00 0.000000000000000000e+00 0.000000000000000000e+00
0.000000000000000000e+00 0.000000000000000000e+00 0.000000000000000000e+00 0.000000000000000000e+00 0.000000000000000000e+00 0.000000000000000000e+00 0.000000000000000000e+00
0.000000000000000000e+00 0.000000000000000000e+00 0.000000000000000000e+00 0.000000000000000000e+00 0.000000000000000000e+00 0.000000000000000000e+00 0.000000000000000000e+00
0.000000000000000000e+00 0.000000000000000000e+00 0.000000000000000000e+00 0.000000000000000000e+00 0.000000000000000000e+00 0.000000000000000000e+00 0.000000000000000000e+00
0.000000000000000000e+00 0.000000000000000000e+00 0.000000000000000000e+00 0.000000000000000000e+00 0.000000000000000000e+00 0.000000000000000000e+00 0.000000000000000000e+00
0.000000000000000000e+00 0.000000000000000000e+00 0.000000000000000000e+00 0.000000000000000000e+00 0.000000000000000000e+00 0.000000000000000000e+00 0.000000000000000000e+00
0.000000000000000000e+00 0.000000000000000000e+00 0.000000000000000000e+00 0.000000000000000000e+00 0.000000000000000000e+00 0.000000000000000000e+00 0.000000000000000000e+00
0.000000000000000000e+00 0.000000000000000000e+00 0.000000000000000000e+00 0.000000000000000000e+00 0.000000000000000000e+00 0.000000000000000000e+00 0.000000000000000000e+00
0.000000000000000000e+00 0.000000000000000000e+00 0.000000000000000000e+00 0.000000000000000000e+00 0.000000000000000000e+00 0.000000000000000000e+00 0.000000000000000000e+00
0.000000000000000000e+00 0.000000000000000000e+00 0.000000000000000000e+00 0.000000000000000000e+00 0.000000000000000000e+00 0.000000000000000000e+00 0.000000000000000000e+00
0.000000000000000000e+00 0.000000000000000000e+00 0.000000000000000000e+00 0.000000000000000000e+00 0.000000000000000000e+00 0.000000000000000000e+00 0.000000000000000000e+00
0.000000000000000000e+00 0.000000000000000000e+00 0.000000000000000000e+00 0.000000000000000000e+00 0.000000000000000000e+00 0.000000000000000000e+00 0.000000000000000000e+00
0.000000000000000000e+00 0.000000000000000000e+00 0.000000000000000000e+00 0.000000000000000000e+00 0.000000000000000000e+00 0.000000000000000000e+00 0.000000000000000000e+00
0.000000000000000000e+00 0.000000000000000000e+00 0.000000000000000000e+00 0.000000000000000000e+00 0.000000000000000000e+00 0.000000000000000000e+00 0.000000000000000000e+00
0.000000000000000000e+00 0.000000000000000000e+00 0.000000000000000000e+00 0.000000000000000000e+00 0.000000000000000000e+00 0.000000000000000000e+00 0.000000000000000000e+00
0.000000000000000000e+00 0.000000000000000000e+00 0.000000000000000000e+00 0.000000000000000000e+00 0.000000000000000000e+00 0.000000000000000000e+00 0.000000000000000000e+00
0.000000000000000000e+00 0.000000000000000000e+00 0.000000000000000000e+00 0.000000000000000000e+00 0.000000000000000000e+00 0.000000000000000000e+00 0.000000000000000000e+00
0.000000000000000000e+00 0.000000000000000000e+00 0.000000000000000000e+00 0.000000000000000000e+00 0.000000000000000000e+00 0.000000000000000000e+00 0.000000000000000000e+00
0.000000000000000000e+00 0.000000000000000000e+00 0.000000000000000000e+00 0.000000000000000000e+00 0.000000000000000000e+00 0.000000000000000000e+00 0.000000000000000000e+00
0.000000000000000000e+00 0.000000000000000000e+00 0.000000000000000000e+00 0.000000000000000000e+00 0.000000000000000000e+00 0.000000000000000000e+00 0.000000000000000000e+00
0.000000000000000000e+00 0.000000000000000000e+00 0.000000000000000000e+00 0.000000000000000000e+00 0.000000000000000000e+00 0.000000000000000000e+00 0.000000000000000000e+00
0.000000000000000000e+00 0.000000000000000000e+00 0.000000000000000000e+00 0.000000000000000000e+00 0.000000000000000000e+00 0.000000000000000000e+00 0.000000000000000000e+00
0.000000000000000000e+00 0.000000000000000000e+00 0.000000000000000000e+00 0.000000000000000000e+00 0.000000000000000000e+00 0.000000000000000000e+00 0.000000000000000000e+00
0.000000000000000000e+00 0.000000000000000000e+00 0.000000000000000000e+00 0.000000000000000000e+00 0.000000000000000000e+00 0.000000000000000000e+00 0.000000000000000000e+00
0.000000000000000000e+00 0.000000000000000000e+00 0.000000000000000000e+00 0.000000000000000000e+00 0.000000000000000000e+00 0.000000000000000000e+00 0.000000000000000000e+00
0.000000000000000000e+00 0.000000000000000000e+00 0.000000000000000000e+00 0.000000000000000000e+00 0.000000000000000000e+00 0.000000000000000000e+00 0.000000000000000000e+00
0.000000000000000000e+00 0.000000000000000000e+00 0.000000000000000000e+00 0.000000000000000000e+00 0.000000000000000000e+00 0.000000000000000000e+00 0.000000000000000000e+00
0.000000000000000000e+00 0.000000000000000000e+00 0.000000000000000000e+00 0.000000000000000000e+00 0.000000000000000000e+00 0.000000000000000000e+00 0.000000000000000000e+00
0.000000000000000000e+00 0.000000000000000000e+00 0.000000000000000000e+00 0.000000000000000000e+00 0.000000000000000000e+00 0.000000000000000000e+00 0.000000000000000000e+00
0.000000000000000000e+00 0.000000000000000000e+00 0.000000000000000000e+00 0.000000000000000000e+00 0.000000000000000000e+00 0.000000000000000000e+00 0.000000000000000000e+00
0.000000000000000000e+00 0.000000000000000000e+00 0.000000000000000000e+00 0.000000000000000000e+00 0.000000000000000000e+00 0.000000000000000000e+00 0.000000000000000000e+00
0.000000000000000000e+00 0.000000000000000000e+00 0.000000000000000000e+00 0.000000000000000000e+00 0.000000000000000000e+00 0.000000000000000000e+00 0.000000000000000000e+00
0.000000000000000000e+00 0.000000000000000000e+00 0.000000000000000000e+00 0.000000000000000000e+00 0.000000000000000000e+00 0.000000000000000000e+00 0.000000000000000000e+00
0.000000000000000000e+00 0.000000000000000000e+00 0.000000000000000000e+00 0.000000000000000000e+00 0.000000000000000000e+00 0.000000000000000000e+00 0.000000000000000000e+00
0.000000000000000000e+00 0.000000000000000000e+00 0.000000000000000000e+00 0.000000000000000000e+00 0.000000000000000000e+00 0.000000000000000000e+00 0.000000000000000000e+00
