0.000000000000000000e+00 0.000000000000000000e+00 0.000000000000000000e+00 0.000000000000000000e+00 0.000000000000000000e+00 0.000000000000000000e+00 0.000000000000000000e+00
0.000000000000000000e+00 0.000000000000000000e+00 0.000000000000000000e+00 0.000000000000000000e+00 0.000000000000000000e+00 0.000000000000000000e+00 0.000000000000000000e+00
0.000000000000000000e+00 0.000000000000000000e+00 0.000000000000000000e+00 0.000000000000000000e+00 0.000000000000000000e+00 0.000000000000000000e+00 0.000000000000000000e+00
0.000000000000000000e+00 0.000000000000000000e+00 0.000000000000000000e+00 0.000000000000000000e+00 0.000000000000000000e+00 0.000000000000000000e+00 0.000000000000000000e+00
3.953101067779546440e+01 5.903101067779546440e+01 6.928101067779546440e+01 6.428101067779546440e+01 3.435310106777954502e+02 3.395310106777954502e+02 3.031010677795464403e+00
0.000000000000000000e+00 0.000000000000000000e+00 0.000000000000000000e+00 0.000000000000000000e+00 0.000000000000000000e+00 0.000000000000000000e+00 0.000000000000000000e+00
0.000000000000000000e+00 0.000000000000000000e+00 0.000000000000000000e+00 0.000000000000000000e+00 0.000000000000000000e+00 0.000000000000000000e+00 0.000000000000000000e+00
8.745163252886285932e+00 3.524951632528863001e+02 2.995163252886285932e+00 1.399516325288628593e+01 8.995163252886285932e+00 3.597451632528863001e+02 3.495163252886285932e+00
0.000000000000000000e+00 0.000000000000000000e+00 0.000000000000000000e+00 0.000000000000000000e+00 0.000000000000000000e+00 0.000000000000000000e+00 0.000000000000000000e+00
0.000000000000000000e+00 0.000000000000000000e+00 0.000000000000000000e+00 0.000000000000000000e+00 0.000000000000000000e+00 0.000000000000000000e+00 0.000000000000000000e+00
5.556827077012371774e+00 3.550568270770123718e+02 3.543068270770123718e+02 3.500568270770123718e+02 8.306827077012371774e+00 4.355682707701237177e+01 4.730682707701237177e+01
2.837059974840332757e+02 2.889559974840332757e+02 3.462059974840332757e+02 3.572059974840332757e+02 3.489559974840332757e+02 2.920599748403328988e+01 1.395599748403328988e+01
3.560329060129021173e+02 3.562829060129021173e+02 3.567829060129021173e+02 3.595329060129021173e+02 7.829060129021172543e-01 4.532906012902117254e+00 4.532906012902117254e+00
3.565021190192802578e+02 3.597521190192802578e+02 1.502119019280257817e+00 3.582521190192802578e+02 3.540021190192802578e+02 3.502521190192802578e+02 1.252119019280257817e+00
1.759802535470100793e+00 2.009802535470100793e+00 3.595098025354701008e+02 3.490098025354701008e+02 3.372598025354701008e+02 3.277598025354701008e+02 3.552598025354701008e+02
0.000000000000000000e+00 0.000000000000000000e+00 0.000000000000000000e+00 0.000000000000000000e+00 0.000000000000000000e+00 0.000000000000000000e+00 0.000000000000000000e+00
0.000000000000000000e+00 0.000000000000000000e+00 0.000000000000000000e+00 0.000000000000000000e+00 0.000000000000000000e+00 0.000000000000000000e+00 0.000000000000000000e+00
2.854069456085437650e+01 2.504069456085437650e+01 2.029069456085437650e+01 1.479069456085437650e+01 7.790694560854376505e+00 3.597906945608543765e+02 3.790694560854376505e+00
3.594660418740352270e+02 2.160418740351985889e-01 3.597160418740352270e+02 3.582160418740352270e+02 3.527160418740352270e+02 3.319660418740352270e+02 3.084660418740352270e+02
0.000000000000000000e+00 0.000000000000000000e+00 0.000000000000000000e+00 0.000000000000000000e+00 0.000000000000000000e+00 0.000000000000000000e+00 0.000000000000000000e+00
0.000000000000000000e+00 0.000000000000000000e+00 0.000000000000000000e+00 0.000000000000000000e+00 0.000000000000000000e+00 0.000000000000000000e+00 0.000000000000000000e+00
5.051437791872331218e+00 5.301437791872331218e+00 3.014377918723312177e-01 3.590514377918723312e+02 4.551437791872331218e+00 3.598014377918723312e+02 3.520514377918723312e+02
1.044001269702982881e+01 8.690012697029828814e+00 5.190012697029828814e+00 1.144001269702982881e+01 5.190012697029828814e+00 3.599400126970298288e+02 2.219001269702982881e+01
0.000000000000000000e+00 0.000000000000000000e+00 0.000000000000000000e+00 0.000000000000000000e+00 0.000000000000000000e+00 0.000000000000000000e+00 0.000000000000000000e+00
3.546339108842819314e+02 3.488839108842819314e+02 3.361339108842819314e+02 3.221339108842819314e+02 1.313391088428195985e+01 6.438391088428195985e+01 1.838391088428195985e+01
3.580524652950572317e+02 5.246529505726016396e-02 3.593024652950572317e+02 3.583024652950572317e+02 5.524652950572601640e-01 1.802465295057260164e+00 3.565524652950572317e+02
0.000000000000000000e+00 0.000000000000000000e+00 0.000000000000000000e+00 0.000000000000000000e+00 0.000000000000000000e+00 0.000000000000000000e+00 0.000000000000000000e+00
0.000000000000000000e+00 0.000000000000000000e+00 0.000000000000000000e+00 0.000000000000000000e+00 0.000000000000000000e+00 0.000000000000000000e+00 0.000000000000000000e+00
1.278699535952699762e+01 6.036995359526997618e+00 4.536995359526997618e+00 1.453699535952699762e+01 2.478699535952699762e+01 2.970369953595269976e+02 3.135369953595269976e+02
6.028776227198612503e+00 1.152877622719861250e+01 3.372787762271985912e+02 3.427787762271985912e+02 7.787762271986125029e-01 3.582787762271985912e+02 3.515287762271985912e+02
0.000000000000000000e+00 0.000000000000000000e+00 0.000000000000000000e+00 0.000000000000000000e+00 0.000000000000000000e+00 0.000000000000000000e+00 0.000000000000000000e+00
3.451704054404689828e+02 3.091704054404689259e+02 2.909204054404689259e+02 5.592040544046898276e+01 2.942040544046898276e+01 4.142040544046898276e+01 3.892040544046898276e+01
0.000000000000000000e+00 0.000000000000000000e+00 0.000000000000000000e+00 0.000000000000000000e+00 0.000000000000000000e+00 0.000000000000000000e+00 0.000000000000000000e+00
0.000000000000000000e+00 0.000000000000000000e+00 0.000000000000000000e+00 0.000000000000000000e+00 0.000000000000000000e+00 0.000000000000000000e+00 0.000000000000000000e+00
0.000000000000000000e+00 0.000000000000000000e+00 0.000000000000000000e+00 0.000000000000000000e+00 0.000000000000000000e+00 0.000000000000000000e+00 0.000000000000000000e+00
0.000000000000000000e+00 0.000000000000000000e+00 0.000000000000000000e+00 0.000000000000000000e+00 0.000000000000000000e+00 0.000000000000000000e+00 0.000000000000000000e+00
1.939179116069198017e+00 2.189179116069198017e+00 2.189179116069198017e+00 2.189179116069198017e+00 1.189179116069198017e+00 3.584391791160692264e+02 3.569391791160692264e+02
3.868992223208465475e+00 3.368992223208465475e+00 1.118992223208465475e+00 3.689922232084654752e-01 2.118992223208465475e+00 6.189922232084654752e-01 3.583689922232084655e+02
5.498111162744351077e+00 2.998111162744351077e+00 3.577481111627443511e+02 1.498111162744351077e+00 7.748111162744351077e+00 7.248111162744351077e+00 3.498111162744351077e+00
0.000000000000000000e+00 0.000000000000000000e+00 0.000000000000000000e+00 0.000000000000000000e+00 0.000000000000000000e+00 0.000000000000000000e+00 0.000000000000000000e+00
3.590668829578304440e+02 3.583168829578304440e+02 3.580668829578304440e+02 3.575668829578304440e+02 3.583168829578304440e+02 3.535668829578304440e+02 1.316882957830472378e+00
0.000000000000000000e+00 0.000000000000000000e+00 0.000000000000000000e+00 0.000000000000000000e+00 0.000000000000000000e+00 0.000000000000000000e+00 0.000000000000000000e+00
0.000000000000000000e+00 0.000000000000000000e+00 0.000000000000000000e+00 0.000000000000000000e+00 0.000000000000000000e+00 0.000000000000000000e+00 0.000000000000000000e+00
2.012119229291805311e+01 2.587119229291805311e+01 3.787119229291805311e+01 4.887119229291805311e+01 2.978711922929180673e+02 3.283711922929180673e+02 1.012119229291805311e+01
1.629066124278097050e+00 3.526290661242780970e+02 3.536290661242780970e+02 1.512906612427809705e+01 2.262906612427809705e+01 1.037906612427809705e+01 1.290661242780970497e-01
3.378592061774619424e+02 3.466092061774619424e+02 3.598592061774619424e+02 5.609206177461970810e+00 2.359206177461970810e+00 3.586092061774619424e+02 3.359206177461970810e+00
3.257707850506769773e+02 3.207707850506769773e+02 3.595207850506769773e+02 3.677078505067700576e+01 3.272707850506769773e+02 2.997707850506769773e+02 4.520785050677005756e+00
3.274400970132583097e+02 3.319400970132583097e+02 2.144009701325833817e+01 3.869009701325833817e+01 3.319400970132583097e+02 3.061900970132583097e+02 1.219009701325833817e+01
1.535815745612870842e+01 1.460815745612870842e+01 1.385815745612870842e+01 1.360815745612870842e+01 1.135815745612870842e+01 7.858157456128708418e+00 8.108157456128708418e+00
0.000000000000000000e+00 0.000000000000000000e+00 0.000000000000000000e+00 0.000000000000000000e+00 0.000000000000000000e+00 0.000000000000000000e+00 0.000000000000000000e+00
3.560523710322410125e+02 3.560523710322410125e+02 3.510523710322410125e+02 3.495523710322410125e+02 3.520523710322410125e+02 3.493023710322410125e+02 5.523710322410408935e-01
6.296250653389847685e-01 1.296250653389847685e-01 3.553796250653389848e+02 1.662962506533898477e+01 1.187962506533898477e+01 3.446296250653389848e+02 5.879625065338984768e+00
1.603763374889541637e+01 6.787633748895416375e+00 1.287633748895416375e+00 2.328763374889541637e+01 1.778763374889541637e+01 1.028763374889541637e+01 3.592876337488954164e+02
2.372875173613306288e+01 1.572875173613306288e+01 3.529787517361330629e+02 3.427287517361330629e+02 3.439787517361330629e+02 6.978751736133062877e+00 3.728751736133062877e+00
2.589076945001977492e+00 5.890769450019774922e-01 3.588390769450019775e+02 3.563390769450019775e+02 3.470890769450019775e+02 3.243390769450019775e+02 3.138390769450019775e+02
7.645877185172366808e+00 7.645877185172366808e+00 5.895877185172366808e+00 3.958771851723668078e-01 3.493958771851723668e+02 6.458771851723668078e-01 3.576458771851723668e+02
3.521141810406840591e+02 3.503641810406840591e+02 3.491141810406840591e+02 3.498641810406840591e+02 3.526141810406840591e+02 3.563641810406840591e+02 8.641810406840590986e-01
3.516923847565687993e+02 3.499423847565687993e+02 3.486923847565687993e+02 3.494423847565687993e+02 3.521923847565687993e+02 3.559423847565687993e+02 4.423847565687708538e-01
0.000000000000000000e+00 0.000000000000000000e+00 0.000000000000000000e+00 0.000000000000000000e+00 0.000000000000000000e+00 0.000000000000000000e+00 0.000000000000000000e+00
3.589114122712746280e+02 3.589114122712746280e+02 3.546614122712746280e+02 3.254114122712746280e+02 3.026614122712746280e+02 3.216614122712746280e+02 3.544114122712746280e+02
0.000000000000000000e+00 0.000000000000000000e+00 0.000000000000000000e+00 0.000000000000000000e+00 0.000000000000000000e+00 0.000000000000000000e+00 0.000000000000000000e+00
3.559246642579414583e+02 3.541746642579414583e+02 3.584246642579414583e+02 3.579246642579414583e+02 3.579246642579414583e+02 2.674664257941458345e+00 3.596746642579414583e+02
0.000000000000000000e+00 0.000000000000000000e+00 0.000000000000000000e+00 0.000000000000000000e+00 0.000000000000000000e+00 0.000000000000000000e+00 0.000000000000000000e+00
3.432493775687225366e+02 3.457493775687225366e+02 3.589993775687225366e+02 9.999377568722536580e+00 3.517493775687225366e+02 3.064993775687225366e+02 2.969993775687225366e+02
0.000000000000000000e+00 0.000000000000000000e+00 0.000000000000000000e+00 0.000000000000000000e+00 0.000000000000000000e+00 0.000000000000000000e+00 0.000000000000000000e+00
0.000000000000000000e+00 0.000000000000000000e+00 0.000000000000000000e+00 0.000000000000000000e+00 0.000000000000000000e+00 0.000000000000000000e+00 0.000000000000000000e+00
1.861939015479413229e+01 1.836939015479413229e+01 1.861939015479413229e+01 1.786939015479413229e+01 9.119390154794132286e+00 5.869390154794132286e+00 3.221193901547941323e+02
3.483950078045810415e+02 3.458950078045810415e+02 3.471450078045810415e+02 3.401450078045810415e+02 3.311450078045810415e+02 3.391450078045810415e+02 6.450078045810414551e-01
1.893700903823878434e+01 1.918700903823878434e+01 2.018700903823878434e+01 1.893700903823878434e+01 2.843700903823878434e+01 4.343700903823878434e+01 1.443700903823878434e+01
0.000000000000000000e+00 0.000000000000000000e+00 0.000000000000000000e+00 0.000000000000000000e+00 0.000000000000000000e+00 0.000000000000000000e+00 0.000000000000000000e+00
9.537920350015212989e+00 7.537920350015212989e+00 8.287920350015212989e+00 6.287920350015212989e+00 1.203792035001521299e+01 4.537920350015212989e+00 1.037920350015212989e+00
0.000000000000000000e+00 0.000000000000000000e+00 0.000000000000000000e+00 0.000000000000000000e+00 0.000000000000000000e+00 0.000000000000000000e+00 0.000000000000000000e+00
0.000000000000000000e+00 0.000000000000000000e+00 0.000000000000000000e+00 0.000000000000000000e+00 0.000000000000000000e+00 0.000000000000000000e+00 0.000000000000000000e+00
3.477933795649038302e+02 1.054337956490383021e+01 1.379337956490383021e+01 8.543379564903830214e+00 1.754337956490383021e+01 3.595433795649038302e+02 3.402933795649038302e+02
0.000000000000000000e+00 0.000000000000000000e+00 0.000000000000000000e+00 0.000000000000000000e+00 0.000000000000000000e+00 0.000000000000000000e+00 0.000000000000000000e+00
0.000000000000000000e+00 0.000000000000000000e+00 0.000000000000000000e+00 0.000000000000000000e+00 0.000000000000000000e+00 0.000000000000000000e+00 0.000000000000000000e+00
0.000000000000000000e+00 0.000000000000000000e+00 0.000000000000000000e+00 0.000000000000000000e+00 0.000000000000000000e+00 0.000000000000000000e+00 0.000000000000000000e+00
0.000000000000000000e+00 0.000000000000000000e+00 0.000000000000000000e+00 0.000000000000000000e+00 0.000000000000000000e+00 0.000000000000000000e+00 0.000000000000000000e+00
0.000000000000000000e+00 0.000000000000000000e+00 0.000000000000000000e+00 0.000000000000000000e+00 0.000000000000000000e+00 0.000000000000000000e+00 0.000000000000000000e+00
0.000000000000000000e+00 0.000000000000000000e+00 0.000000000000000000e+00 0.000000000000000000e+00 0.000000000000000000e+00 0.000000000000000000e+00 0.000000000000000000e+00
0.000000000000000000e+00 0.000000000000000000e+00 0.000000000000000000e+00 0.000000000000000000e+00 0.000000000000000000e+00 0.000000000000000000e+00 0.000000000000000000e+00
2.224624568494942878e+01 1.899624568494942878e+01 1.599624568494942878e+01 1.924624568494942878e+01 3.582462456849494288e+02 3.529962456849494288e+02 3.579962456849494288e+02
3.551361503913959723e+02 3.553861503913959723e+02 3.553861503913959723e+02 3.598861503913959723e+02 3.543861503913959723e+02 3.136150391395972292e+00 3.573861503913959723e+02
2.043543392464897579e+01 1.843543392464897579e+01 5.185433924648975790e+00 3.561854339246489758e+02 3.551854339246489758e+02 1.854339246489757898e-01 1.185433924648975790e+00
1.793324558796606993e+01 1.993324558796606993e+01 7.683245587966069934e+00 1.693324558796606993e+01 1.718324558796606993e+01 3.521832455879660984e+02 3.429332455879660984e+02
1.986459991278138659e+01 1.811459991278138659e+01 1.461459991278138659e+01 6.364599912781386593e+00 4.614599912781386593e+00 6.864599912781386593e+00 6.114599912781386593e+00
1.975599753648913293e+01 1.800599753648913293e+01 1.425599753648913293e+01 6.005997536489132926e+00 5.005997536489132926e+00 7.505997536489132926e+00 6.255997536489132926e+00
2.082513247726592454e+01 1.607513247726592454e+01 1.732513247726592454e+01 1.282513247726592454e+01 5.575132477265924535e+00 3.575132477265924535e+00 3.470751324772659245e+02
0.000000000000000000e+00 0.000000000000000000e+00 0.000000000000000000e+00 0.000000000000000000e+00 0.000000000000000000e+00 0.000000000000000000e+00 0.000000000000000000e+00
0.000000000000000000e+00 0.000000000000000000e+00 0.000000000000000000e+00 0.000000000000000000e+00 0.000000000000000000e+00 0.000000000000000000e+00 0.000000000000000000e+00
0.000000000000000000e+00 0.000000000000000000e+00 0.000000000000000000e+00 0.000000000000000000e+00 0.000000000000000000e+00 0.000000000000000000e+00 0.000000000000000000e+00
6.063279477185801625e+00 3.538132794771858016e+02 3.343132794771858016e+02 3.128132794771858016e+02 2.960632794771858016e+02 2.975632794771858016e+02 3.706327947718580162e+01
1.419164438427733899e+01 3.449416443842773106e+02 2.949416443842773106e+02 2.781916443842773106e+02 3.099416443842773106e+02 3.081916443842773106e+02 3.346916443842773106e+02
3.448455971693451261e+02 3.485955971693451261e+02 3.530955971693451261e+02 3.555955971693451261e+02 3.560955971693451261e+02 3.598455971693451261e+02 3.845597169345126076e+00
0.000000000000000000e+00 0.000000000000000000e+00 0.000000000000000000e+00 0.000000000000000000e+00 0.000000000000000000e+00 0.000000000000000000e+00 0.000000000000000000e+00
3.854248445709174575e+00 2.104248445709174575e+00 5.354248445709174575e+00 1.185424844570917458e+01 1.060424844570917458e+01 3.104248445709174575e+00 5.104248445709174575e+00
2.364019324209124306e+00 9.864019324209124306e+00 1.864019324209124306e+00 3.563640193242091527e+02 1.614019324209124306e+00 3.114019324209124306e+00 6.114019324209124306e+00
2.505532941291251348e+01 5.805329412912513476e+00 3.583053294129124993e+02 3.465553294129124993e+02 3.525553294129124993e+02 1.180532941291251348e+01 6.305329412912513476e+00
2.242786485302679012e+01 2.267786485302679012e+01 1.267786485302679012e+01 1.067786485302679012e+01 2.317786485302679012e+01 1.042786485302679012e+01 1.267786485302679012e+01
3.412354921000693366e+02 3.514854921000693366e+02 1.985492100069336630e+00 3.485492100069336630e+00 7.354921000693366295e-01 2.735492100069336630e+00 3.597354921000693366e+02
3.392922416154921166e+02 3.465422416154921166e+02 3.555422416154921166e+02 3.567922416154921166e+02 3.555422416154921166e+02 3.595422416154921166e+02 3.580422416154921166e+02
3.357264457354669958e+02 3.534764457354669958e+02 4.226445735466995757e+00 4.726445735466995757e+00 3.509764457354669958e+02 3.517264457354669958e+02 3.569764457354669958e+02
1.816756306327835091e+01 7.167563063278350910e+00 3.594175630632783509e+02 1.916756306327835091e+01 1.691756306327835091e+01 1.917563063278350910e+00 7.667563063278350910e+00
2.082397591510448365e+01 1.557397591510448365e+01 4.073975915104483647e+00 3.563239759151044836e+02 5.739759151044836472e-01 1.323975915104483647e+00 7.823975915104483647e+00
3.610456363924885181e+01 4.035456363924885181e+01 4.285456363924885181e+01 4.285456363924885181e+01 2.585456363924885181e+01 6.854563639248851814e+00 3.596045636392488518e+02
0.000000000000000000e+00 0.000000000000000000e+00 0.000000000000000000e+00 0.000000000000000000e+00 0.000000000000000000e+00 0.000000000000000000e+00 0.000000000000000000e+00
3.487665111055055718e+02 3.447665111055055718e+02 3.327665111055055718e+02 3.152665111055055718e+02 2.850165111055055718e+02 2.695165111055055718e+02 1.062665111055055718e+02
2.865032869859106768e+01 3.540032869859106768e+01 1.640032869859106768e+01 7.150328698591067678e+00 3.531503286985910677e+02 3.315032869859106768e+01 4.415032869859106768e+01
3.466495837335852457e+02 3.521495837335852457e+02 3.561495837335852457e+02 3.531495837335852457e+02 3.486495837335852457e+02 3.448995837335852457e+02 3.473995837335852457e+02
3.367018425187819730e+01 2.742018425187819730e+01 1.767018425187819730e+01 1.417018425187819730e+01 4.920184251878197301e+00 3.504201842518781973e+02 3.559201842518781973e+02
2.234072452152484516e+02 3.191572452152484516e+02 3.081572452152484516e+02 3.174072452152484516e+02 3.289072452152484516e+02 3.366572452152484516e+02 3.504072452152484516e+02
0.000000000000000000e+00 0.000000000000000000e+00 0.000000000000000000e+00 0.000000000000000000e+00 0.000000000000000000e+00 0.000000000000000000e+00 0.000000000000000000e+00
0.000000000000000000e+00 0.000000000000000000e+00 0.000000000000000000e+00 0.000000000000000000e+00 0.000000000000000000e+00 0.000000000000000000e+00 0.000000000000000000e+00
3.583329621672900203e+02 1.983296216729004868e+01 3.333296216729004868e+01 3.708296216729004868e+01 2.783296216729004868e+01 1.583296216729004868e+01 7.832962167290048683e+00
0.000000000000000000e+00 0.000000000000000000e+00 0.000000000000000000e+00 0.000000000000000000e+00 0.000000000000000000e+00 0.000000000000000000e+00 0.000000000000000000e+00
1.881800491894665583e+01 1.806800491894665583e+01 1.356800491894665583e+01 1.206800491894665583e+01 2.081800491894665583e+01 2.456800491894665583e+01 1.081800491894665583e+01
1.854631316216455161e+01 1.479631316216455161e+01 1.804631316216455161e+01 5.229631316216455161e+01 7.379631316216455161e+01 6.354631316216455161e+01 4.904631316216455161e+01
3.583071170273907455e+02 3.588071170273907455e+02 3.570571170273907455e+02 3.553071170273907455e+02 3.548071170273907455e+02 3.225571170273907455e+02 2.998071170273907455e+02
0.000000000000000000e+00 0.000000000000000000e+00 0.000000000000000000e+00 0.000000000000000000e+00 0.000000000000000000e+00 0.000000000000000000e+00 0.000000000000000000e+00
3.599782553699861296e+02 3.594782553699861296e+02 3.547282553699861296e+02 3.469782553699861296e+02 3.342282553699861296e+02 3.069782553699861296e+02 3.354782553699861296e+02
1.659826056781524812e+02 1.654826056781524812e+02 1.682326056781524812e+02 1.689826056781524812e+02 1.417326056781524812e+02 1.792326056781524812e+02 2.079826056781524812e+02
1.965672491281156908e+01 1.840672491281156908e+01 1.740672491281156908e+01 1.165672491281156908e+01 1.215672491281156908e+01 2.415672491281156908e+01 6.406724912811569084e+00
3.503009781610646769e+02 3.428009781610646769e+02 3.385509781610646769e+02 3.180509781610646769e+02 3.238009781610646769e+02 3.403009781610646769e+02 3.565509781610646769e+02
3.428184802865096685e+02 3.443184802865096685e+02 3.383184802865096685e+02 3.260684802865096685e+02 3.288184802865096685e+02 3.298184802865096685e+02 3.383184802865096685e+02
1.145786487982917379e+00 2.089578648798291738e+01 2.889578648798291738e+01 2.214578648798291738e+01 1.645786487982917379e+00 3.543957864879829458e+02 5.395786487982917379e+00
2.582835570647773693e+00 1.332835570647773693e+00 5.582835570647773693e+00 6.582835570647773693e+00 5.082835570647773693e+00 6.332835570647773693e+00 8.832835570647773693e+00
2.884050489704031861e+01 2.090504897040318610e+00 3.388405048970403186e+02 3.470905048970403186e+02 1.590504897040318610e+00 4.340504897040318610e+00 5.840504897040318610e+00
3.505754400235037451e+02 3.573254400235037451e+02 3.075440023503745124e+00 1.825440023503745124e+00 3.585754400235037451e+02 3.543254400235037451e+02 3.583254400235037451e+02
3.425950828018349057e+02 3.095950828018349057e+02 3.238450828018349057e+02 3.448450828018349057e+02 1.034508280183489504e+01 4.345082801834895037e+00 3.580950828018349057e+02
1.814902700228793719e+01 1.339902700228793719e+01 4.899027002287937194e+00 3.593990270022879372e+02 9.899027002287937194e+00 6.149027002287937194e+00 3.468990270022879372e+02
6.028952563700897826e+00 2.278952563700897826e+00 2.789525637008978265e-01 3.580289525637008978e+02 3.560289525637008978e+02 3.590289525637008978e+02 2.789525637008978265e-01
1.086776286450830753e+01 8.117762864508307530e+00 9.367762864508307530e+00 1.311776286450830753e+01 1.286776286450830753e+01 6.367762864508307530e+00 5.867762864508307530e+00
3.231531961585548061e+02 3.344031961585548061e+02 3.466531961585548061e+02 3.596531961585548061e+02 3.489031961585548061e+02 1.065319615855480606e+01 9.653196158554806061e+00
3.258921203832991864e+02 3.391421203832991864e+02 3.528921203832991864e+02 3.142120383299186415e+00 3.496421203832991864e+02 8.892120383299186415e+00 3.571421203832991864e+02
6.701789149157661996e-01 3.506701789149157662e+02 3.469201789149157662e+02 3.489201789149157662e+02 3.489201789149157662e+02 2.420178914915766200e+00 5.670178914915766200e+00
0.000000000000000000e+00 0.000000000000000000e+00 0.000000000000000000e+00 0.000000000000000000e+00 0.000000000000000000e+00 0.000000000000000000e+00 0.000000000000000000e+00
2.122363669243020468e+01 2.772363669243020468e+01 2.747363669243020468e+01 3.547363669243020468e+01 3.397363669243020468e+01 2.547363669243020468e+01 5.723636692430204675e+00
2.096248368980297982e+01 2.596248368980297982e+01 1.546248368980297982e+01 2.346248368980297982e+01 3.021248368980297982e+01 1.671248368980297982e+01 1.296248368980297982e+01
7.785705891421969227e+00 9.035705891421969227e+00 9.035705891421969227e+00 1.078570589142196923e+01 3.528570589142196923e+01 3.603570589142196923e+01 3.535357058914219692e+02
0.000000000000000000e+00 0.000000000000000000e+00 0.000000000000000000e+00 0.000000000000000000e+00 0.000000000000000000e+00 0.000000000000000000e+00 0.000000000000000000e+00
1.113286765288779634e+01 8.132867652887796339e+00 6.132867652887796339e+00 5.382867652887796339e+00 1.632867652887796339e+00 3.568828676528877963e+02 1.328676528877963392e-01
0.000000000000000000e+00 0.000000000000000000e+00 0.000000000000000000e+00 0.000000000000000000e+00 0.000000000000000000e+00 0.000000000000000000e+00 0.000000000000000000e+00
3.408332782758421331e+00 3.406583327827584071e+02 2.809083327827584071e+02 2.674083327827584071e+02 2.761583327827584071e+02 3.715833278275842133e+01 3.206583327827584071e+02
3.587373989341965057e+02 3.572373989341965057e+02 3.537373989341965057e+02 3.389873989341965057e+02 2.977373989341965057e+02 2.789873989341965057e+02 2.769873989341965057e+02
0.000000000000000000e+00 0.000000000000000000e+00 0.000000000000000000e+00 0.000000000000000000e+00 0.000000000000000000e+00 0.000000000000000000e+00 0.000000000000000000e+00
3.097795574081497989e+02 3.357795574081497989e+02 2.279557408149827324e+00 5.529557408149827324e+00 1.252955740814982732e+01 3.482795574081497989e+02 3.442795574081497989e+02
0.000000000000000000e+00 0.000000000000000000e+00 0.000000000000000000e+00 0.000000000000000000e+00 0.000000000000000000e+00 0.000000000000000000e+00 0.000000000000000000e+00
2.960002518126430004e-01 1.546000251812643000e+00 4.796000251812643000e+00 7.296000251812643000e+00 5.546000251812643000e+00 4.600025181264300045e-02 2.960002518126430004e-01
0.000000000000000000e+00 0.000000000000000000e+00 0.000000000000000000e+00 0.000000000000000000e+00 0.000000000000000000e+00 0.000000000000000000e+00 0.000000000000000000e+00
3.503163958597020269e+02 3.348163958597020269e+02 1.106639585970201267e+01 5.181639585970202688e+01 2.581639585970201267e+01 5.316395859702012672e+00 3.595663958597020269e+02
0.000000000000000000e+00 0.000000000000000000e+00 0.000000000000000000e+00 0.000000000000000000e+00 0.000000000000000000e+00 0.000000000000000000e+00 0.000000000000000000e+00
3.495508902034807761e+02 3.273008902034807761e+02 3.265508902034807761e+02 3.403008902034807761e+02 3.593008902034807761e+02 1.080089020348075834e+01 8.550890203480758345e+00
1.853157668706501227e+01 1.353157668706501227e+01 4.531576687065012266e+00 3.532815766870650123e+02 3.465315766870650123e+02 2.815766870650122655e-01 6.003157668706501227e+01
3.182628651980560335e+02 3.012628651980560335e+02 2.980128651980560335e+02 3.215128651980560335e+02 3.485128651980560335e+02 9.512865198056033478e+00 3.537628651980560335e+02
1.555111356577189952e+01 3.098011135657719137e+02 3.280511135657719137e+02 3.435511135657719137e+02 3.533011135657719137e+02 3.801113565771899516e+00 5.511135657718995162e-01
3.364652330887561220e+02 3.154652330887561220e+02 1.192152330887561504e+02 1.019652330887561220e+02 7.871523308875612202e+01 7.971523308875612202e+01 8.596523308875612202e+01
9.957537063114727971e+00 1.270753706311472797e+01 1.370753706311472797e+01 1.370753706311472797e+01 1.957537063114727971e+00 1.970753706311472797e+01 9.575370631147279710e-01
1.382545143212649918e+01 1.207545143212649918e+01 1.582545143212649918e+01 1.182545143212649918e+01 3.518254514321264992e+02 1.507545143212649918e+01 7.075451432126499185e+00
0.000000000000000000e+00 0.000000000000000000e+00 0.000000000000000000e+00 0.000000000000000000e+00 0.000000000000000000e+00 0.000000000000000000e+00 0.000000000000000000e+00
0.000000000000000000e+00 0.000000000000000000e+00 0.000000000000000000e+00 0.000000000000000000e+00 0.000000000000000000e+00 0.000000000000000000e+00 0.000000000000000000e+00
1.261757487101215247e+01 1.561757487101215247e+01 1.861757487101215247e+01 1.911757487101215247e+01 3.548675748710121525e+02 6.867574871012152471e+00 3.578675748710121525e+02
7.624440954221086031e+00 8.624440954221086031e+00 1.037444095422108603e+01 1.212444095422108603e+01 3.561244409542210860e+02 1.787444095422108603e+01 1.244409542210860309e-01
3.373411288971626618e+02 3.333411288971626618e+02 3.255911288971626618e+02 3.300911288971626618e+02 3.545911288971626618e+02 3.585911288971626618e+02 3.593411288971626618e+02
2.311590235997522313e+01 1.136590235997522313e+01 2.615902359975223135e+00 7.865902359975223135e+00 1.461590235997522313e+01 3.528659023599752231e+02 2.365902359975223135e+00
0.000000000000000000e+00 0.000000000000000000e+00 0.000000000000000000e+00 0.000000000000000000e+00 0.000000000000000000e+00 0.000000000000000000e+00 0.000000000000000000e+00
3.490286982362835033e+02 2.786982362835317417e-01 6.028698236283531742e+00 3.778698236283531742e+00 3.582786982362835033e+02 3.580286982362835033e+02 4.278698236283531742e+00
1.668011151601285746e+01 9.180111516012857464e+00 1.430111516012857464e+00 9.301115160128574644e-01 7.930111516012857464e+00 4.180111516012857464e+00 3.386801115160128575e+02
3.232694307693495830e+02 3.252694307693495830e+02 3.260194307693495830e+02 3.482694307693495830e+02 8.519430769349582988e+00 8.019430769349582988e+00 3.525194307693495830e+02
0.000000000000000000e+00 0.000000000000000000e+00 0.000000000000000000e+00 0.000000000000000000e+00 0.000000000000000000e+00 0.000000000000000000e+00 0.000000000000000000e+00
3.047959617652509223e+01 2.822959617652509223e+01 2.472959617652509223e+01 2.297959617652509223e+01 5.229596176525092233e+00 3.394795961765250922e+02 3.549795961765250922e+02
1.332603007888786806e+01 1.082603007888786806e+01 8.260300788878680578e-01 3.565760300788878681e+02 3.515760300788878681e+02 3.528260300788878681e+02 3.523260300788878681e+02
2.131718738603069596e+01 2.431718738603069596e+01 2.856718738603069596e+01 2.131718738603069596e+01 3.405671873860306960e+02 3.171873860306959614e-01 1.581718738603069596e+01
0.000000000000000000e+00 0.000000000000000000e+00 0.000000000000000000e+00 0.000000000000000000e+00 0.000000000000000000e+00 0.000000000000000000e+00 0.000000000000000000e+00
0.000000000000000000e+00 0.000000000000000000e+00 0.000000000000000000e+00 0.000000000000000000e+00 0.000000000000000000e+00 0.000000000000000000e+00 0.000000000000000000e+00
3.559585572504079778e+02 3.574585572504079778e+02 3.589585572504079778e+02 3.587085572504079778e+02 3.502085572504079778e+02 3.209585572504079778e+02 3.062085572504079778e+02
3.495593388254320644e+02 3.450593388254320644e+02 3.375593388254320644e+02 3.030593388254320644e+02 3.098093388254320644e+02 5.155933882543203595e+01 3.403093388254320644e+02
2.792124706350044505e+01 3.242124706350044505e+01 2.392124706350044505e+01 1.717124706350044505e+01 2.817124706350044505e+01 3.042124706350044505e+01 4.171247063500445051e+00
8.616985042438045639e+00 1.386698504243804564e+01 2.061698504243804564e+01 3.516169850424380456e+02 3.091169850424380456e+02 2.928669850424380456e+02 2.938669850424380456e+02
0.000000000000000000e+00 0.000000000000000000e+00 0.000000000000000000e+00 0.000000000000000000e+00 0.000000000000000000e+00 0.000000000000000000e+00 0.000000000000000000e+00
3.565694570876941043e+02 3.585694570876941043e+02 1.319457087694132724e+00 3.570694570876941043e+02 3.405694570876941043e+02 3.415694570876941043e+02 3.563194570876941043e+02
2.226147072325727549e+01 1.326147072325727549e+01 1.076147072325727549e+01 1.147072325727549469e-02 3.530114707232572755e+02 3.490114707232572755e+02 3.432614707232572755e+02
0.000000000000000000e+00 0.000000000000000000e+00 0.000000000000000000e+00 0.000000000000000000e+00 0.000000000000000000e+00 0.000000000000000000e+00 0.000000000000000000e+00
0.000000000000000000e+00 0.000000000000000000e+00 0.000000000000000000e+00 0.000000000000000000e+00 0.000000000000000000e+00 0.000000000000000000e+00 0.000000000000000000e+00
3.440637316312373741e+02 4.063731631237374131e+00 2.131373163123737413e+01 1.756373163123737413e+01 9.813731631237374131e+00 3.578137316312373741e+02 3.593137316312373741e+02
1.127876983352115303e+01 8.278769833521153032e+00 3.285287698335211530e+02 2.935287698335211530e+02 3.057787698335211530e+02 5.577876983352115303e+01 2.778769833521153032e+00
4.477239992723991691e+01 3.627239992723991691e+01 3.232723999272399169e+02 3.432723999272399169e+02 4.577239992723991691e+01 3.295223999272399169e+02 2.810223999272399169e+02
3.515626404854888847e+02 3.573126404854888847e+02 3.312640485488884678e+00 6.264048548888467849e-02 3.440626404854888847e+02 3.498126404854888847e+02 3.353126404854888847e+02
1.418302905946575265e+00 3.168302905946575265e+00 3.918302905946575265e+00 5.168302905946575265e+00 3.168302905946575265e+00 3.281683029059465753e+02 3.236683029059465753e+02
0.000000000000000000e+00 0.000000000000000000e+00 0.000000000000000000e+00 0.000000000000000000e+00 0.000000000000000000e+00 0.000000000000000000e+00 0.000000000000000000e+00
0.000000000000000000e+00 0.000000000000000000e+00 0.000000000000000000e+00 0.000000000000000000e+00 0.000000000000000000e+00 0.000000000000000000e+00 0.000000000000000000e+00
