6.721142173795883190e-01 4.899615197634014097e-01 3.080126084048530610e-01 5.876722677243310100e-01 2.634134505956705619e-01 2.165829723971550158e-01 2.874709406276812484e-01
9.724360156119541410e-01 9.625617125514873695e-01 9.402243802528691408e-01 9.068548406155195751e-01 9.618358397775716995e-01 9.768589711331578940e-01 9.898282991367184369e-01
9.745338956671431019e-01 9.743248697671494929e-01 9.608447776936245299e-01 9.411007857004480837e-01 8.000606786313172458e-01 8.741587285459531120e-01 9.502580041137649314e-01
9.943252686496778514e-01 9.924309888765570076e-01 9.915528447596325679e-01 9.857568067105295651e-01 9.808727350640055187e-01 9.521668737350221789e-01 9.672055160599870582e-01
9.819555357277411911e-01 9.748558684249677420e-01 9.721121648548370908e-01 9.532617562570537828e-01 9.348959652964701217e-01 8.289547873033920045e-01 8.378450546298766843e-01
9.829158109092505091e-01 9.871413763495193727e-01 9.917252839803444298e-01 9.945382525734263179e-01 9.877574807019303682e-01 9.605725131311257936e-01 9.358166176906751454e-01
9.767907909141264611e-01 9.676962131709450077e-01 9.448534033442356206e-01 8.994163762886954183e-01 8.614112028762024309e-01 7.191775510717243192e-01 5.658388364317867847e-01
9.881387374144579017e-01 9.852702198018471469e-01 9.686555340082005916e-01 9.168150031567672276e-01 8.752637006706359690e-01 7.145610925569712002e-01 7.202118139690086851e-01
0.000000000000000000e+00 0.000000000000000000e+00 0.000000000000000000e+00 0.000000000000000000e+00 0.000000000000000000e+00 0.000000000000000000e+00 0.000000000000000000e+00
9.797197913202319031e-01 9.717471905776513541e-01 9.396272215963742402e-01 9.105228968402160339e-01 7.451393407701242255e-01 6.931897237533198863e-01 8.987368186280939586e-01
9.907887723605675045e-01 9.855948263012107580e-01 9.734688219165864576e-01 9.575498918564566697e-01 6.978451196836984449e-01 4.517199255909636335e-01 4.523114659110492042e-01
5.120692723100831456e-01 5.586154012538331326e-01 4.971215107166032654e-01 5.614442030565792718e-01 6.868771824031350004e-01 8.437924332048511999e-01 7.116069990065416739e-01
9.772564383806217059e-01 9.705885266497862318e-01 9.517248558972356554e-01 7.283260535430094995e-01 5.692744148349935251e-01 6.036311119950099613e-01 7.012468804269429423e-01
0.000000000000000000e+00 0.000000000000000000e+00 0.000000000000000000e+00 0.000000000000000000e+00 0.000000000000000000e+00 0.000000000000000000e+00 0.000000000000000000e+00
9.885068858863410579e-01 9.909354892504339540e-01 9.939674075218195570e-01 9.960295795935888430e-01 9.972872007835993369e-01 9.933188162258788090e-01 9.936356910691197530e-01
0.000000000000000000e+00 0.000000000000000000e+00 0.000000000000000000e+00 0.000000000000000000e+00 0.000000000000000000e+00 0.000000000000000000e+00 0.000000000000000000e+00
0.000000000000000000e+00 0.000000000000000000e+00 0.000000000000000000e+00 0.000000000000000000e+00 0.000000000000000000e+00 0.000000000000000000e+00 0.000000000000000000e+00
0.000000000000000000e+00 0.000000000000000000e+00 0.000000000000000000e+00 0.000000000000000000e+00 0.000000000000000000e+00 0.000000000000000000e+00 0.000000000000000000e+00
0.000000000000000000e+00 0.000000000000000000e+00 0.000000000000000000e+00 0.000000000000000000e+00 0.000000000000000000e+00 0.000000000000000000e+00 0.000000000000000000e+00
0.000000000000000000e+00 0.000000000000000000e+00 0.000000000000000000e+00 0.000000000000000000e+00 0.000000000000000000e+00 0.000000000000000000e+00 0.000000000000000000e+00
9.762613817099119462e-01 9.712198476567214245e-01 9.559460497266711876e-01 9.628777698424565434e-01 9.781988822976688258e-01 9.723980176578382872e-01 8.608663211815024141e-01
9.837782224015836352e-01 9.928347058730883079e-01 9.934424072448206910e-01 9.753833181876009339e-01 9.532496446169644866e-01 6.180611715299401121e-01 9.664084658386783433e-01
9.633552869045644007e-01 9.782420143121460798e-01 9.757046327497146398e-01 9.546279338351276733e-01 9.654575904958453414e-01 9.550899385841243872e-01 9.546185922848392513e-01
9.929144175678469297e-01 9.928341881932487567e-01 9.909018075784289392e-01 9.886935336546135433e-01 9.869648996613391567e-01 9.719423738533727875e-01 8.844681119592082696e-01
7.959217582089225251e-01 7.526380067714709687e-01 5.857928924577540108e-01 6.637418077632778468e-01 6.189641476034811740e-01 8.728027560991464817e-01 8.622020739419865576e-01
9.761307741872977672e-01 9.741896035376189644e-01 9.752437005566424455e-01 9.861176744891586576e-01 9.807841431887358574e-01 7.979375677318054638e-01 1.695900076808838919e-01
9.768182993585736718e-01 9.454570975133842481e-01 9.441176345856768792e-01 9.463639513546378002e-01 9.019953620437252129e-01 8.106648528915603169e-01 7.511608215894686191e-01
0.000000000000000000e+00 0.000000000000000000e+00 0.000000000000000000e+00 0.000000000000000000e+00 0.000000000000000000e+00 0.000000000000000000e+00 0.000000000000000000e+00
9.840435580734343546e-01 9.895526931965256123e-01 9.924726677218034254e-01 9.923539622379007330e-01 9.852786003582482133e-01 9.254270126107975170e-01 6.546292842027207071e-01
8.941361963846385930e-01 8.803553750909708375e-01 6.919902160547616310e-01 6.130051091362220816e-01 6.748532344151434437e-01 5.288152769024712097e-01 6.115748966774917639e-01
9.741583282684058709e-01 9.747766024473337731e-01 9.787127783016630334e-01 9.756900017436553885e-01 9.024095849445535888e-01 7.950290461214379878e-01 8.454750503829833175e-01
9.051419403347978898e-01 8.638224346537011211e-01 8.899309755415153456e-01 8.471150038804052818e-01 8.999282654715623497e-01 8.787425579404759546e-01 5.790991252895549835e-01
0.000000000000000000e+00 0.000000000000000000e+00 0.000000000000000000e+00 0.000000000000000000e+00 0.000000000000000000e+00 0.000000000000000000e+00 0.000000000000000000e+00
8.219977425201641097e-01 6.466923827463377794e-01 8.512067516967459779e-01 9.279211982714906659e-01 9.513822571811147988e-01 9.690083577595028919e-01 9.669682733776738814e-01
9.843361023319269210e-01 9.860125090650447843e-01 9.812386060909367158e-01 9.713071042725988091e-01 9.039514345623277380e-01 2.392815152276751844e-01 3.594597332966458780e-01
5.494593380019670015e-01 5.678795594308685413e-01 4.382574875140416992e-01 5.254562931026206529e-01 8.695380245490598181e-01 7.440084472725887466e-01 1.896704440008782078e-01
6.280269564774660918e-01 8.302485359395395115e-01 9.328240283611264339e-01 9.773363521782777452e-01 9.920885380538188025e-01 9.770791237197199441e-01 9.764072576699974748e-01
9.727628982064970842e-01 9.622401743804162022e-01 7.595303142664735496e-01 6.108575174250837625e-01 7.809951061221096502e-01 5.743427089278843045e-01 1.931738493444918880e-01
8.971835999334717426e-01 8.531931178179703590e-01 8.167068948877614920e-01 8.562086347848230083e-01 5.519937607543692337e-01 5.548426161829025371e-01 4.962866055422681111e-01
6.174853973848202227e-01 4.550300898577446240e-01 4.239744211896607218e-01 4.247769172112818015e-01 6.316242611932050277e-01 7.861718593934720056e-01 6.480909020890888161e-01
9.916186692413335724e-01 9.921047869572343636e-01 9.937230390168111382e-01 9.622337245663518113e-01 9.481319530878251634e-01 9.826200655223347180e-01 7.525130039560485873e-01
0.000000000000000000e+00 0.000000000000000000e+00 0.000000000000000000e+00 0.000000000000000000e+00 0.000000000000000000e+00 0.000000000000000000e+00 0.000000000000000000e+00
9.870645076451640687e-01 9.889809403169168567e-01 9.902027055958597668e-01 9.809326614755889961e-01 9.241406707664128195e-01 5.991556412648958441e-01 5.507370872924353122e-01
7.495698679214990445e-01 9.213319856783687145e-01 9.197184392834961697e-01 8.911221746226594131e-01 9.075416711675943215e-01 9.854506783421060900e-01 9.899689804064795151e-01
9.781645432478303093e-01 9.786924690557184947e-01 9.809366828912171599e-01 9.843746046491428370e-01 9.855051342885259302e-01 9.748599953229665216e-01 9.749141441690460930e-01
6.680893296981552654e-01 6.663743398759462977e-01 8.733364590127860039e-01 7.985328875326024312e-01 7.993968054216507024e-01 5.982472080741214615e-01 4.663495946813876469e-01
9.876460983997261689e-01 9.900614041495195972e-01 9.949271116315788754e-01 9.961126852089037254e-01 9.959051453402042453e-01 9.938465835141794269e-01 9.954561834127048092e-01
0.000000000000000000e+00 0.000000000000000000e+00 0.000000000000000000e+00 0.000000000000000000e+00 0.000000000000000000e+00 0.000000000000000000e+00 0.000000000000000000e+00
0.000000000000000000e+00 0.000000000000000000e+00 0.000000000000000000e+00 0.000000000000000000e+00 0.000000000000000000e+00 0.000000000000000000e+00 0.000000000000000000e+00
9.654875499869783884e-01 9.584738245626781561e-01 6.276294853736974488e-01 4.754399699140775537e-01 6.158834828636305936e-01 4.397570760121580213e-01 7.320243898317739806e-01
9.943630788898326633e-01 9.916481359957264319e-01 9.893545251171689259e-01 9.790080710190950386e-01 9.241795400919248227e-01 9.172352212303989116e-01 8.999456077918217556e-01
5.374521698307663797e-01 6.466703410173572086e-01 8.373358348240307336e-01 8.638258919131280855e-01 9.299179016686299759e-01 9.454419464551421237e-01 9.519634896229942633e-01
0.000000000000000000e+00 0.000000000000000000e+00 0.000000000000000000e+00 0.000000000000000000e+00 0.000000000000000000e+00 0.000000000000000000e+00 0.000000000000000000e+00
7.412797498855707712e-01 6.431082169577380103e-01 8.325402428204526917e-01 6.765341596749033792e-01 6.710727735348913647e-01 9.472682227964002166e-01 9.044911941724241844e-01
8.841911389480339167e-01 8.966089611863145015e-01 9.212788407341996333e-01 9.047128887336386427e-01 8.535464947706802308e-01 6.076441435601261931e-01 3.648684986109199668e-01
0.000000000000000000e+00 0.000000000000000000e+00 0.000000000000000000e+00 0.000000000000000000e+00 0.000000000000000000e+00 0.000000000000000000e+00 0.000000000000000000e+00
0.000000000000000000e+00 0.000000000000000000e+00 0.000000000000000000e+00 0.000000000000000000e+00 0.000000000000000000e+00 0.000000000000000000e+00 0.000000000000000000e+00
0.000000000000000000e+00 0.000000000000000000e+00 0.000000000000000000e+00 0.000000000000000000e+00 0.000000000000000000e+00 0.000000000000000000e+00 0.000000000000000000e+00
0.000000000000000000e+00 0.000000000000000000e+00 0.000000000000000000e+00 0.000000000000000000e+00 0.000000000000000000e+00 0.000000000000000000e+00 0.000000000000000000e+00
0.000000000000000000e+00 0.000000000000000000e+00 0.000000000000000000e+00 0.000000000000000000e+00 0.000000000000000000e+00 0.000000000000000000e+00 0.000000000000000000e+00
0.000000000000000000e+00 0.000000000000000000e+00 0.000000000000000000e+00 0.000000000000000000e+00 0.000000000000000000e+00 0.000000000000000000e+00 0.000000000000000000e+00
0.000000000000000000e+00 0.000000000000000000e+00 0.000000000000000000e+00 0.000000000000000000e+00 0.000000000000000000e+00 0.000000000000000000e+00 0.000000000000000000e+00
0.000000000000000000e+00 0.000000000000000000e+00 0.000000000000000000e+00 0.000000000000000000e+00 0.000000000000000000e+00 0.000000000000000000e+00 0.000000000000000000e+00
0.000000000000000000e+00 0.000000000000000000e+00 0.000000000000000000e+00 0.000000000000000000e+00 0.000000000000000000e+00 0.000000000000000000e+00 0.000000000000000000e+00
0.000000000000000000e+00 0.000000000000000000e+00 0.000000000000000000e+00 0.000000000000000000e+00 0.000000000000000000e+00 0.000000000000000000e+00 0.000000000000000000e+00
0.000000000000000000e+00 0.000000000000000000e+00 0.000000000000000000e+00 0.000000000000000000e+00 0.000000000000000000e+00 0.000000000000000000e+00 0.000000000000000000e+00
0.000000000000000000e+00 0.000000000000000000e+00 0.000000000000000000e+00 0.000000000000000000e+00 0.000000000000000000e+00 0.000000000000000000e+00 0.000000000000000000e+00
0.000000000000000000e+00 0.000000000000000000e+00 0.000000000000000000e+00 0.000000000000000000e+00 0.000000000000000000e+00 0.000000000000000000e+00 0.000000000000000000e+00
