7.063495771401495649e-01 6.631000558370152564e-01 6.700376241663529298e-01 6.232204404341021853e-01 2.062165270954846030e-01 2.483124111839552506e-01 3.295054988943652563e-01
9.701213691228941505e-01 9.561722825576650653e-01 9.253644544735355471e-01 9.236801942744484739e-01 9.521781967961279181e-01 9.552267560474770880e-01 9.870101982708602284e-01
9.632627488125876658e-01 9.664984148818452914e-01 9.610621465850189837e-01 9.600033390392760380e-01 8.940785146703054131e-01 8.649382828194738249e-01 9.649767880821834565e-01
9.811200767732897177e-01 9.841090663992997367e-01 9.888805553857924480e-01 9.827576596711947721e-01 9.715913616067397562e-01 9.289110555344606279e-01 9.345118016292779384e-01
9.798993127541014703e-01 9.814327598085637039e-01 9.765028699835247572e-01 9.388509523297661197e-01 9.037438617745346958e-01 5.739230661437297876e-01 7.852073597746761502e-01
9.787329433404617918e-01 9.890490520504022776e-01 9.930726775147856733e-01 9.949398757950576044e-01 9.880263223201924960e-01 9.686380091883195487e-01 9.484687326108230954e-01
9.744543830998874112e-01 9.654116613130486746e-01 9.509088370356546527e-01 8.623480655541501116e-01 7.713670620677025580e-01 5.684875018066783969e-01 5.394590260706733087e-01
9.836129779872535561e-01 9.848460358773323264e-01 9.780529468299317131e-01 9.128171073999955532e-01 9.167960518701320227e-01 6.508861295662383695e-01 6.821802459924384276e-01
0.000000000000000000e+00 0.000000000000000000e+00 0.000000000000000000e+00 0.000000000000000000e+00 0.000000000000000000e+00 0.000000000000000000e+00 0.000000000000000000e+00
9.671504360679953338e-01 9.756261347355213998e-01 9.672276327717473920e-01 9.455248449397426480e-01 8.621454127934352618e-01 6.983869036211882708e-01 9.170806185743454186e-01
9.847963610120945566e-01 9.831864363574626120e-01 9.810888506500802242e-01 9.574792977203305799e-01 5.271717553358640229e-01 7.759272037775701847e-01 4.649148475404845660e-01
7.501316037760740185e-01 6.568488510347547660e-01 5.658966662940854153e-01 5.716332354213463640e-01 6.158625567567804771e-01 7.074725225179396837e-01 6.615176733663241659e-01
9.754616986304828208e-01 9.725832454806779825e-01 9.527085244210052872e-01 7.648590324680738517e-01 6.321322874044934537e-01 6.295994330406173844e-01 7.590491848112298490e-01
0.000000000000000000e+00 0.000000000000000000e+00 0.000000000000000000e+00 0.000000000000000000e+00 0.000000000000000000e+00 0.000000000000000000e+00 0.000000000000000000e+00
9.862108875138508868e-01 9.903904036360448027e-01 9.927348421621684516e-01 9.918770257571137838e-01 9.953934525853869175e-01 9.962410822632712382e-01 9.931294259174832106e-01
0.000000000000000000e+00 0.000000000000000000e+00 0.000000000000000000e+00 0.000000000000000000e+00 0.000000000000000000e+00 0.000000000000000000e+00 0.000000000000000000e+00
0.000000000000000000e+00 0.000000000000000000e+00 0.000000000000000000e+00 0.000000000000000000e+00 0.000000000000000000e+00 0.000000000000000000e+00 0.000000000000000000e+00
0.000000000000000000e+00 0.000000000000000000e+00 0.000000000000000000e+00 0.000000000000000000e+00 0.000000000000000000e+00 0.000000000000000000e+00 0.000000000000000000e+00
0.000000000000000000e+00 0.000000000000000000e+00 0.000000000000000000e+00 0.000000000000000000e+00 0.000000000000000000e+00 0.000000000000000000e+00 0.000000000000000000e+00
0.000000000000000000e+00 0.000000000000000000e+00 0.000000000000000000e+00 0.000000000000000000e+00 0.000000000000000000e+00 0.000000000000000000e+00 0.000000000000000000e+00
9.547691621770122428e-01 9.690630856524599102e-01 9.826185917195562336e-01 9.807990187947580596e-01 9.768846773319547205e-01 9.762814938167372336e-01 8.813517820981390249e-01
9.712911029277176977e-01 9.846307590126937015e-01 9.848652441425324033e-01 9.671676636703995245e-01 9.509171919192349609e-01 5.536668317158696118e-01 9.564219790369330454e-01
9.110751922402717806e-01 9.651004945051324668e-01 9.745520570924582904e-01 9.478593931516997584e-01 9.612311753217841481e-01 9.639404409519659600e-01 9.662541954153722745e-01
9.913001404119632376e-01 9.912333721730817171e-01 9.901558780911755564e-01 9.911387903840253033e-01 9.935333557675217753e-01 9.872211198268072696e-01 9.787446916428368393e-01
6.759007921701857269e-01 7.101200294918288414e-01 8.334552363903682259e-01 6.664376884577954963e-01 7.093861387018044473e-01 8.577774075701209977e-01 9.373506689085026045e-01
9.630581800319839569e-01 9.788729554500010810e-01 9.657005431188387945e-01 9.798110681189262650e-01 9.845585319076013420e-01 8.982001075733796469e-01 9.372553616976138091e-01
9.914270391423375406e-01 9.883484525780599217e-01 9.720515779174572213e-01 9.407797838878325658e-01 9.314543495600648981e-01 9.184433483063183523e-01 8.373198132338995903e-01
0.000000000000000000e+00 0.000000000000000000e+00 0.000000000000000000e+00 0.000000000000000000e+00 0.000000000000000000e+00 0.000000000000000000e+00 0.000000000000000000e+00
9.859374321168451472e-01 9.880835006655711572e-01 9.917389764305095667e-01 9.910714169167009757e-01 9.900121130877198583e-01 9.850386718776399375e-01 9.693481545733009241e-01
9.417437915423048089e-01 9.557287919215293748e-01 9.010156921396300644e-01 6.641302670884938752e-01 4.808530964210980807e-01 4.710594610187507358e-01 3.975527713150979192e-01
9.671899818474077870e-01 9.820033047932774650e-01 9.819789444107382970e-01 9.757764839261647838e-01 9.257252033192694407e-01 8.770387153816615600e-01 9.266715844939255042e-01
9.283607583648396666e-01 8.786758825108266224e-01 6.818416736545704904e-01 8.012025323823352974e-01 9.206769378043030416e-01 8.899792220663328424e-01 9.182106108978109749e-01
0.000000000000000000e+00 0.000000000000000000e+00 0.000000000000000000e+00 0.000000000000000000e+00 0.000000000000000000e+00 0.000000000000000000e+00 0.000000000000000000e+00
8.409276337527807899e-01 8.801575779349074535e-01 9.231993453606816002e-01 9.181246369910921468e-01 9.424053154812099820e-01 9.667882975905781606e-01 9.569276848343791775e-01
9.918179106330272665e-01 9.892576166185600428e-01 9.888475407867581835e-01 9.853986804646646114e-01 9.620537617999639357e-01 5.497520389522141393e-01 5.692933862452845828e-01
3.339765850403831338e-01 3.780645207307156697e-01 5.581684291913269202e-01 8.299471206169474202e-01 9.404523698014105593e-01 8.691034765148201169e-01 8.103473465826115385e-01
6.501835972818190701e-01 7.845349151510383479e-01 9.330174893707854356e-01 9.710967682757269959e-01 9.907058548569777079e-01 9.694957244396502638e-01 9.638662900813549372e-01
9.593764295329411107e-01 9.433385438469344964e-01 8.614969884631319408e-01 6.120792638865263369e-01 8.844382301951545511e-01 9.142766819844969639e-01 4.903600589233965135e-01
8.999865417775458898e-01 9.386353075800153434e-01 7.898350890030809701e-01 8.183145582896419468e-01 6.577469277284967442e-01 5.259063388323030885e-01 5.158077297557956964e-01
6.923145582368329665e-01 6.049075775020783530e-01 4.674331575651566872e-01 4.925007007098180511e-01 6.075321425605327841e-01 7.792358470874956033e-01 8.865658801794636945e-01
9.861022288915783918e-01 9.895893472604506691e-01 9.752055849587021319e-01 9.074444244395432069e-01 9.125685366082521011e-01 9.696792289085954808e-01 9.699922822574641446e-01
0.000000000000000000e+00 0.000000000000000000e+00 0.000000000000000000e+00 0.000000000000000000e+00 0.000000000000000000e+00 0.000000000000000000e+00 0.000000000000000000e+00
9.885152207889039699e-01 9.899573557047934846e-01 9.917330161065779359e-01 9.829334154500849463e-01 9.374793306209898702e-01 5.707972469381692449e-01 5.643979043331533996e-01
7.973544661332000461e-01 9.117180325160028076e-01 8.841623438991337292e-01 8.856510140715616597e-01 8.973635371717064713e-01 9.714666796421065342e-01 9.850347319423277126e-01
0.000000000000000000e+00 0.000000000000000000e+00 0.000000000000000000e+00 0.000000000000000000e+00 0.000000000000000000e+00 0.000000000000000000e+00 0.000000000000000000e+00
0.000000000000000000e+00 0.000000000000000000e+00 0.000000000000000000e+00 0.000000000000000000e+00 0.000000000000000000e+00 0.000000000000000000e+00 0.000000000000000000e+00
0.000000000000000000e+00 0.000000000000000000e+00 0.000000000000000000e+00 0.000000000000000000e+00 0.000000000000000000e+00 0.000000000000000000e+00 0.000000000000000000e+00
0.000000000000000000e+00 0.000000000000000000e+00 0.000000000000000000e+00 0.000000000000000000e+00 0.000000000000000000e+00 0.000000000000000000e+00 0.000000000000000000e+00
0.000000000000000000e+00 0.000000000000000000e+00 0.000000000000000000e+00 0.000000000000000000e+00 0.000000000000000000e+00 0.000000000000000000e+00 0.000000000000000000e+00
0.000000000000000000e+00 0.000000000000000000e+00 0.000000000000000000e+00 0.000000000000000000e+00 0.000000000000000000e+00 0.000000000000000000e+00 0.000000000000000000e+00
0.000000000000000000e+00 0.000000000000000000e+00 0.000000000000000000e+00 0.000000000000000000e+00 0.000000000000000000e+00 0.000000000000000000e+00 0.000000000000000000e+00
0.000000000000000000e+00 0.000000000000000000e+00 0.000000000000000000e+00 0.000000000000000000e+00 0.000000000000000000e+00 0.000000000000000000e+00 0.000000000000000000e+00
0.000000000000000000e+00 0.000000000000000000e+00 0.000000000000000000e+00 0.000000000000000000e+00 0.000000000000000000e+00 0.000000000000000000e+00 0.000000000000000000e+00
0.000000000000000000e+00 0.000000000000000000e+00 0.000000000000000000e+00 0.000000000000000000e+00 0.000000000000000000e+00 0.000000000000000000e+00 0.000000000000000000e+00
0.000000000000000000e+00 0.000000000000000000e+00 0.000000000000000000e+00 0.000000000000000000e+00 0.000000000000000000e+00 0.000000000000000000e+00 0.000000000000000000e+00
0.000000000000000000e+00 0.000000000000000000e+00 0.000000000000000000e+00 0.000000000000000000e+00 0.000000000000000000e+00 0.000000000000000000e+00 0.000000000000000000e+00
0.000000000000000000e+00 0.000000000000000000e+00 0.000000000000000000e+00 0.000000000000000000e+00 0.000000000000000000e+00 0.000000000000000000e+00 0.000000000000000000e+00
0.000000000000000000e+00 0.000000000000000000e+00 0.000000000000000000e+00 0.000000000000000000e+00 0.000000000000000000e+00 0.000000000000000000e+00 0.000000000000000000e+00
0.000000000000000000e+00 0.000000000000000000e+00 0.000000000000000000e+00 0.000000000000000000e+00 0.000000000000000000e+00 0.000000000000000000e+00 0.000000000000000000e+00
0.000000000000000000e+00 0.000000000000000000e+00 0.000000000000000000e+00 0.000000000000000000e+00 0.000000000000000000e+00 0.000000000000000000e+00 0.000000000000000000e+00
0.000000000000000000e+00 0.000000000000000000e+00 0.000000000000000000e+00 0.000000000000000000e+00 0.000000000000000000e+00 0.000000000000000000e+00 0.000000000000000000e+00
0.000000000000000000e+00 0.000000000000000000e+00 0.000000000000000000e+00 0.000000000000000000e+00 0.000000000000000000e+00 0.000000000000000000e+00 0.000000000000000000e+00
0.000000000000000000e+00 0.000000000000000000e+00 0.000000000000000000e+00 0.000000000000000000e+00 0.000000000000000000e+00 0.000000000000000000e+00 0.000000000000000000e+00
0.000000000000000000e+00 0.000000000000000000e+00 0.000000000000000000e+00 0.000000000000000000e+00 0.000000000000000000e+00 0.000000000000000000e+00 0.000000000000000000e+00
0.000000000000000000e+00 0.000000000000000000e+00 0.000000000000000000e+00 0.000000000000000000e+00 0.000000000000000000e+00 0.000000000000000000e+00 0.000000000000000000e+00
0.000000000000000000e+00 0.000000000000000000e+00 0.000000000000000000e+00 0.000000000000000000e+00 0.000000000000000000e+00 0.000000000000000000e+00 0.000000000000000000e+00
0.000000000000000000e+00 0.000000000000000000e+00 0.000000000000000000e+00 0.000000000000000000e+00 0.000000000000000000e+00 0.000000000000000000e+00 0.000000000000000000e+00
0.000000000000000000e+00 0.000000000000000000e+00 0.000000000000000000e+00 0.000000000000000000e+00 0.000000000000000000e+00 0.000000000000000000e+00 0.000000000000000000e+00
