1.028893851145056715e+01 4.788938511450567148e+00 3.422889385114505671e+02 3.285389385114505671e+02 3.482889385114505671e+02 5.978893851145056715e+01 5.978893851145056715e+01
1.669480294848142421e+00 4.194802948481424210e-01 3.494194802948481424e+02 3.521694802948481424e+02 3.489194802948481424e+02 3.566694802948481424e+02 3.581694802948481424e+02
1.135088467243861032e-01 2.613508846724386103e+00 1.113508846724386103e+00 3.561135088467243577e+02 1.111350884672438610e+01 3.136350884672438610e+01 1.836350884672438610e+01
8.645266121737563481e+00 8.395266121737563481e+00 8.645266121737563481e+00 8.895266121737563481e+00 5.895266121737563481e+00 3.528952661217375635e+02 1.145266121737563481e+00
8.966463834447495174e+00 8.466463834447495174e+00 9.216463834447495174e+00 9.216463834447495174e+00 5.466463834447495174e+00 3.392164638344474952e+02 3.384664638344474952e+02
2.147287998781280294e+00 3.897287998781280294e+00 6.147287998781280294e+00 5.147287998781280294e+00 2.147287998781280294e+00 3.598972879987812803e+02 1.289728799878128029e+01
1.164807380950799143e+01 1.264807380950799143e+01 1.839807380950799143e+01 2.189807380950799143e+01 2.739807380950799143e+01 2.939807380950799143e+01 3.403980738095079914e+02
2.765760857005068374e+01 2.440760857005068374e+01 2.240760857005068374e+01 1.840760857005068374e+01 1.390760857005068374e+01 3.090760857005068374e+01 3.740760857005068374e+01
0.000000000000000000e+00 0.000000000000000000e+00 0.000000000000000000e+00 0.000000000000000000e+00 0.000000000000000000e+00 0.000000000000000000e+00 0.000000000000000000e+00
3.590029723941237307e+02 1.502972394123730737e+00 1.752972394123730737e+00 3.585029723941237307e+02 2.250297239412373074e+01 3.025297239412373074e+01 1.825297239412373074e+01
3.114252795959259856e+01 2.864252795959259856e+01 2.414252795959259856e+01 1.439252795959259856e+01 1.425279595925985632e-01 3.914252795959259856e+01 5.389252795959259856e+01
5.972189340335120278e+01 5.822189340335120278e+01 4.247189340335120278e+01 5.221893403351202778e+00 3.549718934033512028e+02 1.547189340335120278e+01 3.534718934033512028e+02
3.346347658977191486e+01 2.796347658977191486e+01 4.963476589771914860e+00 3.244634765897719149e+02 3.242134765897719149e+02 3.369634765897719149e+02 3.472134765897719149e+02
0.000000000000000000e+00 0.000000000000000000e+00 0.000000000000000000e+00 0.000000000000000000e+00 0.000000000000000000e+00 0.000000000000000000e+00 0.000000000000000000e+00
3.599214590516862700e+02 3.589214590516862700e+02 3.574214590516862700e+02 3.566714590516862700e+02 3.561714590516862700e+02 3.559214590516862700e+02 3.559214590516862700e+02
0.000000000000000000e+00 0.000000000000000000e+00 0.000000000000000000e+00 0.000000000000000000e+00 0.000000000000000000e+00 0.000000000000000000e+00 0.000000000000000000e+00
0.000000000000000000e+00 0.000000000000000000e+00 0.000000000000000000e+00 0.000000000000000000e+00 0.000000000000000000e+00 0.000000000000000000e+00 0.000000000000000000e+00
0.000000000000000000e+00 0.000000000000000000e+00 0.000000000000000000e+00 0.000000000000000000e+00 0.000000000000000000e+00 0.000000000000000000e+00 0.000000000000000000e+00
0.000000000000000000e+00 0.000000000000000000e+00 0.000000000000000000e+00 0.000000000000000000e+00 0.000000000000000000e+00 0.000000000000000000e+00 0.000000000000000000e+00
0.000000000000000000e+00 0.000000000000000000e+00 0.000000000000000000e+00 0.000000000000000000e+00 0.000000000000000000e+00 0.000000000000000000e+00 0.000000000000000000e+00
3.414847789833663683e+01 3.164847789833663683e+01 2.889847789833663683e+01 7.398477898336636827e+00 2.148477898336636827e+00 2.114847789833663683e+01 3.571484778983366368e+02
5.103816799113587876e+00 5.103816799113587876e+00 4.853816799113587876e+00 3.593538167991135879e+02 3.516038167991135879e+02 3.241038167991135879e+02 3.538538167991135879e+02
8.157835088277835212e+00 1.815783508827783521e+01 8.657835088277835212e+00 3.436578350882778068e+02 3.444078350882778068e+02 3.446578350882778068e+02 3.551578350882778068e+02
5.991057260240211235e+00 2.741057260240211235e+00 3.584910572602402112e+02 3.552410572602402112e+02 3.559910572602402112e+02 3.579910572602402112e+02 3.587410572602402112e+02
3.589987844035352964e+02 2.248784403535267984e+00 1.749878440353526798e+01 5.299878440353526798e+01 5.999878440353526798e+01 1.049878440353526798e+01 6.998784403535267984e+00
3.573966489392200856e+02 3.533966489392200856e+02 4.646648939220085595e+00 1.989664893922008559e+01 3.414664893922008559e+01 2.814664893922008559e+01 7.639664893922008559e+01
4.470703919607103671e+00 3.589707039196071037e+02 3.432207039196071037e+02 3.044707039196071037e+02 3.149707039196071037e+02 3.192207039196071037e+02 2.362207039196071037e+02
0.000000000000000000e+00 0.000000000000000000e+00 0.000000000000000000e+00 0.000000000000000000e+00 0.000000000000000000e+00 0.000000000000000000e+00 0.000000000000000000e+00
2.502528310198670169e+00 3.580025283101986702e+02 3.560025283101986702e+02 3.572525283101986702e+02 3.577525283101986702e+02 3.535025283101986702e+02 3.585025283101986702e+02
6.032170861659558625e+00 8.782170861659558625e+00 1.453217086165955862e+01 2.778217086165955862e+01 6.003217086165955152e+01 6.603217086165955152e+01 3.278217086165955862e+01
3.910982608043838127e+00 7.160982608043838127e+00 9.660982608043838127e+00 1.391098260804383813e+01 8.410982608043838127e+00 3.566609826080438097e+02 3.506609826080438097e+02
6.175778182503222524e+00 3.529257781825032225e+02 3.559257781825032225e+02 8.425778182503222524e+00 6.175778182503222524e+00 1.042577818250322252e+01 6.175778182503222524e+00
0.000000000000000000e+00 0.000000000000000000e+00 0.000000000000000000e+00 0.000000000000000000e+00 0.000000000000000000e+00 0.000000000000000000e+00 0.000000000000000000e+00
3.330486929377304932e+02 3.542986929377304932e+02 9.298692937730493213e+00 1.654869293773049321e+01 7.548692937730493213e+00 3.562986929377304932e+02 3.577986929377304932e+02
3.582328105004568215e+02 3.584828105004568215e+02 3.577328105004568215e+02 3.564828105004568215e+02 3.504828105004568215e+02 3.422328105004568215e+02 3.549828105004568215e+02
7.595449000147959850e+01 4.470449000147959850e+01 3.509544900014795985e+02 3.462044900014795985e+02 3.599544900014795985e+02 9.544900014795736354e-01 1.245449000147957364e+01
3.465162556938427088e+02 3.490162556938427088e+02 3.485162556938427088e+02 3.495162556938427088e+02 3.477662556938427088e+02 1.016255693842680330e+00 3.016255693842680330e+00
2.394919204334291862e+01 2.019919204334291862e+01 2.694919204334291862e+01 2.844919204334291862e+01 3.586991920433429186e+02 9.199192043342918623e+00 5.194919204334291862e+01
3.819590323188248249e+01 3.394590323188248249e+01 2.844590323188248249e+01 6.695903231882482487e+00 1.959032318824824870e-01 6.344590323188248249e+01 5.744590323188248249e+01
