7.339915592630831265e-01 6.076050333845834928e-01 6.028491793305572610e-01 4.476468892412529543e-01 3.386908760293895759e-01 3.262915853629793639e-01 6.108737160055884852e-01
9.756254678430555938e-01 9.712772853679537688e-01 9.352160245318612564e-01 8.381346920485711616e-01 8.555977091071863549e-01 5.937985640677390098e-01 4.796967202113284756e-01
9.447700987579239484e-01 9.400777720782053093e-01 9.288678129268297390e-01 9.033167736859522012e-01 9.222926290148679707e-01 7.831573100166641099e-01 9.459038871696230366e-01
9.759908445869418525e-01 9.757149424491555756e-01 9.790797367614445523e-01 9.801789540009449020e-01 9.653683934884980111e-01 9.043215569279883237e-01 6.776487101270132207e-01
9.702643763845550939e-01 9.729522863827023693e-01 9.779359463789244478e-01 9.477658417210352848e-01 9.113246885018730925e-01 8.614288422885563179e-01 8.600342272478710415e-01
9.724857582908412734e-01 9.777133630394531094e-01 9.889338182877767114e-01 9.929431074344802211e-01 9.867893162189599332e-01 9.299675883222523476e-01 3.304621399184701214e-01
9.156474360432382831e-01 9.158971294785235306e-01 9.324825190335729319e-01 9.284423246948179109e-01 9.277375399966388825e-01 7.934500675455362639e-01 7.456990731185886290e-01
9.632257007521038972e-01 9.593728494396837059e-01 9.451614072906876496e-01 9.128615415526054599e-01 8.982869104100380531e-01 6.603675981468717371e-01 6.449607378690034309e-01
0.000000000000000000e+00 0.000000000000000000e+00 0.000000000000000000e+00 0.000000000000000000e+00 0.000000000000000000e+00 0.000000000000000000e+00 0.000000000000000000e+00
9.327298588754402431e-01 9.346302492908291626e-01 9.111388884314927106e-01 8.778998124073705833e-01 8.524907415993611126e-01 7.069029842844934963e-01 9.025211145199508733e-01
9.585638452983084035e-01 9.637851369323058304e-01 9.592103299127069382e-01 9.378754447090564828e-01 6.722188366774288770e-01 3.984029619624342433e-01 4.284085056801442137e-01
7.531774105313016054e-01 6.453550292226393204e-01 7.425747345072136740e-01 5.124192232873189257e-01 4.118351038556526955e-01 5.463917821499539862e-01 5.978247789721772287e-01
9.789641123899240904e-01 9.779285738104809278e-01 9.437391901073159950e-01 8.039504599106038762e-01 6.635223923512829636e-01 6.684184541057325291e-01 6.828553265162082830e-01
0.000000000000000000e+00 0.000000000000000000e+00 0.000000000000000000e+00 0.000000000000000000e+00 0.000000000000000000e+00 0.000000000000000000e+00 0.000000000000000000e+00
9.497499559353691501e-01 9.456324447731935257e-01 9.519553784382503991e-01 9.668149342937653046e-01 9.778988197665213766e-01 9.908987927352975733e-01 9.939538049693363853e-01
0.000000000000000000e+00 0.000000000000000000e+00 0.000000000000000000e+00 0.000000000000000000e+00 0.000000000000000000e+00 0.000000000000000000e+00 0.000000000000000000e+00
0.000000000000000000e+00 0.000000000000000000e+00 0.000000000000000000e+00 0.000000000000000000e+00 0.000000000000000000e+00 0.000000000000000000e+00 0.000000000000000000e+00
0.000000000000000000e+00 0.000000000000000000e+00 0.000000000000000000e+00 0.000000000000000000e+00 0.000000000000000000e+00 0.000000000000000000e+00 0.000000000000000000e+00
0.000000000000000000e+00 0.000000000000000000e+00 0.000000000000000000e+00 0.000000000000000000e+00 0.000000000000000000e+00 0.000000000000000000e+00 0.000000000000000000e+00
0.000000000000000000e+00 0.000000000000000000e+00 0.000000000000000000e+00 0.000000000000000000e+00 0.000000000000000000e+00 0.000000000000000000e+00 0.000000000000000000e+00
9.611672423875428084e-01 9.641159682116011709e-01 9.529014133536859443e-01 9.467577846606989311e-01 9.621743521065458937e-01 9.304770987662683845e-01 9.029033789164844226e-01
9.773585407630074329e-01 9.759748298936802291e-01 9.769315280734184315e-01 9.494059640617207307e-01 9.295998301843159117e-01 7.249091862643080031e-01 9.525914439940205147e-01
9.156368405312237391e-01 9.201885193094766491e-01 9.014102599588094122e-01 8.910759515558290822e-01 9.176431471525321459e-01 8.923706978979517590e-01 9.304949015395805878e-01
9.830981702016400314e-01 9.819975366852701226e-01 9.819925891202856416e-01 9.882081313550823420e-01 9.899206722205523556e-01 9.872490399141589101e-01 9.374809821481203675e-01
8.836656077944273768e-01 8.251030599932823728e-01 7.032701135133746506e-01 5.559330837408774650e-01 4.357517551883839380e-01 7.546674698752879884e-01 8.919156644257756339e-01
9.679929854842905801e-01 9.440403386307704148e-01 9.522686293534736723e-01 9.611118239921865314e-01 9.747426570852053551e-01 9.495577552257743470e-01 8.834438558164502409e-01
9.479592861411102467e-01 9.609983791507530348e-01 9.710166538842964767e-01 9.637041009505842304e-01 9.166714605601716803e-01 8.558371253365946174e-01 9.009225262306558291e-01
0.000000000000000000e+00 0.000000000000000000e+00 0.000000000000000000e+00 0.000000000000000000e+00 0.000000000000000000e+00 0.000000000000000000e+00 0.000000000000000000e+00
9.747383624667709245e-01 9.765969735536407237e-01 9.821409520272151861e-01 9.863566026987381496e-01 9.879037927258439433e-01 9.447158107274384875e-01 7.940307572189438945e-01
6.773489602372906315e-01 5.956834389593731460e-01 5.681818677415985119e-01 7.191198293078069348e-01 6.544568125598723141e-01 2.899342224829380976e-01 7.932082558243734871e-01
9.445770911737650932e-01 9.469808230279521677e-01 9.570356657212291118e-01 9.613166638886392334e-01 9.083252068703964177e-01 8.631367877341673545e-01 8.156489998233580341e-01
8.337543604140688069e-01 7.737652843026646687e-01 7.862085936607902115e-01 8.509101426737966101e-01 9.183101222725773560e-01 9.284215774674507982e-01 9.429319063268616352e-01
0.000000000000000000e+00 0.000000000000000000e+00 0.000000000000000000e+00 0.000000000000000000e+00 0.000000000000000000e+00 0.000000000000000000e+00 0.000000000000000000e+00
8.191887992244932803e-01 6.916722421936816190e-01 8.824475059853739145e-01 9.302384144344147954e-01 9.141362656999341141e-01 9.530826266843281935e-01 9.703265428234230106e-01
9.519631187086002866e-01 9.196890747426699209e-01 9.274260617907651438e-01 9.506328181893849427e-01 9.336940206050033941e-01 7.144843403500239498e-01 6.352751122846023168e-01
5.618925247616413099e-01 4.594686930541310166e-01 3.873182158998829117e-01 4.530646182457214732e-01 8.189411539940339990e-01 7.872318787819158059e-01 5.751835553456701167e-01
6.710906151415384491e-01 8.043254719991835833e-01 9.146244039337381171e-01 9.686646236844210778e-01 9.837930196101206670e-01 9.661073263651567267e-01 9.740366524749466404e-01
9.487231997834305597e-01 9.196171764170563145e-01 5.884914046160565348e-01 4.976313840585898651e-01 9.200245906364744597e-01 8.328585999848537869e-01 4.580213124660624802e-01
7.365723564539021773e-01 8.476726536362373388e-01 7.868998230540332761e-01 5.927257034854079842e-01 6.136722722522853779e-01 6.379898829079272415e-01 5.885709018850383556e-01
8.169212578328358676e-01 6.018568449725250069e-01 4.167610430517152409e-01 5.086718378238477278e-01 6.547582530894737740e-01 8.307135188095018385e-01 8.871366895599829272e-01
9.518341533438230417e-01 9.607971872300740124e-01 9.678032832759968507e-01 9.418261964301848366e-01 9.469466486222437585e-01 9.899003721097638930e-01 9.274743193721858292e-01
0.000000000000000000e+00 0.000000000000000000e+00 0.000000000000000000e+00 0.000000000000000000e+00 0.000000000000000000e+00 0.000000000000000000e+00 0.000000000000000000e+00
0.000000000000000000e+00 0.000000000000000000e+00 0.000000000000000000e+00 0.000000000000000000e+00 0.000000000000000000e+00 0.000000000000000000e+00 0.000000000000000000e+00
0.000000000000000000e+00 0.000000000000000000e+00 0.000000000000000000e+00 0.000000000000000000e+00 0.000000000000000000e+00 0.000000000000000000e+00 0.000000000000000000e+00
0.000000000000000000e+00 0.000000000000000000e+00 0.000000000000000000e+00 0.000000000000000000e+00 0.000000000000000000e+00 0.000000000000000000e+00 0.000000000000000000e+00
7.775437106884619531e-01 8.448572450764127995e-01 7.471739320668302486e-01 6.526106278883549994e-01 6.938717181221889518e-01 8.451309576223778874e-01 5.038238473455445288e-01
9.584794833021034188e-01 9.663160595910603723e-01 9.769349427671807362e-01 9.846421910544109757e-01 9.837111235989950409e-01 9.088156133174294382e-01 6.562054168833812984e-01
0.000000000000000000e+00 0.000000000000000000e+00 0.000000000000000000e+00 0.000000000000000000e+00 0.000000000000000000e+00 0.000000000000000000e+00 0.000000000000000000e+00
0.000000000000000000e+00 0.000000000000000000e+00 0.000000000000000000e+00 0.000000000000000000e+00 0.000000000000000000e+00 0.000000000000000000e+00 0.000000000000000000e+00
0.000000000000000000e+00 0.000000000000000000e+00 0.000000000000000000e+00 0.000000000000000000e+00 0.000000000000000000e+00 0.000000000000000000e+00 0.000000000000000000e+00
0.000000000000000000e+00 0.000000000000000000e+00 0.000000000000000000e+00 0.000000000000000000e+00 0.000000000000000000e+00 0.000000000000000000e+00 0.000000000000000000e+00
0.000000000000000000e+00 0.000000000000000000e+00 0.000000000000000000e+00 0.000000000000000000e+00 0.000000000000000000e+00 0.000000000000000000e+00 0.000000000000000000e+00
0.000000000000000000e+00 0.000000000000000000e+00 0.000000000000000000e+00 0.000000000000000000e+00 0.000000000000000000e+00 0.000000000000000000e+00 0.000000000000000000e+00
0.000000000000000000e+00 0.000000000000000000e+00 0.000000000000000000e+00 0.000000000000000000e+00 0.000000000000000000e+00 0.000000000000000000e+00 0.000000000000000000e+00
0.000000000000000000e+00 0.000000000000000000e+00 0.000000000000000000e+00 0.000000000000000000e+00 0.000000000000000000e+00 0.000000000000000000e+00 0.000000000000000000e+00
0.000000000000000000e+00 0.000000000000000000e+00 0.000000000000000000e+00 0.000000000000000000e+00 0.000000000000000000e+00 0.000000000000000000e+00 0.000000000000000000e+00
0.000000000000000000e+00 0.000000000000000000e+00 0.000000000000000000e+00 0.000000000000000000e+00 0.000000000000000000e+00 0.000000000000000000e+00 0.000000000000000000e+00
0.000000000000000000e+00 0.000000000000000000e+00 0.000000000000000000e+00 0.000000000000000000e+00 0.000000000000000000e+00 0.000000000000000000e+00 0.000000000000000000e+00
0.000000000000000000e+00 0.000000000000000000e+00 0.000000000000000000e+00 0.000000000000000000e+00 0.000000000000000000e+00 0.000000000000000000e+00 0.000000000000000000e+00
0.000000000000000000e+00 0.000000000000000000e+00 0.000000000000000000e+00 0.000000000000000000e+00 0.000000000000000000e+00 0.000000000000000000e+00 0.000000000000000000e+00
0.000000000000000000e+00 0.000000000000000000e+00 0.000000000000000000e+00 0.000000000000000000e+00 0.000000000000000000e+00 0.000000000000000000e+00 0.000000000000000000e+00
0.000000000000000000e+00 0.000000000000000000e+00 0.000000000000000000e+00 0.000000000000000000e+00 0.000000000000000000e+00 0.000000000000000000e+00 0.000000000000000000e+00
0.000000000000000000e+00 0.000000000000000000e+00 0.000000000000000000e+00 0.000000000000000000e+00 0.000000000000000000e+00 0.000000000000000000e+00 0.000000000000000000e+00
0.000000000000000000e+00 0.000000000000000000e+00 0.000000000000000000e+00 0.000000000000000000e+00 0.000000000000000000e+00 0.000000000000000000e+00 0.000000000000000000e+00
0.000000000000000000e+00 0.000000000000000000e+00 0.000000000000000000e+00 0.000000000000000000e+00 0.000000000000000000e+00 0.000000000000000000e+00 0.000000000000000000e+00
0.000000000000000000e+00 0.000000000000000000e+00 0.000000000000000000e+00 0.000000000000000000e+00 0.000000000000000000e+00 0.000000000000000000e+00 0.000000000000000000e+00
0.000000000000000000e+00 0.000000000000000000e+00 0.000000000000000000e+00 0.000000000000000000e+00 0.000000000000000000e+00 0.000000000000000000e+00 0.000000000000000000e+00
0.000000000000000000e+00 0.000000000000000000e+00 0.000000000000000000e+00 0.000000000000000000e+00 0.000000000000000000e+00 0.000000000000000000e+00 0.000000000000000000e+00
