5.757981347988551102e-01 6.627104906303372678e-01 7.629408415565412938e-01 6.347761522774669762e-01 3.471069931323649271e-01 3.265405547435872302e-01 2.120622985614545042e-01
6.241606318120461738e-01 6.561524306611475899e-01 7.265454743588859454e-01 6.307189752021740148e-01 3.229024886191168564e-01 2.093643278256298312e-01 2.560183732498779174e-01
7.971176423532804201e-01 6.649175494791204066e-01 5.563058540956865583e-01 8.941806125103384240e-01 9.359876015142837291e-01 9.537479718587952293e-01 9.561386919802141726e-01
6.994890244528840784e-01 8.224743224164734468e-01 7.514249397514325413e-01 8.058923576895749008e-01 6.144627673520780542e-01 1.895481601138707117e-01 4.206824789867095737e-01
6.899890867707189068e-01 7.934802564498396604e-01 8.762553127774721506e-01 8.972433845495076943e-01 8.485044637611821594e-01 5.937396077987231457e-01 4.494881846607565179e-01
8.630272506743179584e-01 8.468039672444376276e-01 7.250985415684527702e-01 7.090520507290113406e-01 4.437886515301322499e-01 3.325051778645041201e-01 9.789922506379909739e-02
7.470692853494276253e-01 8.533397851455615246e-01 8.809867996900074827e-01 8.941923691995580237e-01 8.992823856981931874e-01 8.109797839117279805e-01 5.837582187108096843e-01
5.930122619556695840e-01 7.571486512598646357e-01 6.851575947631952657e-01 7.711879634081308943e-01 6.708770462825771608e-01 6.479365275281155911e-01 8.854554923881392536e-01
0.000000000000000000e+00 0.000000000000000000e+00 0.000000000000000000e+00 0.000000000000000000e+00 0.000000000000000000e+00 0.000000000000000000e+00 0.000000000000000000e+00
8.185645134711447835e-01 8.235627240690961415e-01 6.386255687367742295e-01 9.101408537595576664e-01 9.573864805604822559e-01 9.707868009848951152e-01 9.778676503058503222e-01
4.835723918766695051e-01 3.501762930308537358e-01 3.909717479207802104e-01 6.408043817966637690e-01 5.968294713536562712e-01 4.522166881663085558e-01 3.858843220194036472e-01
1.612674816059188887e-01 1.243524794912990727e-01 5.116458892009305703e-01 3.284174433517634273e-01 7.843255686098071777e-02 3.082078792496457664e-01 4.307783264495640974e-01
5.178457811889178863e-01 6.968195121002387360e-01 7.480946728300157389e-01 7.508225572168152340e-01 7.931761939614111467e-01 9.312366549263140225e-01 9.597540149392147502e-01
0.000000000000000000e+00 0.000000000000000000e+00 0.000000000000000000e+00 0.000000000000000000e+00 0.000000000000000000e+00 0.000000000000000000e+00 0.000000000000000000e+00
7.198889083430365377e-01 7.571428283509618051e-01 8.873271603988102108e-01 8.586012140080749866e-01 8.711006992188802256e-01 8.803353309943380278e-01 8.350138577071728463e-01
0.000000000000000000e+00 0.000000000000000000e+00 0.000000000000000000e+00 0.000000000000000000e+00 0.000000000000000000e+00 0.000000000000000000e+00 0.000000000000000000e+00
0.000000000000000000e+00 0.000000000000000000e+00 0.000000000000000000e+00 0.000000000000000000e+00 0.000000000000000000e+00 0.000000000000000000e+00 0.000000000000000000e+00
0.000000000000000000e+00 0.000000000000000000e+00 0.000000000000000000e+00 0.000000000000000000e+00 0.000000000000000000e+00 0.000000000000000000e+00 0.000000000000000000e+00
0.000000000000000000e+00 0.000000000000000000e+00 0.000000000000000000e+00 0.000000000000000000e+00 0.000000000000000000e+00 0.000000000000000000e+00 0.000000000000000000e+00
0.000000000000000000e+00 0.000000000000000000e+00 0.000000000000000000e+00 0.000000000000000000e+00 0.000000000000000000e+00 0.000000000000000000e+00 0.000000000000000000e+00
7.231462841256645069e-01 7.814440255028992643e-01 7.567940108644209962e-01 4.845174695938608833e-01 1.992353680341940325e-01 1.124736618170819047e-01 6.238089513911462269e-01
8.165391032940088056e-01 8.754856892555188397e-01 8.308729693257164151e-01 9.320164537108116543e-01 9.529170666502995157e-01 9.299506848989668173e-01 9.149048703307625097e-01
7.326082058637930494e-01 7.692085098520060615e-01 7.754152445677215955e-01 9.524712488692920198e-01 9.721970411465425954e-01 9.669743172851841262e-01 9.603485713898103349e-01
6.379674532565613454e-01 8.252493015110865526e-01 8.819855553456164010e-01 9.576946136894715078e-01 9.666435668238669843e-01 7.380840470499183681e-01 5.269474591182984335e-01
6.857007754097629304e-01 8.783984923382363030e-01 9.407429239269745613e-01 8.729149357860153113e-01 8.577993117021518454e-01 8.796601168828800388e-01 8.700148531711414668e-01
7.872794920131839236e-01 8.422742768263687951e-01 8.022954627335882050e-01 7.971570413526003485e-01 7.855678873875332480e-01 8.277698775014626920e-01 2.845491220609943639e-01
8.396393841855760432e-01 7.905283819197752582e-01 8.659986858964504597e-01 9.083520334608961022e-01 9.766539185524493183e-01 9.899202496796942752e-01 9.859849848586371701e-01
0.000000000000000000e+00 0.000000000000000000e+00 0.000000000000000000e+00 0.000000000000000000e+00 0.000000000000000000e+00 0.000000000000000000e+00 0.000000000000000000e+00
8.105080348668971535e-01 8.337078004192542968e-01 7.976724811624901212e-01 8.304820246263840966e-01 7.838530701287592661e-01 7.368069176401422782e-01 4.777071000196032591e-01
5.070174837925821576e-01 3.540212386348123852e-01 1.833083932016280060e-01 5.863250018498246119e-01 4.527512371351326004e-01 2.633845770508373429e-01 3.215478160013400255e-01
8.284243913607253207e-01 8.393271495743483968e-01 8.897746826953130128e-01 8.452058080292119691e-01 5.661607592502874153e-01 3.417844886728479414e-01 4.679029584853768298e-01
8.884727381347891084e-01 9.179557212977736969e-01 8.966197322589886110e-01 8.517785335567665816e-01 7.232008048106648435e-01 5.410836040763173926e-01 2.861862147057809280e-01
0.000000000000000000e+00 0.000000000000000000e+00 0.000000000000000000e+00 0.000000000000000000e+00 0.000000000000000000e+00 0.000000000000000000e+00 0.000000000000000000e+00
5.737707384781304265e-01 8.060522619597644267e-01 9.228956268812104069e-01 9.460263622254166949e-01 9.839627230349851095e-01 9.879519857544395434e-01 9.882036742581784550e-01
8.380499596158484943e-01 8.523057082632470305e-01 8.771149092494247013e-01 7.847300740549219000e-01 7.486081367599907166e-01 8.459062746571830438e-01 9.311933021637045504e-01
8.987633141250933599e-01 8.819881315104194375e-01 6.752522951150767838e-01 5.011218258117762225e-01 5.516855941475042879e-01 5.060446015898028005e-01 4.207383231529536749e-01
7.544424677083657604e-01 6.956377177825731062e-01 5.770914604190896524e-01 6.429664185339298843e-01 7.167502224504080921e-01 7.607235199048092422e-01 7.568724221360958460e-01
7.340775968416546338e-01 7.458205561897967018e-01 7.007766220285656100e-01 6.318081258408529965e-01 4.926310395862748548e-01 1.897448693807953224e-01 9.051179487909351284e-02
4.590432933151943895e-01 6.560309863452492563e-01 6.997636510924679643e-01 8.628194312539443356e-01 9.275571569087219803e-01 7.240479749649624264e-01 5.970736803485050537e-01
4.252559808439917988e-01 2.533978083262670711e-01 3.454915930097987031e-01 4.303973843808078792e-01 4.067867538463958987e-01 5.805096763245010116e-01 6.154021089638197495e-01
8.009295900772201993e-01 7.764120146685674628e-01 7.036264067731843319e-01 8.309843233909036675e-01 7.465073475341337250e-01 3.164236662446888726e-01 2.738880458460949407e-01
0.000000000000000000e+00 0.000000000000000000e+00 0.000000000000000000e+00 0.000000000000000000e+00 0.000000000000000000e+00 0.000000000000000000e+00 0.000000000000000000e+00
0.000000000000000000e+00 0.000000000000000000e+00 0.000000000000000000e+00 0.000000000000000000e+00 0.000000000000000000e+00 0.000000000000000000e+00 0.000000000000000000e+00
0.000000000000000000e+00 0.000000000000000000e+00 0.000000000000000000e+00 0.000000000000000000e+00 0.000000000000000000e+00 0.000000000000000000e+00 0.000000000000000000e+00
0.000000000000000000e+00 0.000000000000000000e+00 0.000000000000000000e+00 0.000000000000000000e+00 0.000000000000000000e+00 0.000000000000000000e+00 0.000000000000000000e+00
1.358669875188224241e-01 3.058716309074723250e-01 7.036697088816635803e-01 5.951841060042524223e-01 2.218664547951557930e-01 1.714006624647880506e-01 1.663806181168976106e-01
5.979306673161761676e-01 8.438577453689142249e-01 8.102872878515966493e-01 7.238536435883402564e-01 5.952022210923710865e-01 3.694010856318809544e-01 3.939917108792686529e-01
0.000000000000000000e+00 0.000000000000000000e+00 0.000000000000000000e+00 0.000000000000000000e+00 0.000000000000000000e+00 0.000000000000000000e+00 0.000000000000000000e+00
0.000000000000000000e+00 0.000000000000000000e+00 0.000000000000000000e+00 0.000000000000000000e+00 0.000000000000000000e+00 0.000000000000000000e+00 0.000000000000000000e+00
0.000000000000000000e+00 0.000000000000000000e+00 0.000000000000000000e+00 0.000000000000000000e+00 0.000000000000000000e+00 0.000000000000000000e+00 0.000000000000000000e+00
0.000000000000000000e+00 0.000000000000000000e+00 0.000000000000000000e+00 0.000000000000000000e+00 0.000000000000000000e+00 0.000000000000000000e+00 0.000000000000000000e+00
0.000000000000000000e+00 0.000000000000000000e+00 0.000000000000000000e+00 0.000000000000000000e+00 0.000000000000000000e+00 0.000000000000000000e+00 0.000000000000000000e+00
0.000000000000000000e+00 0.000000000000000000e+00 0.000000000000000000e+00 0.000000000000000000e+00 0.000000000000000000e+00 0.000000000000000000e+00 0.000000000000000000e+00
0.000000000000000000e+00 0.000000000000000000e+00 0.000000000000000000e+00 0.000000000000000000e+00 0.000000000000000000e+00 0.000000000000000000e+00 0.000000000000000000e+00
0.000000000000000000e+00 0.000000000000000000e+00 0.000000000000000000e+00 0.000000000000000000e+00 0.000000000000000000e+00 0.000000000000000000e+00 0.000000000000000000e+00
0.000000000000000000e+00 0.000000000000000000e+00 0.000000000000000000e+00 0.000000000000000000e+00 0.000000000000000000e+00 0.000000000000000000e+00 0.000000000000000000e+00
0.000000000000000000e+00 0.000000000000000000e+00 0.000000000000000000e+00 0.000000000000000000e+00 0.000000000000000000e+00 0.000000000000000000e+00 0.000000000000000000e+00
0.000000000000000000e+00 0.000000000000000000e+00 0.000000000000000000e+00 0.000000000000000000e+00 0.000000000000000000e+00 0.000000000000000000e+00 0.000000000000000000e+00
0.000000000000000000e+00 0.000000000000000000e+00 0.000000000000000000e+00 0.000000000000000000e+00 0.000000000000000000e+00 0.000000000000000000e+00 0.000000000000000000e+00
0.000000000000000000e+00 0.000000000000000000e+00 0.000000000000000000e+00 0.000000000000000000e+00 0.000000000000000000e+00 0.000000000000000000e+00 0.000000000000000000e+00
0.000000000000000000e+00 0.000000000000000000e+00 0.000000000000000000e+00 0.000000000000000000e+00 0.000000000000000000e+00 0.000000000000000000e+00 0.000000000000000000e+00
0.000000000000000000e+00 0.000000000000000000e+00 0.000000000000000000e+00 0.000000000000000000e+00 0.000000000000000000e+00 0.000000000000000000e+00 0.000000000000000000e+00
0.000000000000000000e+00 0.000000000000000000e+00 0.000000000000000000e+00 0.000000000000000000e+00 0.000000000000000000e+00 0.000000000000000000e+00 0.000000000000000000e+00
0.000000000000000000e+00 0.000000000000000000e+00 0.000000000000000000e+00 0.000000000000000000e+00 0.000000000000000000e+00 0.000000000000000000e+00 0.000000000000000000e+00
0.000000000000000000e+00 0.000000000000000000e+00 0.000000000000000000e+00 0.000000000000000000e+00 0.000000000000000000e+00 0.000000000000000000e+00 0.000000000000000000e+00
0.000000000000000000e+00 0.000000000000000000e+00 0.000000000000000000e+00 0.000000000000000000e+00 0.000000000000000000e+00 0.000000000000000000e+00 0.000000000000000000e+00
0.000000000000000000e+00 0.000000000000000000e+00 0.000000000000000000e+00 0.000000000000000000e+00 0.000000000000000000e+00 0.000000000000000000e+00 0.000000000000000000e+00
0.000000000000000000e+00 0.000000000000000000e+00 0.000000000000000000e+00 0.000000000000000000e+00 0.000000000000000000e+00 0.000000000000000000e+00 0.000000000000000000e+00
