1.234326242749980429e-01 1.347443282480810349e-02 2.341390566039736748e-02 5.434309907296747122e-02 1.135406859971267723e-01 2.299838936553536273e-01 8.216808785711965379e-02
3.833688581777060511e-01 1.508348235251771030e-01 3.232706175327760278e-01 4.013418252966538535e-01 3.919079352468789468e-01 1.846134118125877521e-01 1.631343184568725957e-01
7.762916727335806844e-01 6.151137927430632146e-01 5.293458376697636192e-01 7.001543220067971696e-01 8.396182999130995528e-01 8.713479895965575706e-01 9.385862665484567824e-01
1.032157766451175518e-01 1.487617532538507148e-01 7.768319733520971659e-02 3.020547226729767276e-01 1.096130659936194046e-01 3.219031577613171852e-02 8.148603173113097564e-02
7.811830224155794644e-01 8.609656478761305021e-01 8.422893733290401919e-01 8.359385913308192695e-01 8.410785006066369140e-01 5.074739995421615468e-01 2.571296876649670771e-01
7.114941701122577955e-01 3.477498300992856173e-01 2.011667613113717890e-01 1.222552870382947743e-01 7.401878976645578923e-02 2.564895364560023164e-02 1.299920258823983876e-01
7.563354618164693788e-01 8.898188472994704723e-01 7.759194650314499286e-01 6.432715933146648801e-01 3.737999041983953163e-01 1.867755735551923646e-01 1.283277011620281016e-01
7.672098261144626452e-01 7.067429571224551621e-01 4.475264322172576859e-01 3.528359486004017942e-01 5.652047899777736806e-01 4.591527908928753621e-01 6.354938528482239057e-01
0.000000000000000000e+00 0.000000000000000000e+00 0.000000000000000000e+00 0.000000000000000000e+00 0.000000000000000000e+00 0.000000000000000000e+00 0.000000000000000000e+00
8.702942265672927169e-01 7.575036469507158143e-01 5.558566072488005938e-01 7.959346094948902550e-01 9.160136403005306738e-01 9.314807938007529931e-01 9.189800908601206686e-01
5.441943822671675424e-01 3.091294435884662239e-01 2.448433144666559980e-01 4.462288244277260452e-01 3.092640523154334131e-01 3.063792253371041552e-01 2.943298077000044977e-01
4.814898176271290714e-02 1.000153854586172675e-01 3.666574642498375836e-01 4.976486463134324190e-01 4.700396720317704946e-01 4.049208975933345500e-01 4.077095428664010979e-01
8.304901926517493926e-01 6.336469578236662015e-01 8.044383124640656080e-01 8.344483239977364963e-01 8.240532474271602403e-01 7.967388796570252785e-01 9.419646592525140472e-01
0.000000000000000000e+00 0.000000000000000000e+00 0.000000000000000000e+00 0.000000000000000000e+00 0.000000000000000000e+00 0.000000000000000000e+00 0.000000000000000000e+00
8.806577999790653477e-01 9.085086227791978608e-01 9.178780277836936508e-01 9.297558544077583198e-01 9.215025421572988762e-01 9.598504770926407081e-01 9.599476083547815453e-01
0.000000000000000000e+00 0.000000000000000000e+00 0.000000000000000000e+00 0.000000000000000000e+00 0.000000000000000000e+00 0.000000000000000000e+00 0.000000000000000000e+00
0.000000000000000000e+00 0.000000000000000000e+00 0.000000000000000000e+00 0.000000000000000000e+00 0.000000000000000000e+00 0.000000000000000000e+00 0.000000000000000000e+00
0.000000000000000000e+00 0.000000000000000000e+00 0.000000000000000000e+00 0.000000000000000000e+00 0.000000000000000000e+00 0.000000000000000000e+00 0.000000000000000000e+00
0.000000000000000000e+00 0.000000000000000000e+00 0.000000000000000000e+00 0.000000000000000000e+00 0.000000000000000000e+00 0.000000000000000000e+00 0.000000000000000000e+00
0.000000000000000000e+00 0.000000000000000000e+00 0.000000000000000000e+00 0.000000000000000000e+00 0.000000000000000000e+00 0.000000000000000000e+00 0.000000000000000000e+00
5.087200469595420937e-01 6.074856537375207255e-01 6.979814629943738025e-01 4.932975770940267179e-01 2.210935315502327581e-01 5.205130696292583625e-01 3.032769371796781854e-01
7.005122055004917581e-01 8.163779199064526981e-01 8.192295741115338537e-01 8.636350639041220356e-01 7.050777212427894458e-01 4.336387179183135432e-01 5.992275766155367167e-01
8.578283874965264566e-01 8.816335436738985676e-01 8.641785646338339122e-01 7.152907009135793803e-01 8.779877856213835763e-01 8.793799302002327511e-01 8.096865256061951399e-01
7.553352280758361958e-01 7.613161509188476339e-01 5.819942125167429925e-01 4.909966733521667348e-01 2.105900764675536774e-01 3.768090043132839573e-01 6.006985834321765250e-01
8.319728948431419635e-01 8.883719801614239353e-01 8.670281709610476728e-01 7.617639618474549845e-01 8.433413602238577500e-01 8.955363375825811101e-01 8.458221492514699236e-01
9.251292111824338527e-01 8.540716671705075314e-01 8.947651636868970693e-01 9.443245708118592763e-01 8.855743422478207227e-01 8.048272574466900364e-01 7.448113599726553513e-01
8.925927284436008247e-01 8.766701203408667764e-01 7.704308368904123627e-01 9.009760162264591754e-01 9.548168142312035700e-01 9.845481095943141581e-01 9.901287215638421291e-01
0.000000000000000000e+00 0.000000000000000000e+00 0.000000000000000000e+00 0.000000000000000000e+00 0.000000000000000000e+00 0.000000000000000000e+00 0.000000000000000000e+00
8.816797783811880507e-01 8.384321698211931739e-01 6.131584303075093834e-01 7.535703245590651411e-01 8.795254161511378843e-01 8.323530994764415381e-01 3.743904750382232027e-01
4.349375832822598431e-01 6.351216418772887007e-01 8.518028215304542794e-01 8.088975151525761298e-01 7.528996064822187639e-01 5.129625532463510940e-01 6.447191050872882467e-01
8.322600796680258428e-01 7.270428843998377744e-01 8.641252746991867628e-01 8.323471180205528341e-01 7.714692520508124041e-01 7.257225245256101465e-01 7.027167900141246815e-01
9.324566390629538404e-01 9.345366875418532615e-01 9.175438205176309481e-01 9.063524379875740333e-01 7.741522948002437232e-01 5.169417675225369546e-01 1.030828910155467681e-01
0.000000000000000000e+00 0.000000000000000000e+00 0.000000000000000000e+00 0.000000000000000000e+00 0.000000000000000000e+00 0.000000000000000000e+00 0.000000000000000000e+00
9.120935161516169343e-01 9.326113822350017291e-01 9.157997853438747393e-01 9.267961968259139649e-01 9.817078060531221340e-01 9.865937336104787514e-01 9.796721474175436040e-01
9.504859926586809449e-01 8.938945850190304077e-01 7.584704432241839989e-01 8.549033122286194830e-01 8.197497714310117978e-01 8.996660232972255589e-01 9.645432255853396697e-01
8.607324271162295481e-01 9.077926913464400283e-01 7.804035177049313265e-01 5.909176931271840072e-01 6.433235608739683586e-01 7.881965320848079992e-01 6.309425984616469085e-01
8.177789401488826382e-01 6.037973286763348435e-01 6.697126448650118080e-01 7.632167305408125157e-01 9.029452101079196158e-01 7.344301864580319306e-01 8.943536643173077838e-01
1.691396592933559762e-01 2.918485245545139328e-01 4.182359033494624234e-01 3.367801698257454901e-01 7.815095499359102360e-02 7.988924455662792246e-02 2.116524106852182494e-02
3.615958427947774112e-01 1.912639511219597632e-01 5.146503432295958941e-02 7.473569840941758635e-02 3.755229241240230498e-01 2.087779738330322044e-01 4.340961704782219654e-01
3.120136502607088747e-01 1.564430112908951065e-01 4.371231306862968791e-02 2.658102781062802733e-01 1.845897213533966297e-01 9.946661717531704583e-02 5.338847259486629859e-01
8.509284647786149458e-01 8.130598163490946328e-01 6.778024051400968197e-01 5.706752078667509664e-01 6.976634069167333418e-01 3.260268629353831882e-01 3.712338232636122060e-01
0.000000000000000000e+00 0.000000000000000000e+00 0.000000000000000000e+00 0.000000000000000000e+00 0.000000000000000000e+00 0.000000000000000000e+00 0.000000000000000000e+00
8.968266273422600410e-01 9.021362253379996421e-01 7.896863373448558265e-01 4.938700895574672511e-01 1.900031050615308692e-01 4.652794704512165647e-02 1.898704575255545368e-01
7.873588094591128517e-01 6.530114913014716249e-01 6.362573282812403752e-01 5.286316572067472075e-01 6.857107562518792720e-01 8.666733481840217523e-01 7.867066302634547759e-01
8.261649975422394876e-01 7.938010916461892830e-01 5.139341652834723551e-01 5.788114057600768358e-01 3.393330055079688545e-01 3.695199709081221084e-01 5.785591802594000077e-01
0.000000000000000000e+00 0.000000000000000000e+00 0.000000000000000000e+00 0.000000000000000000e+00 0.000000000000000000e+00 0.000000000000000000e+00 0.000000000000000000e+00
9.321681511453318025e-01 9.392050386146852947e-01 9.380562737805502316e-01 9.349268554825009847e-01 9.572959034621078001e-01 9.312292055512650935e-01 9.717242489144284345e-01
0.000000000000000000e+00 0.000000000000000000e+00 0.000000000000000000e+00 0.000000000000000000e+00 0.000000000000000000e+00 0.000000000000000000e+00 0.000000000000000000e+00
0.000000000000000000e+00 0.000000000000000000e+00 0.000000000000000000e+00 0.000000000000000000e+00 0.000000000000000000e+00 0.000000000000000000e+00 0.000000000000000000e+00
7.318053223092489956e-01 7.656528134946630759e-01 8.828357340255958974e-01 7.135729671376911387e-01 4.690758224373797747e-01 2.790781083251253070e-01 6.062208265434527732e-01
5.815295174705293890e-01 8.769439365232301054e-01 8.543326113457970772e-01 8.566774588418852865e-01 7.215106330365299581e-01 7.370150786318403480e-01 5.731820789366528501e-01
5.670944847173392533e-01 7.301595572421077929e-01 7.573103942709064063e-01 5.037382753286030468e-01 6.534776757947341475e-01 6.741852552280246380e-01 8.544298927472641081e-01
0.000000000000000000e+00 0.000000000000000000e+00 0.000000000000000000e+00 0.000000000000000000e+00 0.000000000000000000e+00 0.000000000000000000e+00 0.000000000000000000e+00
3.224768593230374347e-01 5.729314658037628627e-01 7.103274581361546103e-01 8.075635357192495478e-01 6.743895630371269379e-01 8.411902047199657506e-01 9.618287589197417331e-01
6.730159324879122495e-01 6.620962005989671217e-01 5.911175287077685692e-01 4.501553598074423679e-01 5.367909709941124374e-01 7.090205115678410719e-01 6.818222898169384871e-01
0.000000000000000000e+00 0.000000000000000000e+00 0.000000000000000000e+00 0.000000000000000000e+00 0.000000000000000000e+00 0.000000000000000000e+00 0.000000000000000000e+00
0.000000000000000000e+00 0.000000000000000000e+00 0.000000000000000000e+00 0.000000000000000000e+00 0.000000000000000000e+00 0.000000000000000000e+00 0.000000000000000000e+00
0.000000000000000000e+00 0.000000000000000000e+00 0.000000000000000000e+00 0.000000000000000000e+00 0.000000000000000000e+00 0.000000000000000000e+00 0.000000000000000000e+00
0.000000000000000000e+00 0.000000000000000000e+00 0.000000000000000000e+00 0.000000000000000000e+00 0.000000000000000000e+00 0.000000000000000000e+00 0.000000000000000000e+00
0.000000000000000000e+00 0.000000000000000000e+00 0.000000000000000000e+00 0.000000000000000000e+00 0.000000000000000000e+00 0.000000000000000000e+00 0.000000000000000000e+00
0.000000000000000000e+00 0.000000000000000000e+00 0.000000000000000000e+00 0.000000000000000000e+00 0.000000000000000000e+00 0.000000000000000000e+00 0.000000000000000000e+00
0.000000000000000000e+00 0.000000000000000000e+00 0.000000000000000000e+00 0.000000000000000000e+00 0.000000000000000000e+00 0.000000000000000000e+00 0.000000000000000000e+00
0.000000000000000000e+00 0.000000000000000000e+00 0.000000000000000000e+00 0.000000000000000000e+00 0.000000000000000000e+00 0.000000000000000000e+00 0.000000000000000000e+00
0.000000000000000000e+00 0.000000000000000000e+00 0.000000000000000000e+00 0.000000000000000000e+00 0.000000000000000000e+00 0.000000000000000000e+00 0.000000000000000000e+00
0.000000000000000000e+00 0.000000000000000000e+00 0.000000000000000000e+00 0.000000000000000000e+00 0.000000000000000000e+00 0.000000000000000000e+00 0.000000000000000000e+00
0.000000000000000000e+00 0.000000000000000000e+00 0.000000000000000000e+00 0.000000000000000000e+00 0.000000000000000000e+00 0.000000000000000000e+00 0.000000000000000000e+00
0.000000000000000000e+00 0.000000000000000000e+00 0.000000000000000000e+00 0.000000000000000000e+00 0.000000000000000000e+00 0.000000000000000000e+00 0.000000000000000000e+00
0.000000000000000000e+00 0.000000000000000000e+00 0.000000000000000000e+00 0.000000000000000000e+00 0.000000000000000000e+00 0.000000000000000000e+00 0.000000000000000000e+00
