9.613817306041911870e-01 9.665866610926646674e-01 9.490527821784406903e-01 9.287390679799085724e-01 8.334100931439366589e-01 7.155234360737311450e-01 6.414384346164776485e-01
6.651373606451514986e-01 4.302020990754681362e-01 2.002949668138852835e-01 3.349941511585074472e-01 3.609249555055041858e-01 8.378264875002996992e-02 4.584996810878438911e-01
0.000000000000000000e+00 0.000000000000000000e+00 0.000000000000000000e+00 0.000000000000000000e+00 0.000000000000000000e+00 0.000000000000000000e+00 0.000000000000000000e+00
0.000000000000000000e+00 0.000000000000000000e+00 0.000000000000000000e+00 0.000000000000000000e+00 0.000000000000000000e+00 0.000000000000000000e+00 0.000000000000000000e+00
2.406813933935153804e-01 7.539501745529229859e-02 4.620088441447058325e-01 2.147669171184139469e-01 2.162596856440331949e-01 2.604268499276533033e-01 3.000094592975298124e-01
0.000000000000000000e+00 0.000000000000000000e+00 0.000000000000000000e+00 0.000000000000000000e+00 0.000000000000000000e+00 0.000000000000000000e+00 0.000000000000000000e+00
5.745985422480790472e-01 6.034559222006264934e-01 5.422840103112418486e-01 4.687704046063914665e-01 3.345032780955617957e-01 3.376205621803602397e-01 2.040875584527535036e-01
4.850805565540559083e-01 6.366913105808493789e-01 4.625605378166457449e-01 3.672854512411364847e-01 4.621689245669047263e-01 5.005590097662926397e-01 3.611599396287563657e-01
0.000000000000000000e+00 0.000000000000000000e+00 0.000000000000000000e+00 0.000000000000000000e+00 0.000000000000000000e+00 0.000000000000000000e+00 0.000000000000000000e+00
0.000000000000000000e+00 0.000000000000000000e+00 0.000000000000000000e+00 0.000000000000000000e+00 0.000000000000000000e+00 0.000000000000000000e+00 0.000000000000000000e+00
8.028584190164248513e-01 6.290782840277353571e-01 4.319747539267362879e-01 2.616803346034118904e-01 3.196096648793133044e-01 3.901250576150411264e-01 2.201571767483551101e-01
8.438277315753229813e-01 7.881394074210748002e-01 6.903194710448349314e-01 5.385465902054329401e-01 3.000415941586348501e-01 3.055289455114058028e-01 3.230811584682445337e-01
6.446055892955719901e-01 5.355646391826150987e-01 4.773339375117929828e-01 3.075859002150497790e-01 1.653826977104941587e-01 5.053515239800869807e-01 2.950212740177559634e-01
5.306453599480491778e-01 6.026856613523281503e-01 8.722319294984569593e-01 8.993898924544587725e-01 9.269714215324151851e-01 8.209185218063084211e-01 6.811350319484351656e-01
7.456621425424072580e-01 7.577546660638669884e-01 8.082082015681232301e-01 8.212265641501076407e-01 9.195303601831985585e-01 8.904841623497993242e-01 8.905121110287147479e-01
0.000000000000000000e+00 0.000000000000000000e+00 0.000000000000000000e+00 0.000000000000000000e+00 0.000000000000000000e+00 0.000000000000000000e+00 0.000000000000000000e+00
0.000000000000000000e+00 0.000000000000000000e+00 0.000000000000000000e+00 0.000000000000000000e+00 0.000000000000000000e+00 0.000000000000000000e+00 0.000000000000000000e+00
3.738212139450787230e-01 4.096712528551882393e-01 5.096589381324543311e-01 2.282229899614827417e-01 2.146369129931766095e-01 2.534997666534220540e-01 4.104327069716250387e-01
4.460328404280682335e-01 6.428556433373896484e-01 6.916306854747154009e-01 5.944065909888859300e-01 6.434142551393954301e-01 6.128444071936071103e-01 3.126001631023303529e-01
0.000000000000000000e+00 0.000000000000000000e+00 0.000000000000000000e+00 0.000000000000000000e+00 0.000000000000000000e+00 0.000000000000000000e+00 0.000000000000000000e+00
0.000000000000000000e+00 0.000000000000000000e+00 0.000000000000000000e+00 0.000000000000000000e+00 0.000000000000000000e+00 0.000000000000000000e+00 0.000000000000000000e+00
3.188518781792422652e-01 4.713187453922493275e-01 7.561940830954438919e-01 5.671940089907675508e-01 2.656318107673419915e-01 1.999258042850479977e-01 5.663594260447488704e-01
7.535103171321982929e-01 8.314820773856106406e-01 8.370064581476091004e-01 7.682416354912983136e-01 7.069324687709015453e-01 5.651582684851399474e-01 2.479534345318233912e-01
0.000000000000000000e+00 0.000000000000000000e+00 0.000000000000000000e+00 0.000000000000000000e+00 0.000000000000000000e+00 0.000000000000000000e+00 0.000000000000000000e+00
5.708014567756173330e-01 3.623061750594596675e-01 5.915614108401691107e-01 4.784961814234972022e-01 5.972440539713877450e-02 2.940993680702742030e-01 3.794198224935471098e-01
7.666577130457725708e-01 8.518380216416885364e-01 8.320354532100011635e-01 5.612800094953805941e-01 2.958674074009705612e-01 5.847872831222168388e-01 5.464782936872673025e-01
0.000000000000000000e+00 0.000000000000000000e+00 0.000000000000000000e+00 0.000000000000000000e+00 0.000000000000000000e+00 0.000000000000000000e+00 0.000000000000000000e+00
0.000000000000000000e+00 0.000000000000000000e+00 0.000000000000000000e+00 0.000000000000000000e+00 0.000000000000000000e+00 0.000000000000000000e+00 0.000000000000000000e+00
6.947428326993549952e-01 5.612816604478541027e-01 4.820149768276248969e-01 4.631722376538746633e-01 6.497554614195613087e-01 7.063561279675348858e-01 4.161455195908713711e-01
8.702758376541801510e-01 8.720756253120427459e-01 9.368730116621615256e-01 8.921165478769726986e-01 7.789239405169334773e-01 8.352838985278125961e-01 8.388194874443144489e-01
0.000000000000000000e+00 0.000000000000000000e+00 0.000000000000000000e+00 0.000000000000000000e+00 0.000000000000000000e+00 0.000000000000000000e+00 0.000000000000000000e+00
8.300387463944384203e-01 8.360446714545847202e-01 8.514675189091795993e-01 9.171663059576707910e-01 9.417353229653556701e-01 8.476058968876325483e-01 9.013563559735535691e-01
0.000000000000000000e+00 0.000000000000000000e+00 0.000000000000000000e+00 0.000000000000000000e+00 0.000000000000000000e+00 0.000000000000000000e+00 0.000000000000000000e+00
5.617191513252758339e-01 6.382724718798491459e-01 8.246919166854297378e-01 8.660184642543652389e-01 8.538220848847852817e-01 9.086645766126254520e-01 7.912435614603553491e-01
6.538303969255824244e-01 8.347849706096326372e-01 9.271794796171224373e-01 9.308899844819190639e-01 8.898005527359554856e-01 9.067293041892164895e-01 8.914455665600775625e-01
6.032182948929514232e-01 6.274531561585711126e-01 5.215581988523367851e-01 2.884131185851555590e-01 3.962886492251407877e-01 2.679908013396816724e-01 3.884256664515948199e-01
6.735836232737217877e-01 7.236477717957507938e-01 7.506400347227630832e-01 5.048937671126367821e-01 2.354585188002936147e-01 4.669355054390511017e-01 3.638576689095393557e-01
7.957554999320012312e-01 8.306881320913829247e-01 8.410931606632963131e-01 8.835193546401431952e-01 6.758805153522189357e-01 4.146118678176866634e-01 4.537926716652077586e-01
4.440927323119341352e-01 4.873413761972849034e-01 5.059257569986904679e-01 4.979501832057441346e-01 6.513886242952593442e-01 2.429571707917512202e-01 4.566872580664784742e-01
0.000000000000000000e+00 0.000000000000000000e+00 0.000000000000000000e+00 0.000000000000000000e+00 0.000000000000000000e+00 0.000000000000000000e+00 0.000000000000000000e+00
6.205694078122265811e-01 6.854300504438909369e-01 4.969169769142636195e-01 6.716549214458353845e-01 6.752256403347031144e-01 4.673837677480244257e-01 2.620768749230806827e-01
0.000000000000000000e+00 0.000000000000000000e+00 0.000000000000000000e+00 0.000000000000000000e+00 0.000000000000000000e+00 0.000000000000000000e+00 0.000000000000000000e+00
0.000000000000000000e+00 0.000000000000000000e+00 0.000000000000000000e+00 0.000000000000000000e+00 0.000000000000000000e+00 0.000000000000000000e+00 0.000000000000000000e+00
7.699785924218286448e-01 7.282067105942779950e-01 6.239627318747056339e-01 6.288906730682761737e-01 7.062339927082641466e-01 7.499361358034465352e-01 5.453442365786196344e-01
7.345965606189740482e-01 4.443399610220278295e-01 2.839646197372612257e-01 2.892926993741873898e-01 2.576620253532969085e-01 4.195077810446111166e-01 3.592147831365613553e-01
8.325793899770472795e-01 8.626762786373205483e-01 7.390301699142847180e-01 6.044099142559742344e-01 7.360777221084913169e-01 4.605170601901847904e-01 4.996856694567327062e-01
4.476525539652295160e-01 4.459916446236758536e-01 4.597654255441300242e-01 4.951258017492677910e-01 3.823059962773177056e-01 7.557997992323151060e-01 6.965947921054306269e-01
5.352759020602452233e-01 3.764589893347125016e-01 3.655959675220976646e-01 2.848969513635218331e-01 6.013944414434674313e-01 6.420187085110224956e-01 6.119475184100282572e-01
4.507761891809225485e-01 4.578771161382169663e-01 5.835538491231775371e-01 6.110393057700046482e-01 4.293041742895516433e-01 1.189284336271829723e-01 9.632271751688749328e-02
0.000000000000000000e+00 0.000000000000000000e+00 0.000000000000000000e+00 0.000000000000000000e+00 0.000000000000000000e+00 0.000000000000000000e+00 0.000000000000000000e+00
8.186545541521697000e-01 7.879087340358502667e-01 9.491643615132446810e-01 9.776921325088445691e-01 9.826737050790849137e-01 9.518123042174132520e-01 8.977894535915391661e-01
6.040749606018885887e-01 7.012877701572219902e-01 8.618760355993527744e-01 8.842594263220286965e-01 7.196220155351656933e-01 6.177440609545105099e-01 7.004654998777156694e-01
2.695492862892253094e-01 3.480269757034591960e-01 4.006144348763308050e-01 2.148482372610649727e-01 3.812923423842363713e-01 3.124209335017523737e-01 2.271771847825408974e-01
3.577343134088520893e-01 4.601065665063219789e-01 5.447341471355618969e-01 4.599789540428462775e-01 3.167549153448008803e-01 3.364235780245981022e-01 4.967860558851219799e-01
3.861010109925109846e-01 3.248832301132845157e-01 5.299063216695820699e-01 4.349425473300159717e-01 3.921087040452552186e-01 8.233610463052737360e-02 6.441007570243133251e-02
0.000000000000000000e+00 0.000000000000000000e+00 0.000000000000000000e+00 0.000000000000000000e+00 0.000000000000000000e+00 0.000000000000000000e+00 0.000000000000000000e+00
9.201520701024629156e-01 9.376498087016019722e-01 9.757681073484975043e-01 9.808639965232950342e-01 9.624160099276782843e-01 8.666557359166630059e-01 6.106017862197993251e-01
9.188494507178119886e-01 9.383170470426112075e-01 9.715733053832620314e-01 9.822170171733527466e-01 9.622248940316240340e-01 8.663705997542862081e-01 6.127865639727214653e-01
0.000000000000000000e+00 0.000000000000000000e+00 0.000000000000000000e+00 0.000000000000000000e+00 0.000000000000000000e+00 0.000000000000000000e+00 0.000000000000000000e+00
4.847336475243458342e-01 3.043470498068990282e-01 3.911708220775153566e-01 2.825075572704294213e-01 2.694606624838389863e-01 3.643682005285357461e-01 1.485809897568550197e-01
0.000000000000000000e+00 0.000000000000000000e+00 0.000000000000000000e+00 0.000000000000000000e+00 0.000000000000000000e+00 0.000000000000000000e+00 0.000000000000000000e+00
4.272867021224918127e-01 3.673061344499760628e-01 4.005789296634482688e-01 2.502207521499507648e-01 1.965328374159381886e-01 2.882534156783926257e-02 4.555635433598990286e-02
0.000000000000000000e+00 0.000000000000000000e+00 0.000000000000000000e+00 0.000000000000000000e+00 0.000000000000000000e+00 0.000000000000000000e+00 0.000000000000000000e+00
7.567865204862630479e-01 6.907429597712009262e-01 4.159548759219481306e-01 6.764951961403439795e-02 2.626532760542323319e-01 1.008950850322055254e-01 3.149664189383512003e-01
0.000000000000000000e+00 0.000000000000000000e+00 0.000000000000000000e+00 0.000000000000000000e+00 0.000000000000000000e+00 0.000000000000000000e+00 0.000000000000000000e+00
0.000000000000000000e+00 0.000000000000000000e+00 0.000000000000000000e+00 0.000000000000000000e+00 0.000000000000000000e+00 0.000000000000000000e+00 0.000000000000000000e+00
5.844736397750421864e-01 5.048554353096286196e-01 4.950036248423601570e-01 6.056185866457131084e-01 4.058165681741612851e-01 2.341654929054495793e-01 4.082590441858933161e-01
4.553846105881270145e-01 5.456758260415934814e-01 5.137368306880951696e-01 2.525836157854151609e-01 2.763540074355139708e-01 3.099461276401674903e-01 3.716613446630843698e-01
4.018205393796202562e-01 5.126038747163220721e-01 8.268858596792854065e-01 7.570126718954345302e-01 7.247200874646688717e-01 6.250565050453048555e-01 4.318123976362580607e-01
0.000000000000000000e+00 0.000000000000000000e+00 0.000000000000000000e+00 0.000000000000000000e+00 0.000000000000000000e+00 0.000000000000000000e+00 0.000000000000000000e+00
1.567848702693641905e-01 2.334270880159375894e-01 5.432189926892522225e-01 7.089852033511007123e-01 4.596711765843463082e-01 3.811857109988862069e-01 1.986344168767066251e-02
0.000000000000000000e+00 0.000000000000000000e+00 0.000000000000000000e+00 0.000000000000000000e+00 0.000000000000000000e+00 0.000000000000000000e+00 0.000000000000000000e+00
0.000000000000000000e+00 0.000000000000000000e+00 0.000000000000000000e+00 0.000000000000000000e+00 0.000000000000000000e+00 0.000000000000000000e+00 0.000000000000000000e+00
9.752075902590534584e-02 2.023497607129649545e-01 3.767001018149633840e-01 2.883864803804589427e-01 1.098253958558051552e-01 2.844749583749864863e-01 2.832942496580690417e-01
0.000000000000000000e+00 0.000000000000000000e+00 0.000000000000000000e+00 0.000000000000000000e+00 0.000000000000000000e+00 0.000000000000000000e+00 0.000000000000000000e+00
5.433591130175376982e-01 5.209959346276702430e-01 5.130519646382791787e-01 4.816197025794834996e-01 2.637053886225464994e-01 4.418255109314550011e-01 2.898868039038109412e-01
1.805000245557180916e-01 1.638192542610220070e-01 7.989200710587857079e-02 4.169101256513278453e-01 4.935774133314678180e-01 1.750161734423851534e-01 1.333672494455469260e-01
4.132140891512297021e-01 1.803492668239185526e-01 2.301766454995503031e-01 3.340838783795869182e-01 1.832262446034470804e-01 5.002603024311497865e-02 7.895254552366694212e-02
5.064495371357068398e-01 5.526094839949290405e-01 3.668942772771905947e-01 2.294098987028527770e-01 4.691828116471842836e-01 4.574732305367857355e-01 3.562567650051139401e-01
4.142483026492260745e-01 4.632055965520740504e-01 6.391362655660792758e-01 6.059750777813277534e-01 5.322560963673881318e-01 3.779786189221800430e-01 5.266691011417156121e-01
0.000000000000000000e+00 0.000000000000000000e+00 0.000000000000000000e+00 0.000000000000000000e+00 0.000000000000000000e+00 0.000000000000000000e+00 0.000000000000000000e+00
7.774367434467143179e-01 8.175199148737813948e-01 8.799757160168574233e-01 8.923631783731230671e-01 9.638919923875217677e-01 9.767642310011691587e-01 9.852503591797299176e-01
6.657561092190413810e-01 7.602374258897922621e-01 7.328823223138170029e-01 5.232284434216127877e-01 3.176018163935332428e-01 2.608063248538427525e-01 1.910331945647077700e-01
5.747295779977869001e-01 4.390900534169960290e-01 6.630567173103903977e-01 5.777013771334615910e-01 7.986041972699801095e-01 6.933046632587633873e-01 5.521733536509751961e-01
7.477341669457170381e-01 7.807620507254645625e-01 8.880421968550145095e-01 7.035302209426769204e-01 4.615662535188306825e-01 7.073732431308673574e-01 8.668169528366953536e-01
2.508256128286093234e-01 1.236824515871529084e-01 2.548468864887271090e-01 5.541324075054279152e-01 3.435066316290762978e-01 3.626082909504558249e-01 3.237219397977926794e-01
2.354366828652973975e-01 1.309383699308025728e-01 2.829168919575613117e-01 5.697042084653194394e-01 3.480670753238424564e-01 3.628544426832461256e-01 3.250116469217800841e-01
3.524944293501592329e-01 3.081753754130729384e-01 1.881853995656920797e-01 4.919320513564626185e-01 3.541162083507340408e-01 1.568535390269806540e-01 1.043198392793053264e-01
0.000000000000000000e+00 0.000000000000000000e+00 0.000000000000000000e+00 0.000000000000000000e+00 0.000000000000000000e+00 0.000000000000000000e+00 0.000000000000000000e+00
0.000000000000000000e+00 0.000000000000000000e+00 0.000000000000000000e+00 0.000000000000000000e+00 0.000000000000000000e+00 0.000000000000000000e+00 0.000000000000000000e+00
0.000000000000000000e+00 0.000000000000000000e+00 0.000000000000000000e+00 0.000000000000000000e+00 0.000000000000000000e+00 0.000000000000000000e+00 0.000000000000000000e+00
8.344093895619845158e-01 6.648130665165712383e-01 2.843827217060874157e-01 2.805488828824276304e-01 4.464051263432877725e-01 2.342093695990740687e-01 3.559883070465124644e-01
6.859534311139433571e-01 6.705076596157354407e-01 3.484424199736376182e-01 2.031834819301391870e-01 1.039227603254809090e-01 7.269199680605001879e-01 7.731646925661662673e-01
7.270700919190812295e-01 7.913634054791485184e-01 9.150431232716903507e-01 9.397837985869131883e-01 9.803982859055687671e-01 9.745671751433443442e-01 9.329626611896307820e-01
0.000000000000000000e+00 0.000000000000000000e+00 0.000000000000000000e+00 0.000000000000000000e+00 0.000000000000000000e+00 0.000000000000000000e+00 0.000000000000000000e+00
3.029636320911626157e-01 5.640317761297128918e-01 7.385686921497557345e-01 2.625796950776729255e-01 1.135659994537090572e-01 4.199894989209051327e-02 4.111472810247316922e-01
6.870099326442150600e-01 6.255745495458167049e-01 6.449956988585263673e-01 4.840297542867411651e-01 5.723135035666817583e-01 7.098956068458738278e-01 4.381980936506587043e-01
4.788013344633411106e-01 5.649701131010792521e-01 4.287585538245550776e-01 5.689014226540414221e-01 5.771203618446321126e-01 5.722057203123862568e-01 6.664929616841847038e-01
2.795431466710990298e-01 1.891412422857734199e-01 1.079733270995855698e-01 4.930231525451420627e-01 4.132643376437941107e-01 2.188510212909453578e-01 2.470119881269677298e-01
7.291908615292957974e-01 7.834961585517123961e-01 8.948217640837935472e-01 9.494021005202213370e-01 9.730705977984995814e-01 9.681796326856849655e-01 9.887986364623028157e-01
6.768711661806202651e-01 8.759008356772360893e-01 8.908896640127716982e-01 9.474752603594679412e-01 9.565764358995549888e-01 9.644660124348989338e-01 9.842822948846593478e-01
8.045991778416228257e-01 7.873075434662307748e-01 8.774797173629685920e-01 8.420874317599962300e-01 8.799444122980271121e-01 9.547002148085887985e-01 9.595208741626418680e-01
3.592140411747450357e-01 4.555319240029440664e-01 4.985937550759140802e-01 2.075170014257129991e-01 1.124990253695020426e-01 4.029823762226432682e-01 6.358105427894952255e-01
5.582466614250191084e-01 8.057900707295243548e-01 8.422547878327545368e-01 7.820380166675230393e-01 7.154667845022391059e-01 6.062617585324178160e-01 4.582076565399853529e-01
3.746240032014219734e-01 2.262242726613677424e-01 4.368235789957793380e-01 7.744054198935201860e-02 3.581629755164419948e-01 1.815664458320048191e-01 5.915026601885547963e-01
0.000000000000000000e+00 0.000000000000000000e+00 0.000000000000000000e+00 0.000000000000000000e+00 0.000000000000000000e+00 0.000000000000000000e+00 0.000000000000000000e+00
1.731553814028082838e-01 1.699935665639508431e-01 2.866809371021881159e-01 4.057948333240617989e-01 5.442142106321256056e-01 9.254373910902258249e-02 1.720636214088528404e-01
3.702334024943109148e-01 3.468380280483305822e-01 2.400591831236035256e-01 5.973990657406820226e-01 7.729829645286394602e-01 8.126468678289372471e-01 6.958332618324747365e-01
0.000000000000000000e+00 0.000000000000000000e+00 0.000000000000000000e+00 0.000000000000000000e+00 0.000000000000000000e+00 0.000000000000000000e+00 0.000000000000000000e+00
1.707019390555428173e-01 3.787928387917618989e-01 7.532881902229581206e-01 5.457206578260591634e-01 2.175443734091515591e-01 2.591638329997501544e-01 3.110625078291832657e-01
6.939506056570590165e-01 7.088408253354493427e-01 7.874896696936042328e-01 8.138790765257720716e-01 7.077294898068458018e-01 5.686625315335924746e-01 6.427287914133535951e-01
0.000000000000000000e+00 0.000000000000000000e+00 0.000000000000000000e+00 0.000000000000000000e+00 0.000000000000000000e+00 0.000000000000000000e+00 0.000000000000000000e+00
0.000000000000000000e+00 0.000000000000000000e+00 0.000000000000000000e+00 0.000000000000000000e+00 0.000000000000000000e+00 0.000000000000000000e+00 0.000000000000000000e+00
7.239145416537902111e-01 8.725574945312376540e-01 9.211537970447674084e-01 8.689320448468493829e-01 5.774459156295702611e-01 4.333265164862252772e-01 5.137864735101630442e-01
0.000000000000000000e+00 0.000000000000000000e+00 0.000000000000000000e+00 0.000000000000000000e+00 0.000000000000000000e+00 0.000000000000000000e+00 0.000000000000000000e+00
6.997728914751273344e-01 6.251549976623381744e-01 8.208173411070404102e-01 9.019990129852372140e-01 8.442530532242241703e-01 6.086175220826848253e-01 4.432648483415889684e-01
5.234845480149998842e-01 2.978372450336212451e-01 4.237625257336182227e-01 3.299740310700190471e-01 6.342160343713404425e-01 4.768707292689405852e-01 3.215610125763336269e-01
7.879826485740213382e-01 6.774415722002176121e-01 5.272326507756073255e-01 4.551413305488991590e-01 4.233918340297864735e-01 5.747698844042619104e-01 6.199690269742768045e-01
0.000000000000000000e+00 0.000000000000000000e+00 0.000000000000000000e+00 0.000000000000000000e+00 0.000000000000000000e+00 0.000000000000000000e+00 0.000000000000000000e+00
7.092054186096644619e-01 6.674262016794797470e-01 8.656607757220194932e-01 8.535993496183732487e-01 2.669184146052317463e-01 2.920884018362458479e-01 5.382506161896992714e-01
7.006714422998325809e-01 6.696866576603608401e-01 5.874695828886590254e-01 5.018195438416901411e-01 7.690569719585658992e-02 1.707421848866486069e-01 4.929209220081480769e-01
5.894940335474037063e-01 7.403908530526147613e-01 8.700658495173441143e-01 8.543164365827200513e-01 5.630738950256116704e-01 2.381250743486428290e-01 3.850932294600147299e-01
6.090671551193279631e-01 7.622830092161152482e-01 8.826801165228341794e-01 8.983490851341483507e-01 9.324762192175851672e-01 8.941678354692284003e-01 9.095069949398914000e-01
3.432523256109222820e-01 4.567562609385295569e-01 5.168039140414483201e-01 3.453329930205721876e-01 2.484845833002736482e-01 5.082250306615095914e-01 3.648648851899657930e-01
6.221219482673263634e-01 6.045479261653661229e-01 6.728775179252730609e-01 8.011305941173758605e-01 5.588456344784048513e-01 2.160336077604153582e-01 2.373892956538593002e-01
6.781701293636619443e-01 8.580111868138594611e-01 9.421033453788643097e-01 9.506270734916035803e-01 9.565177203326986621e-01 8.912946471763939504e-01 8.421110600878080055e-01
4.883522162551781065e-01 5.158437113702254440e-01 1.964499374704007928e-01 3.094645609931694907e-01 5.634774409413046969e-01 5.066627245092064635e-01 4.023118322465850105e-01
8.234214064618582407e-01 7.551687127646072861e-01 8.489362489330029016e-01 8.470222112817649140e-01 8.774479122285643307e-01 7.751398989030106046e-01 8.041822669762489495e-01
9.561215273493904876e-01 9.306337542045394207e-01 9.499151213320239373e-01 9.228703064801736522e-01 8.718251169453460347e-01 9.430639664711915060e-01 9.476907225326355322e-01
2.548694212689609495e-01 5.839370789006824713e-01 5.455698149344559988e-01 6.102359626212149335e-01 6.456276576410252543e-01 2.188685861647785003e-01 4.096475308585692532e-01
9.348478116538692095e-01 8.961954081311426235e-01 9.132707738149017374e-01 9.016272011122903329e-01 8.074999107414928545e-01 5.895024892549856066e-01 6.410576732105780495e-01
9.064693572146018674e-01 9.167519504230278171e-01 8.147239033849723588e-01 9.020471445694075996e-01 8.563191206756326501e-01 7.930232083633322882e-01 7.348683811417481282e-01
6.335655689670444124e-01 7.205872916113822413e-01 5.691906428738385815e-01 2.780297476155680902e-01 9.980340324792631723e-02 5.049434544935313962e-01 2.209974991589413740e-01
6.731894950710396452e-01 6.938300242530682782e-01 7.589407599032576002e-01 6.085650274941922788e-01 6.128512407265495066e-01 3.914330942665776303e-01 6.816068924958913477e-01
2.119729204271595946e-01 1.822174845400914844e-01 2.656834548752298741e-01 2.242944848770592192e-01 2.033019036567906279e-01 3.929389992787468144e-01 2.665237159058610472e-01
0.000000000000000000e+00 0.000000000000000000e+00 0.000000000000000000e+00 0.000000000000000000e+00 0.000000000000000000e+00 0.000000000000000000e+00 0.000000000000000000e+00
5.347667269717597538e-01 6.405246477568586894e-01 6.360280105590134792e-01 5.193700477276541605e-01 5.990567214095461335e-01 2.121501467434391552e-01 5.289192561634054046e-01
5.949727728385609815e-01 6.719218184618299672e-01 3.538683574679966082e-01 3.589643465087905549e-01 1.923876482666280197e-01 5.115242771891144180e-01 2.991265592230506476e-01
7.791484882529839950e-01 7.595282222451913423e-01 8.588254608473046003e-01 8.760104126462624485e-01 8.315872096301857308e-01 7.629930781890572611e-01 5.976319176273661160e-01
0.000000000000000000e+00 0.000000000000000000e+00 0.000000000000000000e+00 0.000000000000000000e+00 0.000000000000000000e+00 0.000000000000000000e+00 0.000000000000000000e+00
6.969590464201170787e-01 7.181476851567942798e-01 5.977455837073915035e-01 7.089724144408906525e-01 6.827821965814530047e-01 3.428104581325611688e-01 3.649659819780177727e-01
0.000000000000000000e+00 0.000000000000000000e+00 0.000000000000000000e+00 0.000000000000000000e+00 0.000000000000000000e+00 0.000000000000000000e+00 0.000000000000000000e+00
6.793190770800930922e-01 5.125328966795535957e-01 4.496599206647284297e-01 3.237879971013615243e-01 3.742095643109824010e-01 4.606449374089441884e-01 2.633284705981428497e-01
8.784354198306681960e-01 8.449275782253855560e-01 8.635526040005925275e-01 7.495597168941172672e-01 6.663195604536232830e-01 7.678643780243965544e-01 6.043253003896968956e-01
0.000000000000000000e+00 0.000000000000000000e+00 0.000000000000000000e+00 0.000000000000000000e+00 0.000000000000000000e+00 0.000000000000000000e+00 0.000000000000000000e+00
0.000000000000000000e+00 0.000000000000000000e+00 0.000000000000000000e+00 0.000000000000000000e+00 0.000000000000000000e+00 0.000000000000000000e+00 0.000000000000000000e+00
0.000000000000000000e+00 0.000000000000000000e+00 0.000000000000000000e+00 0.000000000000000000e+00 0.000000000000000000e+00 0.000000000000000000e+00 0.000000000000000000e+00
0.000000000000000000e+00 0.000000000000000000e+00 0.000000000000000000e+00 0.000000000000000000e+00 0.000000000000000000e+00 0.000000000000000000e+00 0.000000000000000000e+00
0.000000000000000000e+00 0.000000000000000000e+00 0.000000000000000000e+00 0.000000000000000000e+00 0.000000000000000000e+00 0.000000000000000000e+00 0.000000000000000000e+00
0.000000000000000000e+00 0.000000000000000000e+00 0.000000000000000000e+00 0.000000000000000000e+00 0.000000000000000000e+00 0.000000000000000000e+00 0.000000000000000000e+00
0.000000000000000000e+00 0.000000000000000000e+00 0.000000000000000000e+00 0.000000000000000000e+00 0.000000000000000000e+00 0.000000000000000000e+00 0.000000000000000000e+00
0.000000000000000000e+00 0.000000000000000000e+00 0.000000000000000000e+00 0.000000000000000000e+00 0.000000000000000000e+00 0.000000000000000000e+00 0.000000000000000000e+00
0.000000000000000000e+00 0.000000000000000000e+00 0.000000000000000000e+00 0.000000000000000000e+00 0.000000000000000000e+00 0.000000000000000000e+00 0.000000000000000000e+00
0.000000000000000000e+00 0.000000000000000000e+00 0.000000000000000000e+00 0.000000000000000000e+00 0.000000000000000000e+00 0.000000000000000000e+00 0.000000000000000000e+00
0.000000000000000000e+00 0.000000000000000000e+00 0.000000000000000000e+00 0.000000000000000000e+00 0.000000000000000000e+00 0.000000000000000000e+00 0.000000000000000000e+00
0.000000000000000000e+00 0.000000000000000000e+00 0.000000000000000000e+00 0.000000000000000000e+00 0.000000000000000000e+00 0.000000000000000000e+00 0.000000000000000000e+00
0.000000000000000000e+00 0.000000000000000000e+00 0.000000000000000000e+00 0.000000000000000000e+00 0.000000000000000000e+00 0.000000000000000000e+00 0.000000000000000000e+00
0.000000000000000000e+00 0.000000000000000000e+00 0.000000000000000000e+00 0.000000000000000000e+00 0.000000000000000000e+00 0.000000000000000000e+00 0.000000000000000000e+00
0.000000000000000000e+00 0.000000000000000000e+00 0.000000000000000000e+00 0.000000000000000000e+00 0.000000000000000000e+00 0.000000000000000000e+00 0.000000000000000000e+00
0.000000000000000000e+00 0.000000000000000000e+00 0.000000000000000000e+00 0.000000000000000000e+00 0.000000000000000000e+00 0.000000000000000000e+00 0.000000000000000000e+00
0.000000000000000000e+00 0.000000000000000000e+00 0.000000000000000000e+00 0.000000000000000000e+00 0.000000000000000000e+00 0.000000000000000000e+00 0.000000000000000000e+00
0.000000000000000000e+00 0.000000000000000000e+00 0.000000000000000000e+00 0.000000000000000000e+00 0.000000000000000000e+00 0.000000000000000000e+00 0.000000000000000000e+00
0.000000000000000000e+00 0.000000000000000000e+00 0.000000000000000000e+00 0.000000000000000000e+00 0.000000000000000000e+00 0.000000000000000000e+00 0.000000000000000000e+00
0.000000000000000000e+00 0.000000000000000000e+00 0.000000000000000000e+00 0.000000000000000000e+00 0.000000000000000000e+00 0.000000000000000000e+00 0.000000000000000000e+00
0.000000000000000000e+00 0.000000000000000000e+00 0.000000000000000000e+00 0.000000000000000000e+00 0.000000000000000000e+00 0.000000000000000000e+00 0.000000000000000000e+00
0.000000000000000000e+00 0.000000000000000000e+00 0.000000000000000000e+00 0.000000000000000000e+00 0.000000000000000000e+00 0.000000000000000000e+00 0.000000000000000000e+00
0.000000000000000000e+00 0.000000000000000000e+00 0.000000000000000000e+00 0.000000000000000000e+00 0.000000000000000000e+00 0.000000000000000000e+00 0.000000000000000000e+00
0.000000000000000000e+00 0.000000000000000000e+00 0.000000000000000000e+00 0.000000000000000000e+00 0.000000000000000000e+00 0.000000000000000000e+00 0.000000000000000000e+00
0.000000000000000000e+00 0.000000000000000000e+00 0.000000000000000000e+00 0.000000000000000000e+00 0.000000000000000000e+00 0.000000000000000000e+00 0.000000000000000000e+00
0.000000000000000000e+00 0.000000000000000000e+00 0.000000000000000000e+00 0.000000000000000000e+00 0.000000000000000000e+00 0.000000000000000000e+00 0.000000000000000000e+00
0.000000000000000000e+00 0.000000000000000000e+00 0.000000000000000000e+00 0.000000000000000000e+00 0.000000000000000000e+00 0.000000000000000000e+00 0.000000000000000000e+00
0.000000000000000000e+00 0.000000000000000000e+00 0.000000000000000000e+00 0.000000000000000000e+00 0.000000000000000000e+00 0.000000000000000000e+00 0.000000000000000000e+00
0.000000000000000000e+00 0.000000000000000000e+00 0.000000000000000000e+00 0.000000000000000000e+00 0.000000000000000000e+00 0.000000000000000000e+00 0.000000000000000000e+00
0.000000000000000000e+00 0.000000000000000000e+00 0.000000000000000000e+00 0.000000000000000000e+00 0.000000000000000000e+00 0.000000000000000000e+00 0.000000000000000000e+00
0.000000000000000000e+00 0.000000000000000000e+00 0.000000000000000000e+00 0.000000000000000000e+00 0.000000000000000000e+00 0.000000000000000000e+00 0.000000000000000000e+00
0.000000000000000000e+00 0.000000000000000000e+00 0.000000000000000000e+00 0.000000000000000000e+00 0.000000000000000000e+00 0.000000000000000000e+00 0.000000000000000000e+00
0.000000000000000000e+00 0.000000000000000000e+00 0.000000000000000000e+00 0.000000000000000000e+00 0.000000000000000000e+00 0.000000000000000000e+00 0.000000000000000000e+00
0.000000000000000000e+00 0.000000000000000000e+00 0.000000000000000000e+00 0.000000000000000000e+00 0.000000000000000000e+00 0.000000000000000000e+00 0.000000000000000000e+00
0.000000000000000000e+00 0.000000000000000000e+00 0.000000000000000000e+00 0.000000000000000000e+00 0.000000000000000000e+00 0.000000000000000000e+00 0.000000000000000000e+00
0.000000000000000000e+00 0.000000000000000000e+00 0.000000000000000000e+00 0.000000000000000000e+00 0.000000000000000000e+00 0.000000000000000000e+00 0.000000000000000000e+00
0.000000000000000000e+00 0.000000000000000000e+00 0.000000000000000000e+00 0.000000000000000000e+00 0.000000000000000000e+00 0.000000000000000000e+00 0.000000000000000000e+00
0.000000000000000000e+00 0.000000000000000000e+00 0.000000000000000000e+00 0.000000000000000000e+00 0.000000000000000000e+00 0.000000000000000000e+00 0.000000000000000000e+00
0.000000000000000000e+00 0.000000000000000000e+00 0.000000000000000000e+00 0.000000000000000000e+00 0.000000000000000000e+00 0.000000000000000000e+00 0.000000000000000000e+00
0.000000000000000000e+00 0.000000000000000000e+00 0.000000000000000000e+00 0.000000000000000000e+00 0.000000000000000000e+00 0.000000000000000000e+00 0.000000000000000000e+00
0.000000000000000000e+00 0.000000000000000000e+00 0.000000000000000000e+00 0.000000000000000000e+00 0.000000000000000000e+00 0.000000000000000000e+00 0.000000000000000000e+00
0.000000000000000000e+00 0.000000000000000000e+00 0.000000000000000000e+00 0.000000000000000000e+00 0.000000000000000000e+00 0.000000000000000000e+00 0.000000000000000000e+00
0.000000000000000000e+00 0.000000000000000000e+00 0.000000000000000000e+00 0.000000000000000000e+00 0.000000000000000000e+00 0.000000000000000000e+00 0.000000000000000000e+00
0.000000000000000000e+00 0.000000000000000000e+00 0.000000000000000000e+00 0.000000000000000000e+00 0.000000000000000000e+00 0.000000000000000000e+00 0.000000000000000000e+00
0.000000000000000000e+00 0.000000000000000000e+00 0.000000000000000000e+00 0.000000000000000000e+00 0.000000000000000000e+00 0.000000000000000000e+00 0.000000000000000000e+00
0.000000000000000000e+00 0.000000000000000000e+00 0.000000000000000000e+00 0.000000000000000000e+00 0.000000000000000000e+00 0.000000000000000000e+00 0.000000000000000000e+00
