3.227390379699120899e+02 3.199890379699120899e+02 3.149890379699120899e+02 3.349890379699120899e+02 4.123903796991208992e+01 3.048903796991208992e+01 3.148903796991208992e+01
3.579867169128765454e+02 3.584867169128765454e+02 3.564867169128765454e+02 3.574867169128765454e+02 3.559867169128765454e+02 3.594867169128765454e+02 3.394867169128765454e+02
3.490866348461671009e+02 9.086634846167100932e+00 3.433663484616710093e+01 3.958663484616710093e+01 4.308663484616710093e+01 1.208663484616710093e+01 3.543366348461671009e+02
1.558368932428379594e+01 1.358368932428379594e+01 1.058368932428379594e+01 2.833689324283795941e+00 3.523336893242837959e+02 3.158368932428379594e+01 7.708368932428379594e+01
1.040077606827242107e+01 5.650776068272421071e+00 3.900776068272421071e+00 7.150776068272421071e+00 1.765077606827242107e+01 5.490077606827242107e+01 3.516507760682724211e+02
3.522716356861618578e+02 3.522716356861618578e+02 3.545216356861618578e+02 3.565216356861618578e+02 3.550216356861618578e+02 3.517716356861618578e+02 3.021635686161857848e+00
2.375684348280333325e+01 1.775684348280333325e+01 1.600684348280333325e+01 3.510068434828033332e+02 3.370068434828033332e+02 4.975684348280333325e+01 3.407568434828033332e+02
1.755180373339953803e+01 1.330180373339953803e+01 8.801803733399538032e+00 1.801803733399538032e+00 6.301803733399538032e+00 2.705180373339953803e+01 3.180180373339953803e+01
0.000000000000000000e+00 0.000000000000000000e+00 0.000000000000000000e+00 0.000000000000000000e+00 0.000000000000000000e+00 0.000000000000000000e+00 0.000000000000000000e+00
3.504780289414436538e+02 1.097802894144365382e+01 3.447802894144365382e+01 3.422802894144365382e+01 3.847802894144365382e+01 1.897802894144365382e+01 7.280289414436538209e-01
2.363548579458506538e+01 2.188548579458506538e+01 1.688548579458506538e+01 1.388548579458506538e+01 2.138548579458506538e+01 5.213548579458506538e+01 6.263548579458506538e+01
2.939127245821646284e+01 1.914127245821646284e+01 3.556412724582164628e+02 3.433912724582164628e+02 3.441412724582164628e+02 3.448912724582164628e+02 3.541412724582164628e+02
3.061558481110216690e+01 1.986558481110216690e+01 8.655848111021668956e-01 3.566155848111021669e+02 5.115584811102166896e+00 3.115584811102166896e+00 3.365584811102166896e+00
0.000000000000000000e+00 0.000000000000000000e+00 0.000000000000000000e+00 0.000000000000000000e+00 0.000000000000000000e+00 0.000000000000000000e+00 0.000000000000000000e+00
3.567536834047277807e+02 3.552536834047277807e+02 3.562536834047277807e+02 3.547536834047277807e+02 3.432536834047277807e+02 3.515036834047277807e+02 3.495036834047277807e+02
0.000000000000000000e+00 0.000000000000000000e+00 0.000000000000000000e+00 0.000000000000000000e+00 0.000000000000000000e+00 0.000000000000000000e+00 0.000000000000000000e+00
0.000000000000000000e+00 0.000000000000000000e+00 0.000000000000000000e+00 0.000000000000000000e+00 0.000000000000000000e+00 0.000000000000000000e+00 0.000000000000000000e+00
0.000000000000000000e+00 0.000000000000000000e+00 0.000000000000000000e+00 0.000000000000000000e+00 0.000000000000000000e+00 0.000000000000000000e+00 0.000000000000000000e+00
0.000000000000000000e+00 0.000000000000000000e+00 0.000000000000000000e+00 0.000000000000000000e+00 0.000000000000000000e+00 0.000000000000000000e+00 0.000000000000000000e+00
0.000000000000000000e+00 0.000000000000000000e+00 0.000000000000000000e+00 0.000000000000000000e+00 0.000000000000000000e+00 0.000000000000000000e+00 0.000000000000000000e+00
1.791324235046704416e+01 2.441324235046704416e+01 3.366324235046704416e+01 2.466324235046704416e+01 3.616324235046704416e+01 3.916324235046704416e+01 3.501632423504670442e+02
3.582115805230872070e+02 3.574615805230872070e+02 7.115805230872069842e-01 4.711580523087206984e+00 1.211580523087206984e+00 1.271158052308720698e+01 3.542115805230872070e+02
3.463709668412142264e+02 3.408709668412142264e+02 3.421209668412142264e+02 3.528709668412142264e+02 3.566209668412142264e+02 3.596209668412142264e+02 2.087096684121425483e+01
3.468473668913545680e+02 3.410973668913545680e+02 3.380973668913545680e+02 3.375973668913545680e+02 3.458473668913545680e+02 3.575973668913545680e+02 3.380973668913545680e+02
3.453549183682652028e+02 3.586049183682652028e+02 3.273549183682652028e+02 3.241049183682652028e+02 3.348549183682652028e+02 3.468549183682652028e+02 3.581049183682652028e+02
3.587635736056411133e+02 3.595135736056411133e+02 4.513573605641084896e+00 3.597635736056411133e+02 3.530135736056411133e+02 3.462635736056411133e+02 3.180135736056411133e+02
3.473678891147292234e+02 3.458678891147292234e+02 3.401178891147292234e+02 3.413678891147292234e+02 3.378678891147292234e+02 3.056178891147292234e+02 8.617889114729194944e+00
0.000000000000000000e+00 0.000000000000000000e+00 0.000000000000000000e+00 0.000000000000000000e+00 0.000000000000000000e+00 0.000000000000000000e+00 0.000000000000000000e+00
3.463855472653265792e+02 3.478855472653265792e+02 3.516355472653265792e+02 3.551355472653265792e+02 3.518855472653265792e+02 3.343855472653265792e+02 3.453855472653265792e+02
3.491865309451946473e+02 3.559365309451946473e+02 3.531865309451946473e+02 3.718653094519463309e+01 7.118653094519464730e+01 1.718653094519463309e+01 3.086865309451946473e+02
3.593089704008571061e+02 3.593089704008571061e+02 3.583089704008571061e+02 3.530589704008571061e+02 3.468089704008571061e+02 2.308970400857134564e+00 2.685589704008571061e+02
5.150074821716117413e+00 4.400074821716117413e+00 6.650074821716117413e+00 6.400074821716117413e+00 1.115007482171611741e+01 2.900074821716117413e+00 3.446500748217160890e+02
0.000000000000000000e+00 0.000000000000000000e+00 0.000000000000000000e+00 0.000000000000000000e+00 0.000000000000000000e+00 0.000000000000000000e+00 0.000000000000000000e+00
1.169931782974589396e+01 3.339493178297458940e+02 2.991993178297458940e+02 3.119493178297458940e+02 3.374493178297458940e+02 3.199317829745893960e+00 2.699317829745893960e+00
3.598782625817646590e+02 3.596282625817646590e+02 3.591282625817646590e+02 1.282625817646589894e-01 1.062826258176465899e+01 5.137826258176465899e+01 4.162826258176465899e+01
4.560816010097056505e+01 4.135816010097056505e+01 2.985816010097056505e+01 1.485816010097058992e+01 3.531081601009705651e+02 3.073581601009706219e+02 2.471081601009705935e+02
2.751649700929681330e+01 3.301649700929681330e+01 2.101649700929681330e+01 4.266497009296813303e+00 3.522664970092968133e+02 3.570164970092968133e+02 3.520164970092968133e+02
2.330952954563099411e+01 5.059529545630994107e+00 6.309529545630994107e+00 3.545595295456309941e+02 4.309529545630994107e+00 5.505952954563099411e+01 1.980952954563099411e+01
3.534108394450117885e+01 4.284108394450117885e+01 5.909108394450117885e+01 2.795910839445011788e+02 2.933410839445011788e+02 3.200910839445011788e+02 3.365910839445011788e+02
