4.515943190509947858e-01 4.849647488702638065e-01 2.203993783716719779e-01 1.800842215618057574e-01 1.303609775074698329e-01 3.578503539393344535e-01 6.514336839099237331e-01
9.785768536038080834e-01 9.804731235803799683e-01 9.746765286787142379e-01 9.660935396836207723e-01 9.371098926099677984e-01 7.671441036528171553e-01 6.381324695792975898e-01
9.401545465106180277e-01 9.293845798691968696e-01 9.017088526407749383e-01 8.913207228909224566e-01 8.085195044839428302e-01 8.806751181078119606e-01 9.301493406479144355e-01
9.871591787513898097e-01 9.849149332662805456e-01 9.875873463438581412e-01 9.820146481157144835e-01 9.704992831088216088e-01 9.631773860243540986e-01 8.497339637761410769e-01
9.685183130616067393e-01 9.673766605750787617e-01 9.706406604985402531e-01 9.330841607249815706e-01 9.032745709668597023e-01 5.234929488005385378e-01 8.735399585398169187e-01
9.755595209006463486e-01 9.795413865555235855e-01 9.833472313270962273e-01 9.866954424639036159e-01 9.814624953173652910e-01 9.448125407374002860e-01 9.161268516197678125e-01
9.792575434544028568e-01 9.829759223702079218e-01 9.826733205486903877e-01 9.603391692534699597e-01 8.696738795767071650e-01 7.051018794628572950e-01 8.085655612451416729e-01
9.894898349999634579e-01 9.888236238946631618e-01 9.831182028623873803e-01 9.534848761739903589e-01 7.250809347059909982e-01 8.898413373953585337e-01 7.421155126759958476e-01
0.000000000000000000e+00 0.000000000000000000e+00 0.000000000000000000e+00 0.000000000000000000e+00 0.000000000000000000e+00 0.000000000000000000e+00 0.000000000000000000e+00
9.501691710287271109e-01 9.446757003471942804e-01 9.347289258539202006e-01 9.079256623323664899e-01 7.896083206926330922e-01 8.262319567756311045e-01 8.826631186653470795e-01
9.736976212289158994e-01 9.728911425846500372e-01 9.821430011442792152e-01 9.842107159717321530e-01 8.907010557164641851e-01 7.453566162087008617e-01 4.208738733552243039e-01
6.887059660662604443e-01 6.869694705870410534e-01 5.527538074249441769e-01 4.444420001602548687e-01 5.651671123766128790e-01 5.698387586820925499e-01 3.165416571844292259e-01
9.811948878288069276e-01 9.650163626016491358e-01 8.661258190508424049e-01 6.687790925587819846e-01 5.785516745297121233e-01 6.530915593244788209e-01 9.190687353586616259e-01
0.000000000000000000e+00 0.000000000000000000e+00 0.000000000000000000e+00 0.000000000000000000e+00 0.000000000000000000e+00 0.000000000000000000e+00 0.000000000000000000e+00
9.712293383585910433e-01 9.793705769364794422e-01 9.880091121887577543e-01 9.928337995827820617e-01 9.933436545102378723e-01 9.951071708447597475e-01 9.881822477036444896e-01
0.000000000000000000e+00 0.000000000000000000e+00 0.000000000000000000e+00 0.000000000000000000e+00 0.000000000000000000e+00 0.000000000000000000e+00 0.000000000000000000e+00
0.000000000000000000e+00 0.000000000000000000e+00 0.000000000000000000e+00 0.000000000000000000e+00 0.000000000000000000e+00 0.000000000000000000e+00 0.000000000000000000e+00
0.000000000000000000e+00 0.000000000000000000e+00 0.000000000000000000e+00 0.000000000000000000e+00 0.000000000000000000e+00 0.000000000000000000e+00 0.000000000000000000e+00
0.000000000000000000e+00 0.000000000000000000e+00 0.000000000000000000e+00 0.000000000000000000e+00 0.000000000000000000e+00 0.000000000000000000e+00 0.000000000000000000e+00
0.000000000000000000e+00 0.000000000000000000e+00 0.000000000000000000e+00 0.000000000000000000e+00 0.000000000000000000e+00 0.000000000000000000e+00 0.000000000000000000e+00
9.779576347316707441e-01 9.735105830425870854e-01 9.746587736237596333e-01 9.805122188747287248e-01 9.704847055537522138e-01 9.493555870131495933e-01 8.143807376823064548e-01
9.700199074413730083e-01 9.880343061785239467e-01 9.936204502363679136e-01 9.937089083184428295e-01 9.844267978402183594e-01 5.189948309097320855e-01 9.517257249400041808e-01
9.004914367810070708e-01 8.561185413135397049e-01 8.586811700226288924e-01 8.821772288680025387e-01 9.417753016850886061e-01 9.695430218217933049e-01 9.299626787340660172e-01
9.400571330073913545e-01 9.494097233641923816e-01 9.800939507755169755e-01 9.903883113099957169e-01 9.807162577501712386e-01 9.775474238541578265e-01 8.990407694702837738e-01
8.175192165362297203e-01 8.041166724591347625e-01 7.599313462969400357e-01 7.264572677744480789e-01 8.637337271770618718e-01 8.744094204848414931e-01 9.360726401260440754e-01
8.950078479706720103e-01 8.801628579358565796e-01 9.233485615060178509e-01 9.089951298030959359e-01 9.363835036666289247e-01 8.545149212290179541e-01 5.834715074169761762e-01
9.641251043664040843e-01 9.657946760022659838e-01 9.674039986428699667e-01 9.657358873701131774e-01 9.667181328250770145e-01 9.551561850805595499e-01 9.092925199052688257e-01
0.000000000000000000e+00 0.000000000000000000e+00 0.000000000000000000e+00 0.000000000000000000e+00 0.000000000000000000e+00 0.000000000000000000e+00 0.000000000000000000e+00
9.326606998717933417e-01 9.402017828429837243e-01 9.717398398572355545e-01 9.803960107187589257e-01 9.720760955132065062e-01 9.427150175470073723e-01 7.827096507341543274e-01
5.832316727204478468e-01 6.365938880433751335e-01 6.825943646267262910e-01 7.338000941670473898e-01 5.534989115401606208e-01 6.678967517071320303e-01 3.641768601129322658e-01
9.746218700454981620e-01 9.781699274942869948e-01 9.768938124202974915e-01 9.663456065054200073e-01 9.674727171715795659e-01 8.578829731286010674e-01 9.695022679435352231e-01
9.468964146306935170e-01 9.501820027676195490e-01 9.232843634362215557e-01 9.266341403615093730e-01 8.886984848386838554e-01 9.043685433157845344e-01 7.049417774287258798e-01
0.000000000000000000e+00 0.000000000000000000e+00 0.000000000000000000e+00 0.000000000000000000e+00 0.000000000000000000e+00 0.000000000000000000e+00 0.000000000000000000e+00
8.949097189601480373e-01 6.241546304568326153e-01 6.179196950661374199e-01 7.299942079916126314e-01 8.991633934333868039e-01 9.635508397887997400e-01 9.707203382428840621e-01
9.615466839940864929e-01 9.664013015746887314e-01 9.658090406823215401e-01 7.532824400450318647e-01 5.524057957995596180e-01 5.610169878881897665e-01 8.971774800461733701e-01
1.900286187145738548e-01 2.741424005823481225e-01 4.337103938128195613e-01 4.625356356359537346e-01 6.381755654354001051e-01 6.354828348624685930e-01 4.841092125823142078e-01
8.551262173681726253e-01 8.839232966748515885e-01 9.478358075699779839e-01 9.848398015213748469e-01 9.926833797509458934e-01 9.510683162568140947e-01 9.616631028068399756e-01
9.911137943595104138e-01 9.938772212825790486e-01 9.830928000159691038e-01 9.750051052184884881e-01 9.608712599111850494e-01 7.460230285463649302e-01 5.122556054016781379e-01
8.798470546496349742e-01 8.655770694367502793e-01 8.055664090842479252e-01 8.251679040033983448e-01 7.131354869156846243e-01 4.812338052227931318e-01 4.448127215449514393e-01
8.144945462808209635e-01 7.741892077770274883e-01 7.567188210646488278e-01 6.781051738647413396e-01 8.758969548391662974e-01 8.420757857503659016e-01 7.382612617078713191e-01
9.772104383785358284e-01 9.713615014375077683e-01 8.681461645206859368e-01 6.209800370782858625e-01 4.776040757723209462e-01 9.421057982861912317e-01 5.504061852086237216e-01
5.885464496212526875e-01 5.527075337405249478e-01 6.313474361915425437e-01 8.695703489171345835e-01 9.642065314483244665e-01 9.609314731079955374e-01 9.811996339406460210e-01
9.803933625130478724e-01 9.858947110627702681e-01 9.910472036950657149e-01 9.906775498965388893e-01 9.690964561614701100e-01 7.068540531651547054e-01 2.569797587952095119e-01
4.947577409694126627e-01 5.382302595212838936e-01 7.568726266710353867e-01 8.028070569968516201e-01 9.291862229252908500e-01 9.521899378401188496e-01 9.623299303231663826e-01
9.772983613688914772e-01 9.669125884979226093e-01 9.605953303074251659e-01 9.307253047495799292e-01 8.944094125063472012e-01 9.683477167460182722e-01 7.672161426546897367e-01
9.017853310259694721e-01 7.094474300164439473e-01 4.415899243292668030e-01 4.378813909293773898e-01 8.579049961043836436e-01 5.622996979861917266e-01 2.509787389229736210e-01
9.851358118913903228e-01 9.909177790726019230e-01 9.935045410403938737e-01 9.938607596902319097e-01 9.938873618116184083e-01 9.879939707734693988e-01 9.691668984244667939e-01
0.000000000000000000e+00 0.000000000000000000e+00 0.000000000000000000e+00 0.000000000000000000e+00 0.000000000000000000e+00 0.000000000000000000e+00 0.000000000000000000e+00
0.000000000000000000e+00 0.000000000000000000e+00 0.000000000000000000e+00 0.000000000000000000e+00 0.000000000000000000e+00 0.000000000000000000e+00 0.000000000000000000e+00
9.863605462860172146e-01 9.849979153208456850e-01 9.563102249313112369e-01 9.630857283471377928e-01 9.481324527112826583e-01 5.582888108926644666e-01 4.537320409252554865e-01
9.910229330145422511e-01 9.901919159764239753e-01 9.912370982089222515e-01 9.712692930865336471e-01 9.746641922275015579e-01 9.506582876269037419e-01 8.129764927034505151e-01
7.840665242522013578e-01 8.830004920446031802e-01 9.539327863619246894e-01 9.336291356081296566e-01 9.721654050764648725e-01 9.831578835734542388e-01 9.806076370138062659e-01
0.000000000000000000e+00 0.000000000000000000e+00 0.000000000000000000e+00 0.000000000000000000e+00 0.000000000000000000e+00 0.000000000000000000e+00 0.000000000000000000e+00
7.917049088357110964e-01 7.609746262642287373e-01 6.607311282635940364e-01 6.531626154653968896e-01 7.262013836438009351e-01 8.579436074870426809e-01 9.720539384379349723e-01
9.519753176523372273e-01 9.733646402750295579e-01 9.661227416047023508e-01 9.339786918030940077e-01 9.384206930546878933e-01 9.110222695188550102e-01 8.792907099233132628e-01
0.000000000000000000e+00 0.000000000000000000e+00 0.000000000000000000e+00 0.000000000000000000e+00 0.000000000000000000e+00 0.000000000000000000e+00 0.000000000000000000e+00
0.000000000000000000e+00 0.000000000000000000e+00 0.000000000000000000e+00 0.000000000000000000e+00 0.000000000000000000e+00 0.000000000000000000e+00 0.000000000000000000e+00
0.000000000000000000e+00 0.000000000000000000e+00 0.000000000000000000e+00 0.000000000000000000e+00 0.000000000000000000e+00 0.000000000000000000e+00 0.000000000000000000e+00
0.000000000000000000e+00 0.000000000000000000e+00 0.000000000000000000e+00 0.000000000000000000e+00 0.000000000000000000e+00 0.000000000000000000e+00 0.000000000000000000e+00
9.939160351319622499e-01 9.934606443868391201e-01 9.925534260823251076e-01 9.872169817479481413e-01 9.625277504646170268e-01 6.943196846591411786e-01 8.626182591927730181e-01
9.699042788136305049e-01 9.775467985898661505e-01 9.857146186338187066e-01 9.861401448640007006e-01 9.458422185513062352e-01 6.204562851605057716e-01 5.401003278044355094e-01
9.570068546472654258e-01 9.587287546900646884e-01 9.718538425854867935e-01 9.801408052252295056e-01 9.626905886418513081e-01 8.910648228265714010e-01 6.152974821820660356e-01
9.518344934087101805e-01 9.520503035940698355e-01 9.610260617302446295e-01 9.633701478300218390e-01 9.246474569440267244e-01 7.365622194884051677e-01 2.796402423575019558e-01
0.000000000000000000e+00 0.000000000000000000e+00 0.000000000000000000e+00 0.000000000000000000e+00 0.000000000000000000e+00 0.000000000000000000e+00 0.000000000000000000e+00
9.074602964317298737e-01 9.266393558017245180e-01 9.552540171089765053e-01 9.345068347108571594e-01 8.374822351166194556e-01 9.210051461988917332e-01 9.618071654893753930e-01
0.000000000000000000e+00 0.000000000000000000e+00 0.000000000000000000e+00 0.000000000000000000e+00 0.000000000000000000e+00 0.000000000000000000e+00 0.000000000000000000e+00
9.834375393052032788e-01 9.882116590294546254e-01 9.905515380547291748e-01 9.864669503651705140e-01 9.760136016603566667e-01 8.635637388881153287e-01 5.881184262043598343e-01
9.200419855450899798e-01 9.233549770205797813e-01 9.290447063948559236e-01 9.461859367154520362e-01 9.353194040382822871e-01 8.543545184378653623e-01 9.166327819353190520e-01
