2.162572234900884682e-01 7.976279649117996862e-02 7.061217094812530237e-02 2.043143815050985912e-01 3.013606477573885570e-02 2.579178608540495521e-01 2.268375103377001933e-01
6.766571507186817103e-01 5.914869789394785471e-01 3.616280201986811216e-01 8.800116233144444911e-02 5.121626335776799932e-01 3.824368694015838344e-01 4.494820876636395068e-01
8.324230682511565282e-01 8.923502470263505737e-01 7.271184123517056008e-01 7.659448794688852313e-01 8.069455997688842475e-01 8.555414655300542792e-01 9.468766455567083629e-01
6.490700273608714932e-01 5.512131146697686335e-01 6.073965660329452287e-01 4.326461817619849937e-01 5.272272380975888684e-01 4.421369547426723390e-01 3.273575288144013329e-01
8.901786292958995261e-01 9.320946811620431927e-01 8.814083353536631416e-01 8.767625394847362585e-01 8.831073112598636365e-01 6.779934626695798272e-01 4.667113279948594817e-01
5.909355991694392740e-01 5.861554909327563179e-01 7.271112882465353700e-01 4.575327891729733532e-01 1.344957364053229742e-01 2.296946833663424115e-01 7.101049209358648029e-02
8.370219984353803877e-01 7.376664993942945170e-01 6.716826938454689699e-01 1.906771915447245391e-01 2.909592530125529874e-01 4.705455600709244623e-01 4.234717853827271172e-01
8.968267960716341802e-01 8.730658611240110778e-01 8.780048890935496786e-01 8.447973057520745677e-01 6.127621878630887808e-01 4.847225444573621811e-01 6.819797384315132716e-01
0.000000000000000000e+00 0.000000000000000000e+00 0.000000000000000000e+00 0.000000000000000000e+00 0.000000000000000000e+00 0.000000000000000000e+00 0.000000000000000000e+00
7.797345971092943806e-01 8.707784964691789309e-01 6.409191600785624221e-01 8.155425219569338857e-01 8.646531107902365454e-01 8.542882091524011123e-01 8.805993419848299197e-01
3.118289679822686677e-01 6.640293683079827591e-01 6.050898848309079758e-01 3.906156422242078596e-01 2.498118066407967741e-01 1.426993579222810560e-01 1.552694055433632148e-01
7.684878829195267158e-02 1.244005960005339778e-01 2.111402450279518395e-01 1.745181864197779820e-01 1.265803203907679420e-01 2.740091401722503650e-01 4.086986855991665557e-01
7.029007687062036602e-01 8.071700299980134607e-01 8.168382411431156509e-01 8.640013189436019925e-01 8.419530242993316094e-01 9.313242676455294466e-01 9.274417151756740862e-01
0.000000000000000000e+00 0.000000000000000000e+00 0.000000000000000000e+00 0.000000000000000000e+00 0.000000000000000000e+00 0.000000000000000000e+00 0.000000000000000000e+00
5.888803496090586620e-01 7.674351640913661399e-01 8.709347588612172952e-01 8.116492451130340458e-01 8.207120716583022890e-01 5.310738613120302709e-01 4.854780134771134459e-01
0.000000000000000000e+00 0.000000000000000000e+00 0.000000000000000000e+00 0.000000000000000000e+00 0.000000000000000000e+00 0.000000000000000000e+00 0.000000000000000000e+00
0.000000000000000000e+00 0.000000000000000000e+00 0.000000000000000000e+00 0.000000000000000000e+00 0.000000000000000000e+00 0.000000000000000000e+00 0.000000000000000000e+00
0.000000000000000000e+00 0.000000000000000000e+00 0.000000000000000000e+00 0.000000000000000000e+00 0.000000000000000000e+00 0.000000000000000000e+00 0.000000000000000000e+00
0.000000000000000000e+00 0.000000000000000000e+00 0.000000000000000000e+00 0.000000000000000000e+00 0.000000000000000000e+00 0.000000000000000000e+00 0.000000000000000000e+00
0.000000000000000000e+00 0.000000000000000000e+00 0.000000000000000000e+00 0.000000000000000000e+00 0.000000000000000000e+00 0.000000000000000000e+00 0.000000000000000000e+00
7.344188961574205088e-01 7.511304865195540525e-01 6.404697357066372332e-01 6.661482667067569752e-01 2.024001801569077497e-01 1.998575761836515197e-01 1.677061496048248557e-01
8.008203729084277800e-01 7.589141382100933475e-01 7.178673563523336743e-01 5.312445223583341924e-01 1.227794409423781791e-01 1.474546091651756652e-01 3.204239419807780043e-01
7.709777723614248401e-01 8.797581701747538840e-01 6.713390442719323614e-01 6.532976798244876093e-01 4.135759218678107252e-01 6.411492641811348259e-01 5.142868582740992567e-01
8.456353291741366407e-01 6.703009042181171662e-01 1.509553328436313568e-01 1.668395282725532516e-02 1.759429209297193042e-01 4.682789158810831132e-01 3.223751463238863635e-01
8.212885982855122613e-01 8.144092035711687494e-01 6.753181574069475612e-01 8.042113867572158181e-01 7.196695781540536352e-01 7.958186312241818383e-01 6.085828831475369460e-01
6.372421550597385798e-01 7.546588631375550360e-01 9.301724542156440956e-01 8.523303342146019146e-01 1.971041085118110658e-01 2.776675879847702588e-01 2.278675185483169385e-01
8.054175514260536461e-01 8.117540169329934274e-01 8.338719021381831853e-01 8.043136289496815028e-01 5.030069043557267028e-01 2.566779326709709430e-01 2.367186504976172556e-01
0.000000000000000000e+00 0.000000000000000000e+00 0.000000000000000000e+00 0.000000000000000000e+00 0.000000000000000000e+00 0.000000000000000000e+00 0.000000000000000000e+00
8.588206291492842537e-01 6.693726684648687586e-01 3.995166631345817287e-01 2.254525286573362541e-01 3.420222819277909387e-01 3.035484607250978906e-01 2.894199883969832965e-01
2.163122364864705494e-01 3.180075114649720258e-01 1.790544623651028067e-01 1.771910338790141370e-01 2.652921720292865104e-01 1.249016544692723163e-01 5.296806752699144694e-01
9.418449861819535585e-01 9.506724383501952147e-01 8.461058603454011395e-01 8.507650581626156061e-01 7.393988144273297980e-01 1.578739973346497127e-01 4.348961028742485135e-01
4.641521345904626172e-01 4.669685864724590907e-01 3.339335869917818278e-01 3.385164067823813738e-01 4.568118241977066063e-01 2.817647335840892664e-01 3.450364866865802682e-01
0.000000000000000000e+00 0.000000000000000000e+00 0.000000000000000000e+00 0.000000000000000000e+00 0.000000000000000000e+00 0.000000000000000000e+00 0.000000000000000000e+00
8.935101258644553290e-01 8.995201311520952814e-01 9.387569832336341014e-01 9.326252378232128271e-01 9.706899270379376610e-01 9.946449399026827676e-01 9.887397398860748865e-01
7.986903969996230757e-01 8.627652489724877416e-01 8.124781922419008762e-01 4.153884616522900974e-01 2.942330792753125035e-01 4.127294894597743347e-01 1.173514601040486216e-01
4.408156505256365931e-01 3.722694966819914408e-01 6.209313801001398181e-01 3.187889017548363735e-01 3.672731127760326952e-01 3.335834463426283203e-01 4.160872412047340041e-01
7.776514522971440524e-01 6.376327431051597161e-01 5.784901326087698026e-01 6.923381496880800512e-01 6.022138768978125833e-01 7.933791498101356865e-01 7.444759329320760344e-01
7.603251769385250824e-01 6.787955227871772523e-01 4.338654808482331759e-01 4.019885337045564500e-01 1.802720029791744782e-01 3.157946093890067196e-01 1.960016429215295786e-01
8.076248633209247296e-02 1.809315136394036294e-01 4.275447265953463694e-01 7.495815881254549451e-01 7.403466288897020409e-01 5.599935703819338695e-01 7.320600158533493440e-01
2.378751384555845283e-01 3.686469305833349752e-01 4.311468591328850852e-01 5.542823113458711370e-01 6.321444636550550555e-01 2.995243654327124361e-01 2.032198492125509848e-01
8.713552420779872021e-01 9.013703081589325983e-01 8.658902264521167735e-01 8.181567139174847902e-01 8.240705578650592278e-01 3.601804050477817598e-01 1.446255419282662658e-01
3.686587973860938616e-01 4.345952439553756319e-01 3.163772433959974872e-01 6.881520138437041689e-01 6.921482937400589286e-01 3.705684658123544195e-01 6.067378718473209753e-01
8.766111466442272349e-01 7.792183510098031896e-01 6.613384538308947347e-01 4.141056172438640770e-01 5.520218195824143637e-01 1.009817237279848207e-01 4.104409145973734740e-01
5.105138507007124238e-01 2.912105009205124273e-01 4.480848597339886497e-01 3.923842449015325640e-01 1.041211703920175147e-01 8.061317855743924121e-02 2.759571364756977507e-01
4.484132996972972074e-01 4.019047987961486545e-01 4.621472728827380472e-01 5.276152336574118085e-01 3.014986241448383009e-01 3.371370044243580111e-01 6.664529423779197437e-01
4.387783724316353662e-01 4.706920171195380642e-01 2.502926842007472397e-01 2.291466177450691977e-01 4.560368158764430135e-01 7.655804250787119625e-02 2.505427323088700864e-01
6.243214409544224353e-01 8.531353741564141613e-01 6.977822051195510245e-01 7.812510494797624272e-01 5.812068607612659310e-01 5.207639076966631420e-01 1.037720919327098784e-01
0.000000000000000000e+00 0.000000000000000000e+00 0.000000000000000000e+00 0.000000000000000000e+00 0.000000000000000000e+00 0.000000000000000000e+00 0.000000000000000000e+00
0.000000000000000000e+00 0.000000000000000000e+00 0.000000000000000000e+00 0.000000000000000000e+00 0.000000000000000000e+00 0.000000000000000000e+00 0.000000000000000000e+00
7.980976252627155487e-01 8.409770638257881847e-01 8.639032824521756249e-01 7.523810892987313759e-01 3.301648800769867997e-01 1.120831055744220955e-01 5.213166652396329370e-01
3.334171341493369356e-01 1.270051110228262725e-01 2.032400014762127671e-01 4.323552487069898809e-01 3.065451165380683185e-01 1.187061454731847265e-01 1.270098550184089736e-01
5.823582986798767624e-01 5.040636221039572762e-01 5.473991550023784569e-01 5.215026034770996466e-01 5.014429770385759877e-01 6.846806353048070504e-01 7.514155787832087485e-01
0.000000000000000000e+00 0.000000000000000000e+00 0.000000000000000000e+00 0.000000000000000000e+00 0.000000000000000000e+00 0.000000000000000000e+00 0.000000000000000000e+00
4.132405473649704564e-01 6.238778916651834816e-01 6.720257528778141864e-01 5.546277584268699545e-01 5.159966486299127908e-01 4.864452990668042820e-01 5.523201296636111035e-01
7.649670815026230475e-01 7.505195223124873083e-01 5.273441014726001352e-01 2.536569788937066972e-01 6.848038123590441950e-01 4.237183664028889019e-01 2.386319609377744733e-01
0.000000000000000000e+00 0.000000000000000000e+00 0.000000000000000000e+00 0.000000000000000000e+00 0.000000000000000000e+00 0.000000000000000000e+00 0.000000000000000000e+00
0.000000000000000000e+00 0.000000000000000000e+00 0.000000000000000000e+00 0.000000000000000000e+00 0.000000000000000000e+00 0.000000000000000000e+00 0.000000000000000000e+00
0.000000000000000000e+00 0.000000000000000000e+00 0.000000000000000000e+00 0.000000000000000000e+00 0.000000000000000000e+00 0.000000000000000000e+00 0.000000000000000000e+00
0.000000000000000000e+00 0.000000000000000000e+00 0.000000000000000000e+00 0.000000000000000000e+00 0.000000000000000000e+00 0.000000000000000000e+00 0.000000000000000000e+00
7.511118072338947016e-01 8.099363827813732541e-01 6.297359817138935556e-01 6.195316407444215745e-01 6.850006971381099596e-01 5.808669282805971612e-01 5.349355406153984971e-01
5.558615906949007091e-01 4.691230518348886158e-01 5.915286000131108057e-01 3.175543134013775193e-01 1.162144030758707897e-01 2.480741533215552741e-01 2.566103272128901214e-01
9.176494923455533748e-01 8.904448080188210879e-01 7.141068395106137112e-01 7.839368772662759222e-01 7.167316268287131642e-01 5.752153910371287093e-01 5.815313686691854222e-01
8.447950329104894074e-01 7.762869723056873283e-01 7.873669910517838710e-01 7.586063135082680153e-01 6.589431869230147898e-01 5.688665639838207388e-01 6.777209598439815075e-01
0.000000000000000000e+00 0.000000000000000000e+00 0.000000000000000000e+00 0.000000000000000000e+00 0.000000000000000000e+00 0.000000000000000000e+00 0.000000000000000000e+00
7.230129848661810410e-01 7.872721238097278862e-01 8.135186847688972156e-01 7.753965212860780554e-01 7.345748870753461279e-01 4.576547250128711330e-01 6.746611089588887555e-01
0.000000000000000000e+00 0.000000000000000000e+00 0.000000000000000000e+00 0.000000000000000000e+00 0.000000000000000000e+00 0.000000000000000000e+00 0.000000000000000000e+00
5.341601861574454269e-01 5.193519697853291595e-01 8.634478808758405677e-01 8.435881382032038855e-01 6.305361248437879595e-01 4.519271269295888627e-01 1.904155611505337908e-01
7.409279157711711195e-01 8.872071222228202769e-01 8.275718009461421332e-01 5.868548616901582138e-01 4.463391460066860050e-01 4.828193189609781277e-01 6.081199808368824566e-01
