6.604341785659593178e-01 5.304518185165641997e-01 5.497780277731199039e-01 4.755755107605029730e-01 4.917382807006795420e-01 7.493721462602770389e-01 6.717461510206909070e-01
8.096621021363774595e-01 7.411530349949010388e-01 8.716284744575212295e-01 9.041558590851866972e-01 9.065942460857276952e-01 8.054228962232155009e-01 7.909393371901574099e-01
7.184399499253386612e-01 5.614116335678842606e-01 6.297238492838395096e-01 6.926513480569045367e-01 8.744035754426795481e-01 9.234932038290214473e-01 9.750535354286584688e-01
8.304513102874118147e-01 8.598781558136087133e-01 7.221740112344467999e-01 7.056898183847715167e-01 7.390488337410142661e-01 7.310203785606670390e-01 8.188212486032943049e-01
8.177494215770373387e-01 8.501153130974858918e-01 7.438561259432595607e-01 7.990050409057330993e-01 7.982390772238153742e-01 6.531793585874140495e-01 7.691628621887763861e-01
9.158922180131530144e-01 8.634854087852150695e-01 8.161938680636360299e-01 7.033074169635026296e-01 3.228768727723078102e-01 4.543452181629800690e-01 5.382545400625757814e-01
6.211042556546495508e-01 7.714744290325652454e-01 8.917379455969074442e-01 9.164548423702346680e-01 9.025431376894766933e-01 8.885091067316025493e-01 8.594002677466698881e-01
6.838615714595561723e-01 6.722745025499862193e-01 5.437328377620868070e-01 3.746165380309178783e-01 3.340739393486714115e-01 6.575120856345965104e-01 9.007790836368468890e-01
0.000000000000000000e+00 0.000000000000000000e+00 0.000000000000000000e+00 0.000000000000000000e+00 0.000000000000000000e+00 0.000000000000000000e+00 0.000000000000000000e+00
8.930091564223866518e-01 8.829960113545163303e-01 7.759454494560136251e-01 8.369193013604416809e-01 9.082350677423133289e-01 9.447773027883036301e-01 9.771093247761420963e-01
6.839385567020230816e-01 5.849753535910564572e-01 4.330290512952302828e-01 4.038121090103316546e-01 4.322851477836163747e-01 3.877336803297448120e-01 7.698380936062291235e-01
2.566500859541411272e-01 1.779512549755772055e-01 6.311115242819720361e-01 3.993250126931091049e-01 3.207062229302107825e-01 2.943711512061180091e-01 5.114189393625039326e-01
7.698005780492186423e-01 6.854083216164787995e-01 6.856935670483257361e-01 8.464463370145758336e-01 8.202389633303537320e-01 8.461936497233689680e-01 9.447784820679725470e-01
0.000000000000000000e+00 0.000000000000000000e+00 0.000000000000000000e+00 0.000000000000000000e+00 0.000000000000000000e+00 0.000000000000000000e+00 0.000000000000000000e+00
8.962781738197863612e-01 9.542545757314906396e-01 9.465100351838958703e-01 9.271775709325997816e-01 9.190926889973951575e-01 9.600612870612702521e-01 9.567238535458670867e-01
0.000000000000000000e+00 0.000000000000000000e+00 0.000000000000000000e+00 0.000000000000000000e+00 0.000000000000000000e+00 0.000000000000000000e+00 0.000000000000000000e+00
0.000000000000000000e+00 0.000000000000000000e+00 0.000000000000000000e+00 0.000000000000000000e+00 0.000000000000000000e+00 0.000000000000000000e+00 0.000000000000000000e+00
0.000000000000000000e+00 0.000000000000000000e+00 0.000000000000000000e+00 0.000000000000000000e+00 0.000000000000000000e+00 0.000000000000000000e+00 0.000000000000000000e+00
0.000000000000000000e+00 0.000000000000000000e+00 0.000000000000000000e+00 0.000000000000000000e+00 0.000000000000000000e+00 0.000000000000000000e+00 0.000000000000000000e+00
0.000000000000000000e+00 0.000000000000000000e+00 0.000000000000000000e+00 0.000000000000000000e+00 0.000000000000000000e+00 0.000000000000000000e+00 0.000000000000000000e+00
6.916063669097524125e-01 7.575448074023376499e-01 7.185314766418431365e-01 5.673572959096434554e-01 3.399534344317018397e-01 5.321984908760141186e-01 4.836353118089238290e-01
7.844801602876462221e-01 8.673468093196161632e-01 9.123565705085902033e-01 9.672951517333139293e-01 9.648748602600083490e-01 9.124836701161836983e-01 8.738416320336381826e-01
8.633095165898591050e-01 8.459156047208419293e-01 8.752478947829217537e-01 8.098764332233764351e-01 9.298539311987356060e-01 9.603621277053474570e-01 9.747287783706156672e-01
8.348289796433353560e-01 7.710321521278089563e-01 8.786666290647986433e-01 8.859085139486837512e-01 9.396818342018107284e-01 8.861214615788057802e-01 9.050713203528972794e-01
7.942695197595727175e-01 8.575735481874963151e-01 8.605757808898242267e-01 7.526186246749529962e-01 8.077013503463521538e-01 9.100849889384332592e-01 8.910351675268838312e-01
9.008340670570427200e-01 7.943393005416260477e-01 8.656807339643656229e-01 8.886184114712558646e-01 8.432647174588706607e-01 8.598508473416941467e-01 8.421537141500761159e-01
9.085386084369921900e-01 9.352482956137868619e-01 7.732919972834032540e-01 8.874951305303712124e-01 9.669274698537076995e-01 9.837377883343287888e-01 9.850782059166505178e-01
0.000000000000000000e+00 0.000000000000000000e+00 0.000000000000000000e+00 0.000000000000000000e+00 0.000000000000000000e+00 0.000000000000000000e+00 0.000000000000000000e+00
7.720874373675395974e-01 8.873690018209888786e-01 9.290962154508350945e-01 8.622898498584539162e-01 8.363246170582351313e-01 5.036928477017682537e-01 4.247823844048033148e-01
3.348048126763811250e-01 3.080088467817372888e-01 7.622323868222394827e-01 7.774181477181063560e-01 6.000237180703426043e-01 4.017109765387803511e-01 6.646431745150324089e-01
7.945031054763225242e-01 8.158300159737672530e-01 8.307488602371683184e-01 7.761219156444476575e-01 8.354928325472807948e-01 7.379863005822202560e-01 8.207561225960963158e-01
8.771003285521292714e-01 8.955960972368204320e-01 9.158731589578097410e-01 9.199409794099807636e-01 8.736281883748786559e-01 6.724208971029993487e-01 6.919374486360276855e-01
0.000000000000000000e+00 0.000000000000000000e+00 0.000000000000000000e+00 0.000000000000000000e+00 0.000000000000000000e+00 0.000000000000000000e+00 0.000000000000000000e+00
7.749101714189492451e-01 8.428214644024848434e-01 8.457974936471867045e-01 8.976207576721147996e-01 9.811811798045918520e-01 9.881443202831200479e-01 9.777949838783613901e-01
9.448052447042558644e-01 8.932184055414764678e-01 8.407124182354770436e-01 7.997113037096660326e-01 8.524807509100555958e-01 9.215398162293325646e-01 9.736120993163476234e-01
8.976140357065643949e-01 9.386335468879651867e-01 9.269798618835304316e-01 6.636829302592283097e-01 7.758115802824664398e-01 9.006473817105847823e-01 7.432541489136066382e-01
7.327525696289072243e-01 7.360041923558435784e-01 5.068762010678031782e-01 5.621685763063045682e-01 8.729117233488342675e-01 8.171098574051289809e-01 9.084818216429211279e-01
8.038665579173364106e-01 8.024890071271296721e-01 7.454384562430886874e-01 5.756146852152027593e-01 4.855624236466585253e-01 5.734568484119807463e-01 5.998687773897061204e-01
3.537829126112678191e-01 3.279491482820918735e-01 4.532965133950050962e-01 5.548315499787225269e-01 7.907237512312188521e-01 8.649389251907894094e-01 9.205524893040172296e-01
