3.502391178742344664e+02 3.177391178742344664e+02 3.169891178742344664e+02 1.298911787423443798e+01 5.048911787423443798e+01 5.923911787423443798e+01 6.573911787423443798e+01
3.602892271709038141e+00 3.102892271709038141e+00 1.028922717090381411e-01 3.518528922717090381e+02 3.461028922717090381e+02 4.102892271709038141e+00 7.602892271709038141e+00
3.519825726091968932e+02 3.599825726091968932e+02 1.098257260919689315e+01 1.473257260919689315e+01 4.732572609196893154e+00 3.489825726091968932e+02 3.437325726091968932e+02
1.142299545287085039e+01 1.542299545287085039e+01 1.717299545287085039e+01 1.742299545287085039e+01 2.117299545287085039e+01 1.967299545287085039e+01 3.576729954528708504e+02
1.899102338486352437e+01 2.149102338486352437e+01 2.174102338486352437e+01 1.499102338486352437e+01 2.524102338486352437e+01 4.924102338486352437e+01 3.509910233848635244e+02
1.168781547589475167e+01 6.687815475894751671e+00 3.937815475894751671e+00 9.378154758947516711e-01 3.534378154758947517e+02 3.509378154758947517e+02 1.343781547589475167e+01
1.336420734658793208e+01 8.364207346587932079e+00 4.864207346587932079e+00 5.864207346587932079e+00 2.836420734658793208e+01 5.761420734658793208e+01 3.436142073465879321e+02
1.801895622415253229e+01 1.751895622415253229e+01 1.951895622415253229e+01 9.018956224152532286e+00 1.276895622415253229e+01 3.076895622415253229e+01 3.351895622415253229e+01
0.000000000000000000e+00 0.000000000000000000e+00 0.000000000000000000e+00 0.000000000000000000e+00 0.000000000000000000e+00 0.000000000000000000e+00 0.000000000000000000e+00
3.531236035433971665e+02 3.576236035433971665e+02 7.123603543397166504e+00 7.623603543397166504e+00 4.873603543397166504e+00 3.591236035433971665e+02 3.488736035433971665e+02
2.982330049287304519e+01 2.907330049287304519e+01 2.482330049287304519e+01 2.132330049287304519e+01 3.757330049287304519e+01 7.082330049287304519e+01 7.107330049287304519e+01
3.135017968706739566e+01 2.335017968706739566e+01 1.035017968706739566e+01 1.185017968706739566e+01 1.060017968706739566e+01 3.513501796870673957e+02 2.035017968706739566e+01
2.832935869435914356e+01 2.582935869435914356e+01 5.829358694359143556e+00 3.573293586943591436e+02 1.257935869435914356e+01 1.457935869435914356e+01 2.829358694359143556e+00
0.000000000000000000e+00 0.000000000000000000e+00 0.000000000000000000e+00 0.000000000000000000e+00 0.000000000000000000e+00 0.000000000000000000e+00 0.000000000000000000e+00
3.544671199306380345e+02 3.529671199306380345e+02 3.517171199306380345e+02 3.482171199306380345e+02 3.464671199306380345e+02 3.539671199306380345e+02 3.569671199306380345e+02
0.000000000000000000e+00 0.000000000000000000e+00 0.000000000000000000e+00 0.000000000000000000e+00 0.000000000000000000e+00 0.000000000000000000e+00 0.000000000000000000e+00
0.000000000000000000e+00 0.000000000000000000e+00 0.000000000000000000e+00 0.000000000000000000e+00 0.000000000000000000e+00 0.000000000000000000e+00 0.000000000000000000e+00
0.000000000000000000e+00 0.000000000000000000e+00 0.000000000000000000e+00 0.000000000000000000e+00 0.000000000000000000e+00 0.000000000000000000e+00 0.000000000000000000e+00
0.000000000000000000e+00 0.000000000000000000e+00 0.000000000000000000e+00 0.000000000000000000e+00 0.000000000000000000e+00 0.000000000000000000e+00 0.000000000000000000e+00
0.000000000000000000e+00 0.000000000000000000e+00 0.000000000000000000e+00 0.000000000000000000e+00 0.000000000000000000e+00 0.000000000000000000e+00 0.000000000000000000e+00
2.651134236308467962e+01 3.101134236308467962e+01 3.626134236308467962e+01 2.501134236308467962e+01 3.451134236308467962e+01 4.376134236308467962e+01 2.276134236308467962e+01
1.070636988691558145e+01 7.206369886915581446e+00 7.956369886915581446e+00 1.270636988691558145e+01 1.945636988691558145e+01 1.470636988691558145e+01 2.956369886915581446e+00
3.506475496351524725e+02 8.147549635152472547e+00 7.147549635152472547e+00 6.397549635152472547e+00 8.647549635152472547e+00 6.397549635152472547e+00 3.591475496351524725e+02
2.599283945851311728e-01 3.557599283945851312e+02 3.537599283945851312e+02 3.570099283945851312e+02 3.759928394585131173e+00 4.259928394585131173e+00 3.537599283945851312e+02
3.532136473374193315e+02 3.549636473374193315e+02 3.507136473374193315e+02 3.339636473374193315e+02 3.189636473374193315e+02 3.459636473374193315e+02 4.213647337419331507e+00
2.466359968164340444e+00 3.216359968164340444e+00 2.966359968164340444e+00 3.567163599681643404e+02 3.524663599681643404e+02 9.663599681643404438e-01 3.216359968164340444e+00
3.566114969294303592e+02 3.546114969294303592e+02 3.503614969294303592e+02 3.463614969294303592e+02 3.568614969294303592e+02 3.588614969294303592e+02 3.496114969294303592e+02
0.000000000000000000e+00 0.000000000000000000e+00 0.000000000000000000e+00 0.000000000000000000e+00 0.000000000000000000e+00 0.000000000000000000e+00 0.000000000000000000e+00
1.159607528582517944e+01 1.509607528582517944e+01 1.459607528582517944e+01 3.346075285825179435e+00 3.463460752858251794e+02 3.433460752858251794e+02 3.553460752858251794e+02
3.410754096557430444e+02 3.438254096557430444e+02 1.457540965574306568e+01 6.207540965574304437e+01 7.207540965574304437e+01 3.598254096557430444e+02 2.903254096557431012e+02
3.594136016510726677e+02 1.413601651072639243e+00 1.913601651072639243e+00 3.594136016510726677e+02 3.499136016510726677e+02 4.663601651072639243e+00 3.591636016510726677e+02
2.439701183953037855e+01 2.739701183953037855e+01 2.189701183953037855e+01 3.551470118395303643e+02 3.578970118395303643e+02 3.501470118395303643e+02 3.278970118395303643e+02
0.000000000000000000e+00 0.000000000000000000e+00 0.000000000000000000e+00 0.000000000000000000e+00 0.000000000000000000e+00 0.000000000000000000e+00 0.000000000000000000e+00
4.053444976238881736e+01 2.978444976238881736e+01 3.415344497623888174e+02 3.522844497623888174e+02 1.253444976238881736e+01 1.653444976238881736e+01 1.303444976238881736e+01
2.926901298283212327e+00 1.426901298283212327e+00 4.269012982832123271e-01 4.269012982832123271e-01 5.926901298283212327e+00 3.589269012982832123e+02 3.546769012982832123e+02
2.793017839811886915e+01 3.868017839811886915e+01 2.693017839811886915e+01 8.680178398118854943e+00 7.930178398118854943e+00 1.668017839811885494e+01 3.486801783981188692e+02
2.716239387907901914e+01 1.291239387907901914e+01 3.476623938790789907e+02 3.486623938790789907e+02 3.524123938790789907e+02 1.412393879079019143e+00 3.584123938790789907e+02
4.654045721099180355e+00 3.579040457210991804e+02 5.904045721099180355e+00 9.040457210991803549e-01 1.815404572109918035e+01 6.215404572109918035e+01 7.740404572109918035e+01
3.173156846092945216e+01 2.598156846092945216e+01 5.198156846092945216e+01 2.731568460929452158e+00 3.159815684609294522e+02 3.377315684609294522e+02 3.474815684609294522e+02
3.581030192808080415e+02 3.241030192808080415e+02 3.166030192808080415e+02 3.178530192808080415e+02 3.098530192808080415e+02 3.123530192808080415e+02 3.493530192808080415e+02
2.622687744463576109e+00 3.622687744463576109e+00 1.226877444635761094e-01 3.531226877444635761e+02 3.526226877444635761e+02 3.548726877444635761e+02 1.226877444635761094e-01
0.000000000000000000e+00 0.000000000000000000e+00 0.000000000000000000e+00 0.000000000000000000e+00 0.000000000000000000e+00 0.000000000000000000e+00 0.000000000000000000e+00
1.368459312876905187e+01 1.343459312876905187e+01 1.043459312876905187e+01 5.184593128769051873e+00 1.193459312876905187e+01 3.554345931287690519e+02 3.084345931287690519e+02
3.517536508238089255e+02 5.036508238089538736e-01 3.465036508238089255e+02 3.357536508238089255e+02 3.495036508238089255e+02 6.753650823808953874e+00 3.545036508238089255e+02
3.549720702921474640e+02 3.499720702921474640e+02 3.584720702921474640e+02 3.972070292147463988e+00 3.519720702921474640e+02 3.522220702921474640e+02 7.972070292147463988e+00
3.379410882922926476e+02 3.526910882922926476e+02 2.769108829229264757e+01 4.769108829229264757e+01 3.744108829229264757e+01 3.154410882922926476e+02 3.054410882922926476e+02
2.740839255955449971e+00 2.990839255955449971e+00 7.408392559554499712e-01 3.572408392559554500e+02 3.554908392559554500e+02 3.554908392559554500e+02 1.240839255955449971e+00
0.000000000000000000e+00 0.000000000000000000e+00 0.000000000000000000e+00 0.000000000000000000e+00 0.000000000000000000e+00 0.000000000000000000e+00 0.000000000000000000e+00
0.000000000000000000e+00 0.000000000000000000e+00 0.000000000000000000e+00 0.000000000000000000e+00 0.000000000000000000e+00 0.000000000000000000e+00 0.000000000000000000e+00
3.470910408295991374e+02 3.500910408295991374e+02 5.591040829599137396e+00 5.341040829599137396e+00 2.809104082959913740e+01 6.184104082959913740e+01 5.884104082959913740e+01
0.000000000000000000e+00 0.000000000000000000e+00 0.000000000000000000e+00 0.000000000000000000e+00 0.000000000000000000e+00 0.000000000000000000e+00 0.000000000000000000e+00
0.000000000000000000e+00 0.000000000000000000e+00 0.000000000000000000e+00 0.000000000000000000e+00 0.000000000000000000e+00 0.000000000000000000e+00 0.000000000000000000e+00
0.000000000000000000e+00 0.000000000000000000e+00 0.000000000000000000e+00 0.000000000000000000e+00 0.000000000000000000e+00 0.000000000000000000e+00 0.000000000000000000e+00
0.000000000000000000e+00 0.000000000000000000e+00 0.000000000000000000e+00 0.000000000000000000e+00 0.000000000000000000e+00 0.000000000000000000e+00 0.000000000000000000e+00
0.000000000000000000e+00 0.000000000000000000e+00 0.000000000000000000e+00 0.000000000000000000e+00 0.000000000000000000e+00 0.000000000000000000e+00 0.000000000000000000e+00
0.000000000000000000e+00 0.000000000000000000e+00 0.000000000000000000e+00 0.000000000000000000e+00 0.000000000000000000e+00 0.000000000000000000e+00 0.000000000000000000e+00
0.000000000000000000e+00 0.000000000000000000e+00 0.000000000000000000e+00 0.000000000000000000e+00 0.000000000000000000e+00 0.000000000000000000e+00 0.000000000000000000e+00
0.000000000000000000e+00 0.000000000000000000e+00 0.000000000000000000e+00 0.000000000000000000e+00 0.000000000000000000e+00 0.000000000000000000e+00 0.000000000000000000e+00
0.000000000000000000e+00 0.000000000000000000e+00 0.000000000000000000e+00 0.000000000000000000e+00 0.000000000000000000e+00 0.000000000000000000e+00 0.000000000000000000e+00
0.000000000000000000e+00 0.000000000000000000e+00 0.000000000000000000e+00 0.000000000000000000e+00 0.000000000000000000e+00 0.000000000000000000e+00 0.000000000000000000e+00
0.000000000000000000e+00 0.000000000000000000e+00 0.000000000000000000e+00 0.000000000000000000e+00 0.000000000000000000e+00 0.000000000000000000e+00 0.000000000000000000e+00
0.000000000000000000e+00 0.000000000000000000e+00 0.000000000000000000e+00 0.000000000000000000e+00 0.000000000000000000e+00 0.000000000000000000e+00 0.000000000000000000e+00
0.000000000000000000e+00 0.000000000000000000e+00 0.000000000000000000e+00 0.000000000000000000e+00 0.000000000000000000e+00 0.000000000000000000e+00 0.000000000000000000e+00
0.000000000000000000e+00 0.000000000000000000e+00 0.000000000000000000e+00 0.000000000000000000e+00 0.000000000000000000e+00 0.000000000000000000e+00 0.000000000000000000e+00
0.000000000000000000e+00 0.000000000000000000e+00 0.000000000000000000e+00 0.000000000000000000e+00 0.000000000000000000e+00 0.000000000000000000e+00 0.000000000000000000e+00
0.000000000000000000e+00 0.000000000000000000e+00 0.000000000000000000e+00 0.000000000000000000e+00 0.000000000000000000e+00 0.000000000000000000e+00 0.000000000000000000e+00
0.000000000000000000e+00 0.000000000000000000e+00 0.000000000000000000e+00 0.000000000000000000e+00 0.000000000000000000e+00 0.000000000000000000e+00 0.000000000000000000e+00
0.000000000000000000e+00 0.000000000000000000e+00 0.000000000000000000e+00 0.000000000000000000e+00 0.000000000000000000e+00 0.000000000000000000e+00 0.000000000000000000e+00
