9.734802993673655758e-01 9.719784830273410225e-01 9.750924389950984539e-01 9.817502828741569987e-01 9.753781567646157002e-01 9.293637662864794313e-01 6.788081758156009338e-01
9.893910433265745707e-01 9.895980038810533452e-01 9.900813261707674950e-01 9.870366348774821663e-01 9.783468689504901672e-01 9.572742559048004196e-01 9.156435340243702647e-01
0.000000000000000000e+00 0.000000000000000000e+00 0.000000000000000000e+00 0.000000000000000000e+00 0.000000000000000000e+00 0.000000000000000000e+00 0.000000000000000000e+00
0.000000000000000000e+00 0.000000000000000000e+00 0.000000000000000000e+00 0.000000000000000000e+00 0.000000000000000000e+00 0.000000000000000000e+00 0.000000000000000000e+00
6.889068116768747307e-01 6.787310789578013814e-01 4.004998181527583689e-01 5.663084922462878756e-01 5.106554575281588848e-01 8.999077522142244767e-01 6.334937389526663631e-01
0.000000000000000000e+00 0.000000000000000000e+00 0.000000000000000000e+00 0.000000000000000000e+00 0.000000000000000000e+00 0.000000000000000000e+00 0.000000000000000000e+00
8.370790360364572802e-01 7.928825386050679658e-01 7.378697635962020440e-01 7.433028648686162976e-01 7.970053279288307202e-01 8.203273340276002745e-01 8.090873159834567341e-01
8.901484186729261561e-01 9.269177113668506385e-01 9.583503672297272180e-01 9.354719809273756015e-01 9.464636684946035050e-01 9.287000016109662193e-01 9.070998867535999821e-01
0.000000000000000000e+00 0.000000000000000000e+00 0.000000000000000000e+00 0.000000000000000000e+00 0.000000000000000000e+00 0.000000000000000000e+00 0.000000000000000000e+00
0.000000000000000000e+00 0.000000000000000000e+00 0.000000000000000000e+00 0.000000000000000000e+00 0.000000000000000000e+00 0.000000000000000000e+00 0.000000000000000000e+00
4.039913977860234984e-01 2.984573518230519973e-01 6.014314072847982695e-01 6.865187501982908946e-01 7.898036787370870115e-01 5.080812839132513581e-01 1.859961961809422915e-01
9.675056901386875907e-01 9.131356668529231335e-01 6.553113110911614747e-01 7.887858004140844148e-01 7.568397823672655678e-01 6.232942039297958425e-01 2.188267911392690335e-01
8.006230776374971825e-01 8.756033615919330826e-01 9.288899733531498226e-01 9.424801054643633380e-01 9.291533817533227380e-01 8.692428346668330530e-01 8.207972976376839425e-01
9.879170034671613809e-01 9.894602168669878184e-01 9.927227667531841604e-01 9.945575582839940587e-01 9.946754844263234752e-01 9.726328374610440086e-01 9.891757832035220632e-01
9.842779159974117675e-01 9.888037469292886295e-01 9.930019658605094834e-01 9.948040529296086065e-01 9.790287754219697547e-01 6.979944185493788256e-01 9.502753059708709538e-01
0.000000000000000000e+00 0.000000000000000000e+00 0.000000000000000000e+00 0.000000000000000000e+00 0.000000000000000000e+00 0.000000000000000000e+00 0.000000000000000000e+00
0.000000000000000000e+00 0.000000000000000000e+00 0.000000000000000000e+00 0.000000000000000000e+00 0.000000000000000000e+00 0.000000000000000000e+00 0.000000000000000000e+00
9.932026556708380971e-01 9.788561871515663038e-01 9.642153557717563217e-01 9.336830695869152708e-01 9.030448061446357810e-01 9.123802728215530955e-01 9.112573097782387110e-01
9.931565771720092251e-01 9.927313087711471251e-01 9.918141034275418377e-01 9.887399437941376545e-01 9.669093080231379034e-01 9.157785305779871932e-01 6.457646244373842492e-01
0.000000000000000000e+00 0.000000000000000000e+00 0.000000000000000000e+00 0.000000000000000000e+00 0.000000000000000000e+00 0.000000000000000000e+00 0.000000000000000000e+00
0.000000000000000000e+00 0.000000000000000000e+00 0.000000000000000000e+00 0.000000000000000000e+00 0.000000000000000000e+00 0.000000000000000000e+00 0.000000000000000000e+00
9.709596159621703970e-01 9.662043666076624016e-01 9.519157189918179274e-01 9.507182980297080865e-01 9.708364810410260448e-01 9.772689198534357802e-01 9.217288069723721389e-01
9.774777639088791936e-01 9.774930706208885267e-01 9.396908696345130929e-01 8.828450588831731061e-01 5.625787783857677526e-01 4.716518032927625725e-01 7.006554617428455423e-01
0.000000000000000000e+00 0.000000000000000000e+00 0.000000000000000000e+00 0.000000000000000000e+00 0.000000000000000000e+00 0.000000000000000000e+00 0.000000000000000000e+00
8.242654177163041274e-01 9.037187655125094032e-01 9.209262559082200816e-01 8.747681996823374329e-01 3.919393681165730392e-01 2.911162295843100489e-01 1.721671219697009647e-01
9.778404570941294782e-01 9.804053673005409530e-01 9.777307507626792349e-01 9.777779078590420614e-01 9.705551015189135544e-01 9.792542017244504349e-01 9.672509931391118920e-01
0.000000000000000000e+00 0.000000000000000000e+00 0.000000000000000000e+00 0.000000000000000000e+00 0.000000000000000000e+00 0.000000000000000000e+00 0.000000000000000000e+00
0.000000000000000000e+00 0.000000000000000000e+00 0.000000000000000000e+00 0.000000000000000000e+00 0.000000000000000000e+00 0.000000000000000000e+00 0.000000000000000000e+00
8.892950831528443345e-01 8.944917349598164868e-01 9.176229391041595962e-01 9.470123203705098636e-01 5.924371185353828340e-01 3.070900099495916247e-01 3.414062725738112869e-01
9.170189170146498814e-01 6.507818418830711993e-01 4.640035609646182002e-01 6.714468108931673784e-01 8.310855319155839860e-01 9.250995124030881867e-01 9.544461145742484387e-01
0.000000000000000000e+00 0.000000000000000000e+00 0.000000000000000000e+00 0.000000000000000000e+00 0.000000000000000000e+00 0.000000000000000000e+00 0.000000000000000000e+00
5.359166919758452385e-01 4.613886622092306933e-01 5.694064315327694858e-01 5.522478322173408616e-01 7.340328946335937799e-01 7.831954840773842630e-01 9.083891186000897511e-01
0.000000000000000000e+00 0.000000000000000000e+00 0.000000000000000000e+00 0.000000000000000000e+00 0.000000000000000000e+00 0.000000000000000000e+00 0.000000000000000000e+00
9.827957750996531017e-01 9.713634251167669875e-01 9.585610749091142413e-01 9.237564252963929023e-01 9.645880088784962725e-01 8.499374944393958131e-01 9.508646826343775116e-01
9.814319613331013992e-01 9.833336499479687909e-01 9.886906232658805305e-01 9.431306767041339745e-01 9.544879665247663070e-01 9.652422516863301549e-01 9.857915605573177587e-01
9.880934941891403867e-01 9.900589525752442333e-01 9.906651818185318037e-01 9.867302025894011397e-01 9.615146518354161786e-01 9.525412982706022991e-01 9.169261785146524124e-01
9.910120148764907100e-01 9.922164240542287184e-01 9.939867038248721975e-01 9.959096081265825795e-01 9.945023647004974654e-01 9.837510441081710466e-01 9.600977054485639872e-01
9.889903763730375497e-01 9.875995471776052304e-01 9.830136163368823343e-01 9.890118834156402805e-01 9.871432031143094754e-01 9.824100032061188204e-01 9.823660999850692965e-01
9.369223579922898448e-01 9.455388847472302460e-01 9.451049619597475804e-01 9.445303643054017151e-01 9.461359969516149881e-01 8.670551868160656372e-01 7.272935537873782552e-01
0.000000000000000000e+00 0.000000000000000000e+00 0.000000000000000000e+00 0.000000000000000000e+00 0.000000000000000000e+00 0.000000000000000000e+00 0.000000000000000000e+00
9.751053271679036571e-01 9.822096982945980326e-01 9.850198982586072516e-01 9.785887437485203399e-01 9.656728042857726235e-01 9.413558349838694328e-01 9.370592619974177362e-01
0.000000000000000000e+00 0.000000000000000000e+00 0.000000000000000000e+00 0.000000000000000000e+00 0.000000000000000000e+00 0.000000000000000000e+00 0.000000000000000000e+00
0.000000000000000000e+00 0.000000000000000000e+00 0.000000000000000000e+00 0.000000000000000000e+00 0.000000000000000000e+00 0.000000000000000000e+00 0.000000000000000000e+00
6.697916349063498531e-01 7.906690933807857258e-01 5.654618799521474726e-01 5.981289658436287349e-01 5.013809910894120314e-01 8.011209742526956834e-01 9.484372033215464626e-01
8.865402599885792156e-01 9.271154180822005486e-01 9.440960802743225688e-01 9.546040729249786194e-01 9.338181986954624536e-01 9.423539134185444643e-01 9.620653778716684590e-01
9.700019129219631386e-01 9.425274288770065789e-01 9.581201617398550363e-01 9.613167947338732144e-01 9.683875735642250016e-01 8.668654714327880262e-01 8.513691965347137680e-01
6.090523796335746143e-01 5.006607797805585625e-01 4.407721395819489407e-01 5.301775230521423854e-01 5.297270141615941785e-01 4.457127958671955881e-01 7.173061911445761663e-01
0.000000000000000000e+00 0.000000000000000000e+00 0.000000000000000000e+00 0.000000000000000000e+00 0.000000000000000000e+00 0.000000000000000000e+00 0.000000000000000000e+00
9.662514468728431449e-01 9.759371049165237455e-01 9.799446152434682089e-01 9.760404862397112913e-01 9.728746422151115514e-01 9.737514428292377566e-01 9.720009238179445621e-01
0.000000000000000000e+00 0.000000000000000000e+00 0.000000000000000000e+00 0.000000000000000000e+00 0.000000000000000000e+00 0.000000000000000000e+00 0.000000000000000000e+00
9.793479256198068805e-01 9.618956827604526749e-01 9.175380726995762126e-01 9.269662973715991905e-01 9.685769367090398818e-01 9.788222380761305574e-01 9.844393419492885045e-01
9.259173939495910499e-01 9.001311925387965873e-01 8.673185887183463283e-01 6.604396619396097901e-01 7.961519252259521284e-01 8.736000842379725295e-01 8.974268986476567900e-01
8.856577713045789002e-01 8.457956426823839413e-01 7.695688743382976815e-01 5.843451768676354297e-01 7.728668088596352126e-01 8.708439040391733332e-01 9.503593816720371512e-01
9.507557516138396281e-01 9.192554444789534651e-01 8.441889872992808241e-01 5.717582122365038044e-01 6.595963686384793689e-01 8.915370451464545987e-01 9.784324904891591457e-01
9.921105677787430688e-01 9.925377238969000926e-01 9.903420176115893536e-01 9.876329851032946694e-01 9.803425165797190477e-01 6.896932377653715029e-01 6.541598500909862057e-01
9.838751574246769049e-01 9.896055081947621179e-01 9.898580344216660887e-01 9.792040344524286510e-01 9.638376909408186144e-01 9.661820178585722729e-01 9.082665385740416042e-01
9.773808346393918489e-01 9.795726361175529640e-01 9.870345456487412683e-01 9.929643887991043139e-01 9.942418484434212278e-01 9.920917410742216003e-01 9.877109261614722691e-01
9.771585634610814308e-01 9.794494693063572344e-01 9.870223025450427512e-01 9.929651345637454662e-01 9.942438842540551880e-01 9.921176847119145270e-01 9.877803825465502063e-01
0.000000000000000000e+00 0.000000000000000000e+00 0.000000000000000000e+00 0.000000000000000000e+00 0.000000000000000000e+00 0.000000000000000000e+00 0.000000000000000000e+00
9.849396300808875848e-01 9.823632129986406003e-01 9.744619377249790215e-01 9.722681364828194006e-01 4.864883358408171876e-01 3.470239161696186403e-01 3.645961682937831627e-01
0.000000000000000000e+00 0.000000000000000000e+00 0.000000000000000000e+00 0.000000000000000000e+00 0.000000000000000000e+00 0.000000000000000000e+00 0.000000000000000000e+00
9.672302010768644154e-01 9.551454757092519010e-01 9.581966091893228121e-01 9.562026148189010089e-01 9.773979489533141107e-01 9.513220316864048343e-01 9.450967201170985543e-01
0.000000000000000000e+00 0.000000000000000000e+00 0.000000000000000000e+00 0.000000000000000000e+00 0.000000000000000000e+00 0.000000000000000000e+00 0.000000000000000000e+00
9.358132928322783206e-01 8.808647185422646686e-01 5.105835795090946094e-01 3.310354921382845372e-01 2.106408557174577201e-01 2.605365727957569266e-01 2.942702635050329918e-01
0.000000000000000000e+00 0.000000000000000000e+00 0.000000000000000000e+00 0.000000000000000000e+00 0.000000000000000000e+00 0.000000000000000000e+00 0.000000000000000000e+00
0.000000000000000000e+00 0.000000000000000000e+00 0.000000000000000000e+00 0.000000000000000000e+00 0.000000000000000000e+00 0.000000000000000000e+00 0.000000000000000000e+00
9.856736523564362251e-01 9.904749854780883211e-01 9.883633756333758402e-01 9.865406651534820437e-01 9.648864916089614496e-01 5.761518647935738313e-01 5.491801828545443964e-01
9.292330008575568900e-01 9.466646461156525971e-01 8.974002929559488084e-01 8.638249871183566464e-01 8.289954056281210182e-01 9.032978647225458069e-01 9.383132176693058657e-01
9.769528454214099211e-01 9.627008825329341768e-01 9.457254510099399880e-01 9.409893269702780394e-01 9.433010930674868844e-01 9.038667652114321660e-01 9.296669995147150978e-01
0.000000000000000000e+00 0.000000000000000000e+00 0.000000000000000000e+00 0.000000000000000000e+00 0.000000000000000000e+00 0.000000000000000000e+00 0.000000000000000000e+00
8.731837697971999157e-01 8.932604328749115252e-01 8.776103252397040588e-01 6.425832030491556157e-01 4.719957753143732004e-01 4.959951409386046395e-01 6.954635704504247284e-01
0.000000000000000000e+00 0.000000000000000000e+00 0.000000000000000000e+00 0.000000000000000000e+00 0.000000000000000000e+00 0.000000000000000000e+00 0.000000000000000000e+00
0.000000000000000000e+00 0.000000000000000000e+00 0.000000000000000000e+00 0.000000000000000000e+00 0.000000000000000000e+00 0.000000000000000000e+00 0.000000000000000000e+00
8.734766142563644697e-01 8.937426947352528073e-01 9.170909033036229729e-01 9.595345158987691470e-01 8.958492622689540053e-01 8.393364791119281021e-01 7.815197752114672047e-01
0.000000000000000000e+00 0.000000000000000000e+00 0.000000000000000000e+00 0.000000000000000000e+00 0.000000000000000000e+00 0.000000000000000000e+00 0.000000000000000000e+00
9.252179528265516151e-01 9.339373258859668958e-01 9.317254600632132178e-01 8.939135980441617058e-01 8.132893296375032222e-01 8.591542338731278372e-01 8.192084822525602661e-01
7.665631468027286344e-01 6.758160853971626469e-01 6.139148809054850719e-01 5.593433435216165206e-01 7.267967991089671065e-01 7.993480862199976444e-01 8.511494408798945255e-01
9.008192330807205384e-01 8.664215576142306752e-01 8.234582922059789922e-01 7.685955171371101624e-01 8.394269244793406415e-01 8.373030489851646108e-01 8.993052761565154540e-01
9.202161543662900067e-01 7.881588119724616259e-01 9.205424314182766299e-01 8.227913133557120950e-01 8.622990808692417852e-01 8.673643342954593383e-01 5.539743015064367837e-01
7.810617434749401733e-01 8.173820680871405342e-01 8.882019445239041078e-01 9.075797746319204107e-01 8.925844688441763042e-01 7.816717372174285527e-01 8.299719047852206488e-01
0.000000000000000000e+00 0.000000000000000000e+00 0.000000000000000000e+00 0.000000000000000000e+00 0.000000000000000000e+00 0.000000000000000000e+00 0.000000000000000000e+00
8.942205439565674707e-01 8.543532892966189118e-01 8.748071055328711099e-01 8.659180620044356624e-01 9.086180321776163860e-01 9.504487504294049094e-01 9.488225459377714888e-01
9.751699081641904687e-01 9.674195929813538264e-01 9.717134331374618350e-01 9.704194931484078079e-01 9.655569686483355119e-01 8.993211082159545677e-01 7.985766294772492779e-01
9.339418389650004926e-01 9.851350998173746820e-01 9.943440851087127497e-01 9.972663729536620503e-01 9.973607387099522326e-01 9.925186024351285718e-01 9.822523663566299357e-01
8.309440476755900473e-01 7.849286105118208345e-01 8.946122658560247132e-01 9.313606085950468794e-01 8.868360801283250439e-01 9.290769807351918486e-01 9.764767818462339877e-01
9.744775185035722265e-01 9.836440476529656474e-01 9.831058320976696630e-01 9.674146045182865361e-01 9.643627547183072357e-01 9.243071309636754496e-01 9.164799702576421625e-01
9.745592217543755931e-01 9.831405620684861013e-01 9.827374544462359474e-01 9.682593313414646907e-01 9.634851226402270097e-01 9.203049815863061367e-01 9.145665132525119256e-01
9.534776323466663817e-01 9.814658253980526048e-01 9.858538242199088586e-01 9.895954393571517738e-01 9.828682917868855062e-01 9.756815076878602166e-01 9.463234738832210224e-01
0.000000000000000000e+00 0.000000000000000000e+00 0.000000000000000000e+00 0.000000000000000000e+00 0.000000000000000000e+00 0.000000000000000000e+00 0.000000000000000000e+00
0.000000000000000000e+00 0.000000000000000000e+00 0.000000000000000000e+00 0.000000000000000000e+00 0.000000000000000000e+00 0.000000000000000000e+00 0.000000000000000000e+00
0.000000000000000000e+00 0.000000000000000000e+00 0.000000000000000000e+00 0.000000000000000000e+00 0.000000000000000000e+00 0.000000000000000000e+00 0.000000000000000000e+00
8.495718853830857009e-01 7.503503227829444455e-01 4.334234105672665760e-01 1.878037829025039351e-01 2.979193374043464515e-01 5.503797977308590994e-01 4.328213618838663290e-01
5.046262336231610579e-01 4.141175547931902901e-01 2.533269667486722221e-01 1.173590436094455181e-01 2.853162282166113450e-01 4.503076836454997789e-01 6.929704574605184408e-01
9.054679047786889923e-01 9.403549488191794703e-01 9.628541057692975302e-01 9.687636673184694125e-01 9.802402121035077576e-01 9.803151730134417319e-01 9.359144783701393022e-01
0.000000000000000000e+00 0.000000000000000000e+00 0.000000000000000000e+00 0.000000000000000000e+00 0.000000000000000000e+00 0.000000000000000000e+00 0.000000000000000000e+00
9.754355109743996222e-01 9.875406460719123869e-01 9.884793293092780653e-01 9.861561832069765110e-01 9.818457904925335100e-01 9.633001244971420851e-01 9.520988819235943756e-01
7.376188819756711590e-01 7.628377429004975507e-01 8.306699304713905940e-01 8.969940899271093837e-01 9.302545644361074340e-01 9.152924590705755481e-01 9.037963644525833784e-01
8.237196972739346812e-01 9.061629157399341272e-01 9.441941494878707264e-01 9.297986564024814937e-01 9.564310086880275508e-01 9.726125332420638703e-01 9.822924352795375791e-01
9.414064175728188433e-01 9.439581837075409210e-01 9.533445780489564481e-01 9.716442064818450186e-01 9.642476784196084560e-01 9.287400694818649383e-01 9.320721399979714494e-01
9.434355110529480948e-01 9.424478531873087261e-01 9.378807456265556564e-01 9.197837228841196922e-01 8.160854359223049803e-01 8.786173414838542861e-01 9.815949969134689646e-01
9.450323523940720172e-01 9.482773828132665672e-01 9.351622015238199026e-01 9.309455701086810642e-01 9.070800491288248946e-01 8.884450046921159583e-01 9.879969879104607555e-01
9.568045721229402334e-01 9.466834736668163774e-01 9.329349248174921838e-01 8.583622367380249196e-01 8.418023921953398103e-01 7.162641644562489640e-01 9.340564896846128562e-01
9.400592019106563946e-01 9.632982730537619220e-01 9.769655846274841737e-01 9.766002381909676400e-01 9.664159770756056700e-01 9.343774912041511449e-01 9.248639670526518364e-01
9.053306660294108132e-01 9.301761033981584825e-01 9.667426459246929449e-01 9.835230842427272746e-01 9.641975280670499471e-01 8.551936608104355741e-01 8.392089250857444060e-01
8.592461761031652268e-01 8.932718822969275552e-01 8.909974784984675544e-01 8.443504290795462719e-01 8.967321022009324683e-01 9.676631167725014970e-01 9.802500721915932136e-01
0.000000000000000000e+00 0.000000000000000000e+00 0.000000000000000000e+00 0.000000000000000000e+00 0.000000000000000000e+00 0.000000000000000000e+00 0.000000000000000000e+00
9.044966935667818619e-01 9.174548613686125398e-01 9.677991806105640249e-01 9.597443199615373066e-01 2.790864910282657152e-01 4.523591937762886928e-01 7.411755279673845065e-01
9.015932236620340934e-01 7.813104402390335101e-01 9.024279329153312990e-01 9.341470555110877871e-01 9.100291571510876754e-01 5.479536556001974867e-01 5.607428956706357326e-01
9.648651745390333101e-01 9.787133590199833533e-01 9.911204568804967696e-01 9.941546531688383315e-01 9.845188228124067686e-01 9.160660717734705472e-01 9.278742805258091142e-01
9.324793055170733647e-01 9.342206502207471841e-01 9.570283801155807790e-01 9.394970826451782830e-01 9.619317019609177066e-01 9.566397074087176211e-01 9.004899413784018813e-01
8.067440221690880264e-01 6.162908581269367359e-01 6.689941433363555401e-01 7.785120664305783533e-01 9.386200731677432074e-01 9.004137249236295881e-01 8.741956119116347512e-01
0.000000000000000000e+00 0.000000000000000000e+00 0.000000000000000000e+00 0.000000000000000000e+00 0.000000000000000000e+00 0.000000000000000000e+00 0.000000000000000000e+00
0.000000000000000000e+00 0.000000000000000000e+00 0.000000000000000000e+00 0.000000000000000000e+00 0.000000000000000000e+00 0.000000000000000000e+00 0.000000000000000000e+00
8.100456339007985340e-01 8.291646324978260152e-01 8.780198388122050224e-01 8.833819101270611318e-01 7.730467663044509052e-01 5.019451382619157798e-01 4.062510053563915813e-01
0.000000000000000000e+00 0.000000000000000000e+00 0.000000000000000000e+00 0.000000000000000000e+00 0.000000000000000000e+00 0.000000000000000000e+00 0.000000000000000000e+00
9.819597771704959843e-01 9.803338181893901382e-01 9.685400344739428791e-01 9.530125893812808613e-01 9.719006445225397695e-01 9.756120800844969576e-01 9.690379975642302579e-01
9.446775801863270816e-01 9.690650272766050399e-01 9.786612280371171924e-01 9.775893311457094503e-01 9.825644164463419594e-01 7.965258327039060893e-01 4.778112515661191440e-01
9.935774038685069032e-01 9.945895243414585307e-01 9.949619923034996871e-01 9.889085291188669524e-01 9.439201726838892803e-01 4.226703827511839595e-01 4.696035834965616163e-01
0.000000000000000000e+00 0.000000000000000000e+00 0.000000000000000000e+00 0.000000000000000000e+00 0.000000000000000000e+00 0.000000000000000000e+00 0.000000000000000000e+00
9.907594941655769594e-01 9.928688691499195640e-01 9.903941627334105213e-01 9.874724556308468459e-01 9.883874847532855279e-01 7.313444239012217851e-01 9.539803767955560287e-01
4.094611515119548351e-01 4.723510779553356520e-01 4.855693504709254205e-01 3.367785158993205630e-01 2.006696537083497156e-01 2.723813609177711537e-01 3.620512218507257463e-01
9.692752494879310898e-01 9.479264100052012809e-01 9.462075273724485092e-01 9.514730149970918038e-01 9.693271288418136011e-01 9.390911622365795131e-01 7.892000734300916864e-01
9.777038341757414708e-01 9.735781851654785601e-01 9.734657670264449392e-01 7.339552666101313294e-01 6.482821062746696450e-01 7.573986299400568001e-01 9.779106626275770875e-01
9.094121937841603831e-01 9.251391194989007083e-01 9.038584392548939528e-01 9.666797887024395353e-01 8.939095179481463260e-01 8.601812039590855941e-01 9.105835975652916137e-01
9.609810470838497931e-01 9.609531611430940368e-01 9.762373527772499893e-01 9.836152768831946114e-01 9.750845518593626027e-01 9.543996405066726973e-01 9.588755576939669290e-01
9.830539851361626003e-01 9.889952508191928171e-01 9.929983929291872347e-01 9.901401333069916877e-01 9.874151907842189102e-01 9.901840009083152649e-01 9.935490704632571335e-01
8.967379128159379542e-01 9.184419220502580972e-01 8.710582442011682858e-01 8.489433998445610197e-01 9.413784387243735452e-01 9.585670253584369638e-01 9.400360098368754080e-01
9.845983687981374466e-01 9.807564528248414737e-01 9.635781390258763013e-01 9.627410464803017875e-01 9.855088532985358807e-01 9.871118786173455062e-01 9.688840375181646536e-01
8.827728315897780398e-01 7.755594425864744679e-01 5.437182490870640095e-01 8.736562654352361124e-01 9.716804734108340780e-01 9.814483718786164435e-01 9.892057897590402771e-01
9.767809812229625299e-01 9.795998138107039344e-01 9.722112820167889691e-01 9.643315423410102616e-01 9.648180675998804245e-01 9.651357772479394193e-01 9.069618103435164169e-01
9.589729875073363941e-01 9.646899619425087780e-01 9.829654888091126086e-01 9.870407303028830848e-01 9.864254706214016233e-01 9.787417833288777347e-01 9.824258012605971979e-01
9.868995706200893725e-01 9.835491911191746039e-01 9.707645735861493153e-01 9.561363792320278776e-01 9.606530193493579839e-01 9.756682033524931574e-01 9.757613757952583455e-01
8.717349152039450821e-01 9.140003487279969585e-01 9.289287313280416569e-01 9.445415908684811068e-01 9.163075061297101254e-01 8.060209989812672227e-01 3.665108161535200471e-01
9.464027702794303165e-01 9.672877808095088348e-01 9.598365855197348306e-01 9.454767372112355961e-01 9.258436718940328269e-01 8.702798124049787587e-01 8.969477456509040714e-01
8.366873606371013627e-01 8.292307719868059479e-01 7.881166190301188701e-01 8.243757442328443208e-01 9.296532471639150641e-01 9.240281166065743568e-01 9.248858173413866401e-01
0.000000000000000000e+00 0.000000000000000000e+00 0.000000000000000000e+00 0.000000000000000000e+00 0.000000000000000000e+00 0.000000000000000000e+00 0.000000000000000000e+00
8.766210226525882332e-01 8.265899289159146512e-01 8.442055400267174381e-01 7.729767651852085253e-01 6.842993784810830205e-01 5.935620354288630995e-01 4.635819719889743840e-01
7.721417939590097257e-01 8.125424025218112023e-01 8.235670913772137336e-01 8.034684797344954221e-01 8.210866582705182992e-01 7.977086646235226342e-01 6.696884746459644822e-01
9.798960179701967643e-01 9.623213516528102973e-01 9.473176612068510138e-01 9.232596398333724474e-01 8.411903318655540307e-01 8.243033415841116707e-01 8.956943364282494713e-01
0.000000000000000000e+00 0.000000000000000000e+00 0.000000000000000000e+00 0.000000000000000000e+00 0.000000000000000000e+00 0.000000000000000000e+00 0.000000000000000000e+00
9.858310995519473652e-01 9.872237764234399471e-01 9.924592720017810787e-01 9.960892098584577248e-01 9.947543996697194579e-01 9.900957214830331532e-01 9.827180179993456610e-01
0.000000000000000000e+00 0.000000000000000000e+00 0.000000000000000000e+00 0.000000000000000000e+00 0.000000000000000000e+00 0.000000000000000000e+00 0.000000000000000000e+00
4.398875741904583192e-01 3.542091513963009919e-01 2.223466645800849517e-01 9.006000049800595708e-02 1.158878534855115466e-01 3.158542942046101420e-01 5.326248501095051102e-01
9.891485455342187150e-01 9.918203970621493060e-01 9.905274782868641603e-01 9.425802615101346316e-01 4.139119570044060281e-01 3.058484802907674438e-01 3.725415850085215252e-01
0.000000000000000000e+00 0.000000000000000000e+00 0.000000000000000000e+00 0.000000000000000000e+00 0.000000000000000000e+00 0.000000000000000000e+00 0.000000000000000000e+00
7.712413814093543873e-01 8.874954697323779174e-01 9.625088216142780873e-01 9.766016742884865431e-01 9.703111920943723323e-01 9.173737807346469264e-01 9.286064149021520109e-01
0.000000000000000000e+00 0.000000000000000000e+00 0.000000000000000000e+00 0.000000000000000000e+00 0.000000000000000000e+00 0.000000000000000000e+00 0.000000000000000000e+00
9.868879142285378325e-01 9.793376459285380031e-01 9.824122522164724369e-01 9.879852139673727107e-01 9.761367110202204822e-01 9.493940703404477599e-01 8.372714479199013793e-01
0.000000000000000000e+00 0.000000000000000000e+00 0.000000000000000000e+00 0.000000000000000000e+00 0.000000000000000000e+00 0.000000000000000000e+00 0.000000000000000000e+00
6.937727965986323353e-01 6.906029235400634736e-01 7.864678458687436313e-01 7.222379787584005673e-01 9.675938687996289422e-01 9.889895791544522918e-01 9.896069362804728042e-01
0.000000000000000000e+00 0.000000000000000000e+00 0.000000000000000000e+00 0.000000000000000000e+00 0.000000000000000000e+00 0.000000000000000000e+00 0.000000000000000000e+00
7.202302174220517328e-01 7.910819079565264422e-01 8.613326778849569321e-01 9.315904151902013597e-01 9.489267916170981421e-01 9.578598667725770621e-01 9.435607859242897133e-01
9.812643853115372572e-01 9.865924100527652119e-01 9.823700196394907769e-01 9.030391676359458275e-01 7.747845761245818474e-01 7.381836999227517904e-01 4.223241460028557270e-01
7.921301807204300660e-01 5.402257802420544763e-01 5.952062609615290656e-01 5.779810819568989011e-01 3.601419156463781523e-01 8.068887421675704497e-01 7.695646400126677777e-01
6.834757564028161037e-01 8.313444060772101629e-01 9.413189328604287809e-01 9.854712386937550805e-01 9.958726480119848290e-01 9.722195638547311836e-01 9.867883600490295892e-01
7.840822100175122156e-01 9.041166303140418803e-01 8.371980913448450190e-01 7.812268086133309364e-01 7.124717956207623493e-01 4.598715907315327200e-01 2.792919453345579228e-01
9.848458506854996797e-01 9.861213407495738048e-01 9.834990557990457294e-01 9.500808330270108515e-01 8.723723619354850634e-01 4.406715708037449164e-01 3.405724028740866327e-01
9.828180099700116745e-01 9.789918633191772024e-01 9.796129527593830932e-01 9.849152859580787567e-01 9.714668334647139636e-01 7.111859658556032304e-01 9.556074253792218309e-01
0.000000000000000000e+00 0.000000000000000000e+00 0.000000000000000000e+00 0.000000000000000000e+00 0.000000000000000000e+00 0.000000000000000000e+00 0.000000000000000000e+00
0.000000000000000000e+00 0.000000000000000000e+00 0.000000000000000000e+00 0.000000000000000000e+00 0.000000000000000000e+00 0.000000000000000000e+00 0.000000000000000000e+00
9.867172813378868312e-01 9.872054135159411548e-01 9.841529559585265874e-01 9.746442324048156802e-01 8.773453380448851258e-01 6.056157923893441541e-01 7.159365915855399054e-01
9.615251360910749279e-01 9.661610846119793594e-01 9.725839742405699706e-01 9.597513471924636885e-01 9.066396347676491940e-01 8.375913787507953678e-01 8.665620127232055436e-01
8.876845460068306659e-01 9.330105216520848677e-01 9.447019456596509324e-01 9.004388057493357689e-01 9.682576070329799167e-01 9.414882027378214113e-01 9.470454843104714193e-01
9.738221056050712088e-01 9.683085447660150225e-01 9.615236426966092820e-01 9.361243678322165307e-01 8.730084834041933473e-01 5.846593047304995405e-01 9.245484171293343323e-01
0.000000000000000000e+00 0.000000000000000000e+00 0.000000000000000000e+00 0.000000000000000000e+00 0.000000000000000000e+00 0.000000000000000000e+00 0.000000000000000000e+00
0.000000000000000000e+00 0.000000000000000000e+00 0.000000000000000000e+00 0.000000000000000000e+00 0.000000000000000000e+00 0.000000000000000000e+00 0.000000000000000000e+00
0.000000000000000000e+00 0.000000000000000000e+00 0.000000000000000000e+00 0.000000000000000000e+00 0.000000000000000000e+00 0.000000000000000000e+00 0.000000000000000000e+00
0.000000000000000000e+00 0.000000000000000000e+00 0.000000000000000000e+00 0.000000000000000000e+00 0.000000000000000000e+00 0.000000000000000000e+00 0.000000000000000000e+00
0.000000000000000000e+00 0.000000000000000000e+00 0.000000000000000000e+00 0.000000000000000000e+00 0.000000000000000000e+00 0.000000000000000000e+00 0.000000000000000000e+00
0.000000000000000000e+00 0.000000000000000000e+00 0.000000000000000000e+00 0.000000000000000000e+00 0.000000000000000000e+00 0.000000000000000000e+00 0.000000000000000000e+00
0.000000000000000000e+00 0.000000000000000000e+00 0.000000000000000000e+00 0.000000000000000000e+00 0.000000000000000000e+00 0.000000000000000000e+00 0.000000000000000000e+00
0.000000000000000000e+00 0.000000000000000000e+00 0.000000000000000000e+00 0.000000000000000000e+00 0.000000000000000000e+00 0.000000000000000000e+00 0.000000000000000000e+00
0.000000000000000000e+00 0.000000000000000000e+00 0.000000000000000000e+00 0.000000000000000000e+00 0.000000000000000000e+00 0.000000000000000000e+00 0.000000000000000000e+00
0.000000000000000000e+00 0.000000000000000000e+00 0.000000000000000000e+00 0.000000000000000000e+00 0.000000000000000000e+00 0.000000000000000000e+00 0.000000000000000000e+00
0.000000000000000000e+00 0.000000000000000000e+00 0.000000000000000000e+00 0.000000000000000000e+00 0.000000000000000000e+00 0.000000000000000000e+00 0.000000000000000000e+00
0.000000000000000000e+00 0.000000000000000000e+00 0.000000000000000000e+00 0.000000000000000000e+00 0.000000000000000000e+00 0.000000000000000000e+00 0.000000000000000000e+00
0.000000000000000000e+00 0.000000000000000000e+00 0.000000000000000000e+00 0.000000000000000000e+00 0.000000000000000000e+00 0.000000000000000000e+00 0.000000000000000000e+00
0.000000000000000000e+00 0.000000000000000000e+00 0.000000000000000000e+00 0.000000000000000000e+00 0.000000000000000000e+00 0.000000000000000000e+00 0.000000000000000000e+00
0.000000000000000000e+00 0.000000000000000000e+00 0.000000000000000000e+00 0.000000000000000000e+00 0.000000000000000000e+00 0.000000000000000000e+00 0.000000000000000000e+00
0.000000000000000000e+00 0.000000000000000000e+00 0.000000000000000000e+00 0.000000000000000000e+00 0.000000000000000000e+00 0.000000000000000000e+00 0.000000000000000000e+00
0.000000000000000000e+00 0.000000000000000000e+00 0.000000000000000000e+00 0.000000000000000000e+00 0.000000000000000000e+00 0.000000000000000000e+00 0.000000000000000000e+00
0.000000000000000000e+00 0.000000000000000000e+00 0.000000000000000000e+00 0.000000000000000000e+00 0.000000000000000000e+00 0.000000000000000000e+00 0.000000000000000000e+00
0.000000000000000000e+00 0.000000000000000000e+00 0.000000000000000000e+00 0.000000000000000000e+00 0.000000000000000000e+00 0.000000000000000000e+00 0.000000000000000000e+00
0.000000000000000000e+00 0.000000000000000000e+00 0.000000000000000000e+00 0.000000000000000000e+00 0.000000000000000000e+00 0.000000000000000000e+00 0.000000000000000000e+00
0.000000000000000000e+00 0.000000000000000000e+00 0.000000000000000000e+00 0.000000000000000000e+00 0.000000000000000000e+00 0.000000000000000000e+00 0.000000000000000000e+00
0.000000000000000000e+00 0.000000000000000000e+00 0.000000000000000000e+00 0.000000000000000000e+00 0.000000000000000000e+00 0.000000000000000000e+00 0.000000000000000000e+00
0.000000000000000000e+00 0.000000000000000000e+00 0.000000000000000000e+00 0.000000000000000000e+00 0.000000000000000000e+00 0.000000000000000000e+00 0.000000000000000000e+00
0.000000000000000000e+00 0.000000000000000000e+00 0.000000000000000000e+00 0.000000000000000000e+00 0.000000000000000000e+00 0.000000000000000000e+00 0.000000000000000000e+00
0.000000000000000000e+00 0.000000000000000000e+00 0.000000000000000000e+00 0.000000000000000000e+00 0.000000000000000000e+00 0.000000000000000000e+00 0.000000000000000000e+00
0.000000000000000000e+00 0.000000000000000000e+00 0.000000000000000000e+00 0.000000000000000000e+00 0.000000000000000000e+00 0.000000000000000000e+00 0.000000000000000000e+00
