9.730673186104180639e-01 9.714741921726310903e-01 9.677628311129089500e-01 9.193021306561945938e-01 6.866047958573996413e-01 2.963098294882813843e-01 6.920525575730827050e-01
7.868748827902586340e-01 8.636435060931406671e-01 9.352032219610155739e-01 9.225283897167523284e-01 7.953193357329061408e-01 6.071824705965552793e-01 7.342917582051212699e-01
0.000000000000000000e+00 0.000000000000000000e+00 0.000000000000000000e+00 0.000000000000000000e+00 0.000000000000000000e+00 0.000000000000000000e+00 0.000000000000000000e+00
0.000000000000000000e+00 0.000000000000000000e+00 0.000000000000000000e+00 0.000000000000000000e+00 0.000000000000000000e+00 0.000000000000000000e+00 0.000000000000000000e+00
6.786778378383200305e-01 6.319131809416612677e-01 6.651685748585238755e-01 6.147368725129568334e-01 4.275336082237835567e-01 5.516518367559373193e-01 3.332024098966364645e-01
0.000000000000000000e+00 0.000000000000000000e+00 0.000000000000000000e+00 0.000000000000000000e+00 0.000000000000000000e+00 0.000000000000000000e+00 0.000000000000000000e+00
7.240587831821049258e-01 7.406593070226602515e-01 7.790803971979736176e-01 7.420432855976287767e-01 7.386175271477921633e-01 6.426243840099887805e-01 5.866254538965025578e-01
8.956244744041829131e-01 8.275328681248603768e-01 8.028119428726882001e-01 7.615845707325403779e-01 7.261056218601493750e-01 5.720784606215307821e-01 5.521129848552519537e-01
0.000000000000000000e+00 0.000000000000000000e+00 0.000000000000000000e+00 0.000000000000000000e+00 0.000000000000000000e+00 0.000000000000000000e+00 0.000000000000000000e+00
0.000000000000000000e+00 0.000000000000000000e+00 0.000000000000000000e+00 0.000000000000000000e+00 0.000000000000000000e+00 0.000000000000000000e+00 0.000000000000000000e+00
6.825971794451134445e-01 7.502349463250248540e-01 6.555483031581761377e-01 6.098208105375563237e-01 6.423982229334631588e-01 2.922991435639248903e-01 6.772416980614852366e-02
7.582888415003813387e-01 8.326498290476251896e-01 7.408717109635069020e-01 5.348531612479578978e-01 8.398122542280479497e-01 9.589175351956094051e-01 9.666319523866108154e-01
8.485886568240605943e-01 5.550966999511171007e-01 7.525290822847754413e-01 7.148258014772593816e-01 6.086730473945950459e-01 5.432018943836368630e-01 7.736068952228525308e-01
9.234369016629638827e-01 9.570698074732572058e-01 9.787572265126759374e-01 9.424313288187895488e-01 9.397054625878643597e-01 9.072665487244602200e-01 9.445756316824600596e-01
9.076311937691673437e-01 9.428409512760843603e-01 9.179704356002968968e-01 8.697540471057191303e-01 8.608849524696059463e-01 8.345169768951472555e-01 9.337552912468685129e-01
0.000000000000000000e+00 0.000000000000000000e+00 0.000000000000000000e+00 0.000000000000000000e+00 0.000000000000000000e+00 0.000000000000000000e+00 0.000000000000000000e+00
0.000000000000000000e+00 0.000000000000000000e+00 0.000000000000000000e+00 0.000000000000000000e+00 0.000000000000000000e+00 0.000000000000000000e+00 0.000000000000000000e+00
7.968042621798344660e-01 8.528860182091990705e-01 7.907486466764817035e-01 7.148912054218091727e-01 5.610280363591493291e-01 6.340498391553963664e-01 8.663018457538135264e-01
8.540962401272800264e-01 7.885656262090724455e-01 8.857851018816027544e-01 8.886249220034184715e-01 8.593594948140700351e-01 7.615655349013901176e-01 6.353556012521202057e-01
0.000000000000000000e+00 0.000000000000000000e+00 0.000000000000000000e+00 0.000000000000000000e+00 0.000000000000000000e+00 0.000000000000000000e+00 0.000000000000000000e+00
0.000000000000000000e+00 0.000000000000000000e+00 0.000000000000000000e+00 0.000000000000000000e+00 0.000000000000000000e+00 0.000000000000000000e+00 0.000000000000000000e+00
5.575768582357554237e-01 4.561843503341139749e-01 5.822305375200894639e-01 8.540529573903841154e-01 8.531070184600173523e-01 6.680175206138442290e-01 5.409722770950504689e-01
8.536712236962573641e-01 8.735926408139199628e-01 8.618352996542998357e-01 9.091035936398275119e-01 9.283153889874178333e-01 5.611675813711436422e-01 2.904659440185853869e-01
0.000000000000000000e+00 0.000000000000000000e+00 0.000000000000000000e+00 0.000000000000000000e+00 0.000000000000000000e+00 0.000000000000000000e+00 0.000000000000000000e+00
8.510618750044246505e-01 8.483990520288287041e-01 7.758293334389089191e-01 8.077297298862161634e-01 7.716049837031654368e-01 6.178442481837136402e-01 3.032841463300912088e-01
8.325557972081787383e-01 7.319960940287403295e-01 6.751732071758974607e-01 5.717422518011335830e-01 4.733669500881604875e-01 2.874774602977671067e-01 7.447609585417148681e-01
0.000000000000000000e+00 0.000000000000000000e+00 0.000000000000000000e+00 0.000000000000000000e+00 0.000000000000000000e+00 0.000000000000000000e+00 0.000000000000000000e+00
0.000000000000000000e+00 0.000000000000000000e+00 0.000000000000000000e+00 0.000000000000000000e+00 0.000000000000000000e+00 0.000000000000000000e+00 0.000000000000000000e+00
8.465152941972107214e-01 8.844409803115659274e-01 8.996857748764056639e-01 9.476630357950648342e-01 9.823285230957307101e-01 9.550439556059551194e-01 8.813785176558452950e-01
8.294820851646728110e-01 7.727103091487090847e-01 6.899838553034964850e-01 6.414153140800480379e-01 7.937898321270487889e-01 9.044187137716309666e-01 9.607393599369418169e-01
0.000000000000000000e+00 0.000000000000000000e+00 0.000000000000000000e+00 0.000000000000000000e+00 0.000000000000000000e+00 0.000000000000000000e+00 0.000000000000000000e+00
7.953501510241101080e-01 7.347690565210248659e-01 7.027545534331794963e-01 8.680778351836315743e-01 9.236375505696940991e-01 9.349208261628296768e-01 9.387887586944241303e-01
0.000000000000000000e+00 0.000000000000000000e+00 0.000000000000000000e+00 0.000000000000000000e+00 0.000000000000000000e+00 0.000000000000000000e+00 0.000000000000000000e+00
7.690726766026241279e-01 9.123724561941463085e-01 8.765188196569394519e-01 8.795628418006045113e-01 9.141413577413736169e-01 9.422236413602311789e-01 7.816113561271382792e-01
7.044520511636281901e-01 6.504366256043234706e-01 7.462811404765338219e-01 8.541602952918531111e-01 9.238520204934979052e-01 9.465692703820205445e-01 9.646334880046548710e-01
8.899048462819412197e-01 8.597415014708972292e-01 7.734308979580830634e-01 7.504539173308840683e-01 8.626544688923855064e-01 8.395766532432547002e-01 8.545341243721615854e-01
9.557549127733986349e-01 9.329296706482976820e-01 9.219390519442335341e-01 8.827214030124530542e-01 8.231433677302274488e-01 5.100661709465819094e-01 5.092154592480524489e-01
9.291423066752267923e-01 9.516847798620674537e-01 8.963716536795138801e-01 8.391328675735131304e-01 8.471633834028455823e-01 8.152994872062410137e-01 7.640480123261276235e-01
7.485468554860990054e-01 8.032519754263341971e-01 8.302497049271845286e-01 9.030253200495307331e-01 9.540925970524721800e-01 9.662623036466891913e-01 9.674392010256270824e-01
0.000000000000000000e+00 0.000000000000000000e+00 0.000000000000000000e+00 0.000000000000000000e+00 0.000000000000000000e+00 0.000000000000000000e+00 0.000000000000000000e+00
8.744364037414040780e-01 8.513565504805052919e-01 8.679005479368017140e-01 7.707211333966764721e-01 7.707074269114252418e-01 7.222345201497550882e-01 8.239487209331078921e-01
0.000000000000000000e+00 0.000000000000000000e+00 0.000000000000000000e+00 0.000000000000000000e+00 0.000000000000000000e+00 0.000000000000000000e+00 0.000000000000000000e+00
0.000000000000000000e+00 0.000000000000000000e+00 0.000000000000000000e+00 0.000000000000000000e+00 0.000000000000000000e+00 0.000000000000000000e+00 0.000000000000000000e+00
6.134518802709101326e-01 6.673557942055100556e-01 6.285506157108873282e-01 4.169095668653907683e-01 6.169998881908528299e-01 8.811684753465185427e-01 9.391375285464477196e-01
7.921179368791279041e-01 7.303678464682987759e-01 6.535908682920200663e-01 5.794871997842357958e-01 5.448475964111507697e-01 3.332863790743637589e-01 3.033143984712190488e-01
7.741718583525486475e-01 7.767812919141392491e-01 8.922358679006791027e-01 8.360678512060074619e-01 9.447421521816241619e-01 9.826041121253790145e-01 9.494701123953677158e-01
7.123988597898534003e-01 6.120692270997486473e-01 4.198211573606266955e-01 1.554586593692021956e-01 1.551307637621377189e-01 4.742960996793177952e-01 7.294256084976503685e-01
3.757915083942359735e-01 7.040001648832047154e-01 6.302746748034311342e-01 1.031180185173950770e-01 1.542091464521981592e-01 4.372184783726112411e-01 6.041030557962784320e-01
7.021402717768228108e-01 8.104870503964034523e-01 4.496030764381272471e-01 3.925010443217897826e-01 4.353303561210342121e-01 4.403589840045983861e-01 2.523797499856533233e-01
0.000000000000000000e+00 0.000000000000000000e+00 0.000000000000000000e+00 0.000000000000000000e+00 0.000000000000000000e+00 0.000000000000000000e+00 0.000000000000000000e+00
8.764691212912772977e-01 8.188788422803719991e-01 8.366716936552088812e-01 8.741927545227019536e-01 9.178497893351803549e-01 9.439236862761235525e-01 9.534557540921585472e-01
8.635075928087052599e-01 9.066433205681053709e-01 9.099296033673589523e-01 9.231684045637787994e-01 9.090124813557808325e-01 9.332900040734730673e-01 8.950143052086088069e-01
8.039470526269645312e-01 8.710641117379271936e-01 8.507443698935598375e-01 8.179453588153458021e-01 9.164734239702062579e-01 9.419641056406167223e-01 9.502880698432981665e-01
8.206840556354402239e-01 8.833037204186713343e-01 8.989261190386391709e-01 9.430362686311203335e-01 9.066727839116731635e-01 9.377737425538225091e-01 8.600006428555591054e-01
8.305301067049731811e-01 8.497823774238397743e-01 7.996002730789161239e-01 7.217786378267667668e-01 6.318082523999853928e-01 4.515828683725141568e-01 2.418541164754747785e-01
7.620335693643675024e-01 8.495551214540140172e-01 8.139870506772101111e-01 8.551161901709493085e-01 8.710191544478826930e-01 8.521863137037176683e-01 7.960706177128579197e-01
6.685807405582047114e-01 9.452195370744872482e-01 9.487880780230971700e-01 8.934704047456963893e-01 9.201122810153495868e-01 9.241881636403097566e-01 8.389922939611570429e-01
6.648869689347103318e-01 9.446667375400220612e-01 9.496645866988556728e-01 8.942942219007794513e-01 9.202701161179981382e-01 9.243671460217757208e-01 8.381405798535450646e-01
0.000000000000000000e+00 0.000000000000000000e+00 0.000000000000000000e+00 0.000000000000000000e+00 0.000000000000000000e+00 0.000000000000000000e+00 0.000000000000000000e+00
8.058758423006273652e-01 8.270378483379795531e-01 9.232242908446303131e-01 8.329947856380393034e-01 8.111161685508456731e-01 8.220156523000042847e-01 4.437442205121965300e-01
0.000000000000000000e+00 0.000000000000000000e+00 0.000000000000000000e+00 0.000000000000000000e+00 0.000000000000000000e+00 0.000000000000000000e+00 0.000000000000000000e+00
6.202184889715858240e-01 7.095320635951555266e-01 8.162657007304865431e-01 9.007944764103436031e-01 8.853923317485460354e-01 9.338329214087682795e-01 9.655713655443999288e-01
0.000000000000000000e+00 0.000000000000000000e+00 0.000000000000000000e+00 0.000000000000000000e+00 0.000000000000000000e+00 0.000000000000000000e+00 0.000000000000000000e+00
7.493084792314311793e-01 6.266209906835498167e-01 2.459124851815145674e-01 3.840656408040569736e-01 1.086114048514407460e-01 1.999923766893358656e-01 2.062553631311860591e-01
0.000000000000000000e+00 0.000000000000000000e+00 0.000000000000000000e+00 0.000000000000000000e+00 0.000000000000000000e+00 0.000000000000000000e+00 0.000000000000000000e+00
0.000000000000000000e+00 0.000000000000000000e+00 0.000000000000000000e+00 0.000000000000000000e+00 0.000000000000000000e+00 0.000000000000000000e+00 0.000000000000000000e+00
7.516131025347819739e-01 6.916728928723716585e-01 6.201675953317821177e-01 3.704394336427390133e-01 1.915700981679757386e-01 3.527978923717093873e-01 3.729002859798833946e-01
4.525154551183320772e-01 2.845498051389313554e-01 5.700388167328711564e-01 7.131105006364719667e-01 6.585782372402012586e-01 1.446141654623015194e-01 3.569136253647954282e-01
7.492961767650706539e-01 6.957208569249200281e-01 6.399065968252080072e-01 7.170494081517386764e-01 6.392753546436484857e-01 4.511964602069193919e-01 4.965378898932304996e-01
0.000000000000000000e+00 0.000000000000000000e+00 0.000000000000000000e+00 0.000000000000000000e+00 0.000000000000000000e+00 0.000000000000000000e+00 0.000000000000000000e+00
6.863009419391022936e-01 7.586306073797135507e-01 8.641562492509144988e-01 8.578298110923465725e-01 8.930894100590758278e-01 7.164568791179894980e-01 8.028151478021762211e-01
0.000000000000000000e+00 0.000000000000000000e+00 0.000000000000000000e+00 0.000000000000000000e+00 0.000000000000000000e+00 0.000000000000000000e+00 0.000000000000000000e+00
0.000000000000000000e+00 0.000000000000000000e+00 0.000000000000000000e+00 0.000000000000000000e+00 0.000000000000000000e+00 0.000000000000000000e+00 0.000000000000000000e+00
5.347188466669967610e-01 6.704485531099687590e-01 7.793964052653518104e-01 4.555051676225236323e-01 2.193297611970353722e-01 2.113518408532355231e-01 3.715731289639160884e-01
0.000000000000000000e+00 0.000000000000000000e+00 0.000000000000000000e+00 0.000000000000000000e+00 0.000000000000000000e+00 0.000000000000000000e+00 0.000000000000000000e+00
7.387773175765325329e-01 7.874696231153645032e-01 8.360376180776826205e-01 8.625775431241307079e-01 8.370139733639568869e-01 5.821329071053298332e-01 4.840425044927216258e-01
4.268382360532549380e-01 4.822972554386913968e-01 3.621087280001804576e-01 1.429368313238707222e-01 1.555219526126348784e-01 1.489694407725017933e-01 3.513535126546656895e-01
2.882629197821038880e-01 1.537332905248304238e-01 1.894991164454500054e-01 2.173385708136034711e-01 4.127426021984393900e-01 2.076968784068436991e-01 3.405365373760146919e-01
8.489996669991425327e-01 8.920204228430996807e-01 9.358397505251062620e-01 9.345412428424861861e-01 8.601844545054004865e-01 6.968013299201862853e-01 7.185132134557110639e-01
7.677815517187891459e-01 7.324388778609997042e-01 7.958514202891919798e-01 8.444338857364966922e-01 7.890135503221994417e-01 6.885017130605640689e-01 8.534358727814761458e-01
0.000000000000000000e+00 0.000000000000000000e+00 0.000000000000000000e+00 0.000000000000000000e+00 0.000000000000000000e+00 0.000000000000000000e+00 0.000000000000000000e+00
8.786235410951245273e-01 8.473730616095908053e-01 9.378773670902331716e-01 9.788909235236974427e-01 9.841355987065328881e-01 9.765076086503184927e-01 9.865292859365978329e-01
7.785279122087532810e-01 8.382795834946773494e-01 8.221074929316156688e-01 8.497551106461729287e-01 8.007216086873355509e-01 2.796878253450454932e-01 2.027006623769404825e-01
7.243334395519727131e-01 8.029919089647985508e-01 8.914054581165066216e-01 7.615304693267375136e-01 6.286528516272787970e-01 7.174173708248187120e-01 5.518433044541056764e-01
5.830271998473472994e-01 5.483119762902269878e-01 7.780525502787837278e-01 6.219264306401631748e-01 3.054329130105879475e-01 5.446426753865390991e-01 7.080334061354008890e-01
4.845950626487822710e-01 6.417202075830132912e-01 8.394558473931714726e-01 9.267786440368865897e-01 7.986517240077382063e-01 5.267506512271206143e-01 6.815747217900933741e-01
4.834948857853672566e-01 6.591580309702348428e-01 8.384262239091681002e-01 9.243189749522580101e-01 7.797963125200405576e-01 5.363560263652276117e-01 6.803810588176587570e-01
7.594463054949660563e-01 8.464883675422233411e-01 8.450316255910750307e-01 7.775437883782544413e-01 6.968564193141748575e-01 7.131451043174884541e-01 6.928029743879658975e-01
0.000000000000000000e+00 0.000000000000000000e+00 0.000000000000000000e+00 0.000000000000000000e+00 0.000000000000000000e+00 0.000000000000000000e+00 0.000000000000000000e+00
0.000000000000000000e+00 0.000000000000000000e+00 0.000000000000000000e+00 0.000000000000000000e+00 0.000000000000000000e+00 0.000000000000000000e+00 0.000000000000000000e+00
0.000000000000000000e+00 0.000000000000000000e+00 0.000000000000000000e+00 0.000000000000000000e+00 0.000000000000000000e+00 0.000000000000000000e+00 0.000000000000000000e+00
8.087077748819786471e-01 7.002409416640504869e-01 3.866320547794351858e-01 4.994358427828280433e-01 4.581912018014783206e-01 3.574247345845357748e-01 5.584942814471705042e-01
4.384257567839063285e-01 3.737323033824493934e-01 4.447658256989318049e-01 5.931015204896531445e-01 6.832857647136100221e-01 4.962950609892032849e-01 4.313423847008500123e-01
8.003995297696905320e-01 8.621716149007870866e-01 8.549106551087491956e-01 8.224466653193951426e-01 9.597127589507817857e-01 9.868702115170312483e-01 9.812913444467589175e-01
0.000000000000000000e+00 0.000000000000000000e+00 0.000000000000000000e+00 0.000000000000000000e+00 0.000000000000000000e+00 0.000000000000000000e+00 0.000000000000000000e+00
8.964600970829649240e-01 8.423011718256423475e-01 7.602793685187824169e-01 6.840055815750033519e-01 7.156657986626222545e-01 6.960096652321560162e-01 8.096343305145499158e-01
8.113432255889263534e-01 8.747198474455283312e-01 8.510341091852102746e-01 8.741479999646249999e-01 9.317427082003566507e-01 9.729769763164914931e-01 9.866450777604840461e-01
6.310246112177322342e-01 7.333738290551178318e-01 3.474805378685983936e-01 2.919943172393842934e-01 4.113710671847668476e-01 5.168179927802828422e-01 8.522766741771863330e-01
4.615638927254548385e-01 3.021368332073314233e-01 2.269159938429613221e-01 3.393084122686516602e-01 3.079306913037979654e-01 3.999237990407449872e-01 7.217312624218515937e-01
7.294860588775367027e-01 7.910176651658487046e-01 8.503023060018319867e-01 8.824224198084203996e-01 8.847806646487000881e-01 9.579030980478540069e-01 9.913193945881081381e-01
7.581363050508838075e-01 6.960557114830926428e-01 8.867469981341614682e-01 8.803000781636456384e-01 9.007447393678633674e-01 9.484614116934090289e-01 9.832929181035355848e-01
5.071035356844436626e-01 7.630552850679591659e-01 8.255533611335952315e-01 7.989608660136049423e-01 8.413112259069323029e-01 9.392107226614300197e-01 9.552756443993480895e-01
6.104374626060555808e-01 5.728256473655427561e-01 3.542175571926271527e-01 4.255660885392419379e-01 4.980319865408231461e-01 3.237604173042524791e-01 6.694358627833992825e-01
7.770181076175606272e-01 7.010192966023738315e-01 8.892218034752036315e-01 8.778713065637288038e-01 6.917826045445857330e-01 7.306432241851082976e-01 7.426071042410672396e-01
7.022056641792218112e-01 5.353987061038756323e-01 4.244891466149179338e-01 5.521221999475840470e-01 7.345402227771236081e-01 7.752145759509158074e-01 8.290796330143748172e-01
0.000000000000000000e+00 0.000000000000000000e+00 0.000000000000000000e+00 0.000000000000000000e+00 0.000000000000000000e+00 0.000000000000000000e+00 0.000000000000000000e+00
8.760318846091916800e-01 8.049278021955142970e-01 9.230238370800176728e-01 8.463488987990083201e-01 6.291832053264165836e-01 4.533832021300550630e-01 5.119531974447734113e-01
5.656627148901267610e-01 6.735311751712074191e-01 7.271470232591233929e-01 7.021907475869113568e-01 7.443792677322704776e-01 8.714510378121128609e-01 9.032384328457342404e-01
6.290471081418136379e-01 7.561585533686545624e-01 8.903251452255819265e-01 9.285116292269309790e-01 8.977727750683712760e-01 8.684538165767272666e-01 8.034456686052849905e-01
6.984758635011024674e-01 6.962278653062194955e-01 8.272575201229525055e-01 8.925959761757324973e-01 9.072706932355162346e-01 9.203046669283905246e-01 9.400848772467814696e-01
8.498568402490778162e-01 8.881559594903304378e-01 9.097309212718558413e-01 8.900286030111028701e-01 9.434086029285774222e-01 9.908548588839082294e-01 9.868062285200065453e-01
0.000000000000000000e+00 0.000000000000000000e+00 0.000000000000000000e+00 0.000000000000000000e+00 0.000000000000000000e+00 0.000000000000000000e+00 0.000000000000000000e+00
0.000000000000000000e+00 0.000000000000000000e+00 0.000000000000000000e+00 0.000000000000000000e+00 0.000000000000000000e+00 0.000000000000000000e+00 0.000000000000000000e+00
5.914325758043866843e-01 8.206121335852741838e-01 9.313698405679615711e-01 9.549738666826761424e-01 9.246361373587892452e-01 8.155231798643897134e-01 7.605073928465757582e-01
0.000000000000000000e+00 0.000000000000000000e+00 0.000000000000000000e+00 0.000000000000000000e+00 0.000000000000000000e+00 0.000000000000000000e+00 0.000000000000000000e+00
7.836543575804651995e-01 8.648848153742487721e-01 7.173210014220305908e-01 8.035259204731286520e-01 7.785448339391601857e-01 6.191467695103072266e-01 7.939417355745634897e-01
6.291025470346438553e-01 4.561339680387768158e-01 5.573025550869491473e-01 6.169726087998211872e-01 6.242633030068381883e-01 3.507297006114777904e-01 1.689569532943761276e-01
8.146575370270189298e-01 7.397407102496768028e-01 6.418206400587616045e-01 5.549316927940733946e-01 2.344714627966576759e-01 1.777466289417455325e-01 5.001049790267660944e-01
0.000000000000000000e+00 0.000000000000000000e+00 0.000000000000000000e+00 0.000000000000000000e+00 0.000000000000000000e+00 0.000000000000000000e+00 0.000000000000000000e+00
6.931631510435897203e-01 6.522581787866469361e-01 6.911943921117531531e-01 8.320780306513514413e-01 9.142520363696675645e-01 8.481220012085229909e-01 7.424890103977372924e-01
9.284073902053113780e-01 9.405166920790617446e-01 8.950197403024928722e-01 7.337274241379220241e-01 5.605765636322064260e-01 1.946113043325575498e-01 4.143650135678053625e-01
8.661331961680012181e-01 8.303789157739031035e-01 7.830596246831676988e-01 7.945965855196098770e-01 7.703580148308738496e-01 5.139324379363069406e-01 6.006025564558349350e-01
8.248700505129967775e-01 9.415902811848825271e-01 9.674711060438784260e-01 9.486652938818875835e-01 9.507569213986678536e-01 8.867658706180017170e-01 8.799137748332724884e-01
8.549399367875661904e-01 9.332455476125764982e-01 9.224568923297454814e-01 9.249247059257852399e-01 8.907187595669362468e-01 8.859674307402688465e-01 7.485393804094175874e-01
7.876436392016336052e-01 9.545738076739039846e-01 9.313151551356662061e-01 9.533370948194546113e-01 9.758185120510304289e-01 9.750691976547323225e-01 9.786716280646471366e-01
7.945244416474832594e-01 8.053763607947692638e-01 8.608344987591234343e-01 8.724781910360639436e-01 8.927554700430690993e-01 8.104375374408416821e-01 7.340889033579138800e-01
6.858725436759006699e-01 6.189628213912906629e-01 6.059706617171356502e-01 6.049518797819302129e-01 5.796397516439638631e-01 6.997825409556330811e-01 5.369853919845758439e-01
8.528975364881492549e-01 8.031396187475031700e-01 5.896794264388253159e-01 6.749985058054641662e-01 8.592593243412101067e-01 8.008934512353576007e-01 8.579643467340173357e-01
9.359112327531102782e-01 9.444813938909936146e-01 9.499687385221022851e-01 9.672400651258754589e-01 9.819072477389129139e-01 9.705563706556179504e-01 9.393917955923849483e-01
6.622379020881887790e-01 7.493882016794087830e-01 7.335082175105304136e-01 5.620900921598100952e-01 4.804145470801115536e-01 5.253289946499068996e-01 5.931498566349239221e-01
9.279816477195367286e-01 9.582916135899305354e-01 9.604580732870388049e-01 9.129394689835279575e-01 8.217440940981870501e-01 7.008373351285308583e-01 7.394808272274210337e-01
9.076861370708444454e-01 9.332919257174082661e-01 9.178747628007917214e-01 9.404582828757593882e-01 9.308979646386791318e-01 8.795498584918133300e-01 9.477138420823729703e-01
7.488341242160669875e-01 7.656634684362984000e-01 3.965701398816725565e-01 3.747036897321373017e-01 5.280344229866349437e-01 5.470713180819770649e-01 6.335907211561785379e-01
7.336632406051935007e-01 6.792775733851815767e-01 5.402414693142683078e-01 4.147921287316336802e-01 3.715801002108100604e-01 5.817976314387417469e-01 9.091146984900740913e-01
8.891789985910310001e-01 9.295647600015115586e-01 9.423718281517692308e-01 9.223007564160530247e-01 9.235487243595309481e-01 7.149977414761452543e-01 7.696269174343578490e-01
0.000000000000000000e+00 0.000000000000000000e+00 0.000000000000000000e+00 0.000000000000000000e+00 0.000000000000000000e+00 0.000000000000000000e+00 0.000000000000000000e+00
9.101293890181060275e-01 8.105569258279717859e-01 8.059613541325045816e-01 7.978619196480489784e-01 7.963823675025648585e-01 9.413983066152308288e-01 9.033300490530680182e-01
7.933817036896702035e-01 7.609665140682414508e-01 6.759055491982098873e-01 4.791382588440231127e-01 4.539787282975439320e-01 8.414398766297472854e-01 8.956433081629210369e-01
8.398082953291255981e-01 8.750837704178511256e-01 7.650844238933387498e-01 8.682284473573944616e-01 8.579453115704316346e-01 8.240362281352064944e-01 8.052842362532615095e-01
0.000000000000000000e+00 0.000000000000000000e+00 0.000000000000000000e+00 0.000000000000000000e+00 0.000000000000000000e+00 0.000000000000000000e+00 0.000000000000000000e+00
9.486828780954627005e-01 9.646014800955706736e-01 9.371773830164757957e-01 9.640298672846551176e-01 9.494566238510174783e-01 8.702330759932959126e-01 7.365760032900329213e-01
0.000000000000000000e+00 0.000000000000000000e+00 0.000000000000000000e+00 0.000000000000000000e+00 0.000000000000000000e+00 0.000000000000000000e+00 0.000000000000000000e+00
8.000789075692710250e-01 7.791274523689194487e-01 6.764537816533495729e-01 4.067843046990624045e-01 1.435571968517461994e-01 1.310902418210150300e-01 5.378523838534058354e-01
8.055812393813509553e-01 8.002211851141517451e-01 7.633579796979437226e-01 6.208512586875430950e-01 2.320676237348974491e-01 4.955068192052154014e-02 6.299815080868532702e-01
0.000000000000000000e+00 0.000000000000000000e+00 0.000000000000000000e+00 0.000000000000000000e+00 0.000000000000000000e+00 0.000000000000000000e+00 0.000000000000000000e+00
2.627401729619849302e-01 2.221425657733125669e-01 1.845699468512989883e-01 5.937542083654108183e-01 8.025441294444148888e-01 6.808931186669441304e-01 6.954247282474323999e-01
0.000000000000000000e+00 0.000000000000000000e+00 0.000000000000000000e+00 0.000000000000000000e+00 0.000000000000000000e+00 0.000000000000000000e+00 0.000000000000000000e+00
9.265461827231612491e-01 9.351974697064008302e-01 9.155566916408983680e-01 7.689044489645879832e-01 7.030101330102389579e-01 3.487868860372397850e-01 5.270044350367926178e-01
0.000000000000000000e+00 0.000000000000000000e+00 0.000000000000000000e+00 0.000000000000000000e+00 0.000000000000000000e+00 0.000000000000000000e+00 0.000000000000000000e+00
8.394629284239796263e-01 9.303823909818916826e-01 9.409103213502757468e-01 9.245218737981166779e-01 9.358505983418652363e-01 9.443337301265568584e-01 8.971453659143676651e-01
0.000000000000000000e+00 0.000000000000000000e+00 0.000000000000000000e+00 0.000000000000000000e+00 0.000000000000000000e+00 0.000000000000000000e+00 0.000000000000000000e+00
5.945260303271506785e-01 5.540542408550211961e-01 5.387607137531420509e-01 7.619314804600517688e-01 6.936514192596916484e-01 5.930081232986884610e-01 8.463582605096702238e-01
6.798448509602564860e-01 5.310455359634120853e-01 5.156520176258290178e-01 5.187562413820180351e-01 6.899015073713516966e-01 4.436337894106193169e-01 7.781267958497350978e-01
5.353987192749897206e-01 4.708276276699520646e-01 4.630332519679901671e-01 5.460942175999518033e-01 6.502646464855109665e-01 6.400593338111194575e-01 5.803802031099060121e-01
7.121298384822078997e-01 5.432578355029492601e-01 3.534575394779616575e-01 6.861221184646486559e-01 7.015864805695956052e-01 7.263557064283168163e-01 8.146574914831979930e-01
7.797005316501623984e-01 7.876972579141744424e-01 8.620593675207670614e-01 9.169322575226316330e-01 8.302034017163906210e-01 6.539482561342107036e-01 3.158367917058764185e-01
7.857224786776884073e-01 8.487450906446426524e-01 8.777014524803856688e-01 8.959943037349392680e-01 8.499598680209017321e-01 7.042276566303878882e-01 1.900455965354249654e-01
8.477524462507247671e-01 7.039434783569441523e-01 8.573370646459963496e-01 6.783358658347908854e-01 6.709222083621715349e-01 5.563521513938087804e-01 7.169858076955542003e-01
0.000000000000000000e+00 0.000000000000000000e+00 0.000000000000000000e+00 0.000000000000000000e+00 0.000000000000000000e+00 0.000000000000000000e+00 0.000000000000000000e+00
0.000000000000000000e+00 0.000000000000000000e+00 0.000000000000000000e+00 0.000000000000000000e+00 0.000000000000000000e+00 0.000000000000000000e+00 0.000000000000000000e+00
9.163514911614801806e-01 9.137130088338069056e-01 9.440405150608739415e-01 9.162656768583049560e-01 7.365208190784736653e-01 5.196689861961867329e-01 2.184701067454310197e-01
9.151623125972891959e-01 9.309459466127060212e-01 8.700371153121586598e-01 5.675794399699628512e-01 5.489808941270982734e-01 7.114211442365819815e-01 7.443306441908025262e-01
8.633104910259667975e-01 8.983506198929153141e-01 8.687903043413949256e-01 7.955342669706005898e-01 6.262913525078070975e-01 4.205093047759458358e-01 4.302851859018114178e-01
9.238015643346273453e-01 8.875381074629936640e-01 8.369419600458035680e-01 8.472565237422814421e-01 7.911766572887845017e-01 8.835641316571350989e-01 9.749149763091484733e-01
0.000000000000000000e+00 0.000000000000000000e+00 0.000000000000000000e+00 0.000000000000000000e+00 0.000000000000000000e+00 0.000000000000000000e+00 0.000000000000000000e+00
7.029046039973807503e-01 5.661782844766438672e-01 7.680643743517702182e-01 7.082373196065768761e-01 8.653537107933052530e-01 9.792929173363214002e-01 9.140851434033472334e-01
8.635968579840119785e-01 9.111440383801784337e-01 8.510915107193659512e-01 8.871621352307907937e-01 9.444521009058062244e-01 8.913718743192439176e-01 9.200671087167816564e-01
5.708181710416490029e-01 8.025621304530533573e-01 7.746773381340307241e-01 7.432728531655977688e-01 4.001652636620247616e-01 6.832317925376890644e-02 7.288313501494584346e-01
0.000000000000000000e+00 0.000000000000000000e+00 0.000000000000000000e+00 0.000000000000000000e+00 0.000000000000000000e+00 0.000000000000000000e+00 0.000000000000000000e+00
8.061275796707116914e-01 7.376238034395520282e-01 7.222974484650606097e-01 8.890201684322623921e-01 9.635344940857863971e-01 9.761430549504978016e-01 9.752348114519877598e-01
6.789251117933903235e-01 8.124774326370927113e-01 7.851283819654505391e-01 9.033339571299965343e-01 9.424654441709897634e-01 9.740034799813702682e-01 9.533663700143616415e-01
8.505514222913306277e-01 8.847057441166126246e-01 9.276877309530640048e-01 8.513731677884389670e-01 7.677529597618266699e-01 8.369786847986571132e-01 7.588232155833352088e-01
0.000000000000000000e+00 0.000000000000000000e+00 0.000000000000000000e+00 0.000000000000000000e+00 0.000000000000000000e+00 0.000000000000000000e+00 0.000000000000000000e+00
0.000000000000000000e+00 0.000000000000000000e+00 0.000000000000000000e+00 0.000000000000000000e+00 0.000000000000000000e+00 0.000000000000000000e+00 0.000000000000000000e+00
9.498879457178456276e-01 9.307520975149871090e-01 8.839370211939487909e-01 8.827248852374277588e-01 9.131435192567748382e-01 6.422961610198739679e-01 5.145906840627880729e-01
6.773014193701049068e-01 6.221912235353911358e-01 6.836524997077504384e-01 6.619557707557816029e-01 5.795391453246638847e-01 5.673879913780435214e-01 7.608854074943083301e-01
5.750446695483792947e-01 5.813349790921166216e-01 5.403549829503315749e-01 5.124849221784901765e-01 4.805098533004316108e-01 2.641506979543536970e-01 2.754105595504808268e-01
7.655310261327826771e-01 9.015484567797683590e-01 9.050968985433109903e-01 9.567746956472765740e-01 9.214155934037785434e-01 7.204818802641330677e-01 6.246288998367024448e-01
0.000000000000000000e+00 0.000000000000000000e+00 0.000000000000000000e+00 0.000000000000000000e+00 0.000000000000000000e+00 0.000000000000000000e+00 0.000000000000000000e+00
9.288501756012342847e-01 9.285675924729042130e-01 8.815620767060019514e-01 8.377441402369681933e-01 8.415230154281286845e-01 9.467841807654233666e-01 8.700958596102811304e-01
8.742242669097561869e-01 8.362691743006146483e-01 7.611210777749727319e-01 8.996866668694701863e-01 9.594867731827736446e-01 9.713323024736066902e-01 9.280460209147501915e-01
0.000000000000000000e+00 0.000000000000000000e+00 0.000000000000000000e+00 0.000000000000000000e+00 0.000000000000000000e+00 0.000000000000000000e+00 0.000000000000000000e+00
0.000000000000000000e+00 0.000000000000000000e+00 0.000000000000000000e+00 0.000000000000000000e+00 0.000000000000000000e+00 0.000000000000000000e+00 0.000000000000000000e+00
4.715022012350374991e-01 2.244011504302955984e-01 2.092027223958650706e-01 2.158521369575381321e-01 1.172987161739588169e-01 4.812151233737774203e-01 7.111595823597501864e-01
6.529995740681641125e-01 8.024988591646329272e-01 5.019829741887653629e-01 3.036047018375306883e-01 1.059448194844122698e-01 3.169699171996744891e-01 2.556493876466878756e-01
4.944181315951503008e-01 5.706117604517485509e-01 7.076650814997804684e-01 7.149719626556402252e-01 6.680469520116653070e-01 7.910035976504359301e-01 6.171056423215550701e-01
8.316096816732043706e-01 8.793838266695254147e-01 8.709758921219816763e-01 7.773749974723107581e-01 5.744068167926968949e-01 2.234209199018401815e-01 5.029957635616995049e-01
9.580578182250527597e-01 8.026851131122916261e-01 8.814953799571040305e-01 9.442630634030472203e-01 5.495940627261350908e-01 1.745725206485487513e-01 1.572344303237598329e-01
0.000000000000000000e+00 0.000000000000000000e+00 0.000000000000000000e+00 0.000000000000000000e+00 0.000000000000000000e+00 0.000000000000000000e+00 0.000000000000000000e+00
0.000000000000000000e+00 0.000000000000000000e+00 0.000000000000000000e+00 0.000000000000000000e+00 0.000000000000000000e+00 0.000000000000000000e+00 0.000000000000000000e+00
