1.433846925318050580e+01 1.933846925318050580e+01 1.950884692531805058e+02 2.190884692531805058e+02 3.523384692531805058e+02 2.930884692531805058e+02 1.593384692531805058e+02
3.250815767862130201e+02 1.331576786213020114e+00 2.408157678621302011e+01 2.733157678621302011e+01 2.058315767862130201e+02 3.508315767862130201e+02 3.683157678621302011e+01
3.531547422679180954e+02 1.465474226791809542e+01 3.586547422679180954e+02 7.404742267918095422e+00 3.519047422679180954e+02 3.451547422679180954e+02 3.501547422679180954e+02
2.455866786902936383e+01 3.205866786902936383e+01 2.055866786902936383e+01 3.348086678690293638e+02 3.580586678690293638e+02 1.530866786902936383e+01 2.233086678690293638e+02
2.412716240132908752e+01 3.212716240132908752e+01 3.087716240132908752e+01 1.187716240132908752e+01 6.127162401329087515e+00 3.536271624013290875e+02 3.486271624013290875e+02
3.371919867093909033e+02 3.249419867093909033e+02 3.579419867093909033e+02 3.561919867093909033e+02 3.584419867093909033e+02 5.869198670939090334e+01 4.544198670939090334e+01
1.099099780857380892e+01 2.049099780857380892e+01 3.124099780857380892e+01 2.349099780857380892e+01 9.990997808573808925e+00 2.924099780857380892e+01 9.740997808573808925e+00
3.305270053691708654e+02 3.217770053691708654e+02 3.395270053691708654e+02 2.027005369170865379e+00 5.177700536917086538e+01 6.302700536917086538e+01 1.302700536917086538e+01
0.000000000000000000e+00 0.000000000000000000e+00 0.000000000000000000e+00 0.000000000000000000e+00 0.000000000000000000e+00 0.000000000000000000e+00 0.000000000000000000e+00
1.379784763649911383e+01 1.129784763649911383e+01 3.362978476364991138e+02 1.297847636499113833e+00 3.522978476364991138e+02 3.487978476364991138e+02 3.502978476364991138e+02
1.958529996399079209e+00 1.645852999639907921e+01 3.514585299963990792e+02 3.564585299963990792e+02 3.394585299963990792e+02 1.420852999639907921e+01 3.534585299963990792e+02
1.810634595194946428e+02 1.710634595194946428e+02 8.381345951949464279e+01 5.306345951949464279e+01 1.281345951949464279e+01 3.340634595194946428e+02 1.880634595194946428e+02
1.505933445955565730e+01 2.630933445955565730e+01 3.355933445955565730e+01 4.080933445955565730e+01 3.230933445955565730e+01 1.755933445955565730e+01 8.559334459555657304e+00
0.000000000000000000e+00 0.000000000000000000e+00 0.000000000000000000e+00 0.000000000000000000e+00 0.000000000000000000e+00 0.000000000000000000e+00 0.000000000000000000e+00
3.456921136101085494e+02 3.549421136101085494e+02 4.442113610108549437e+00 1.119211361010854944e+01 3.574421136101085494e+02 3.566921136101085494e+02 2.192113610108549437e+00
0.000000000000000000e+00 0.000000000000000000e+00 0.000000000000000000e+00 0.000000000000000000e+00 0.000000000000000000e+00 0.000000000000000000e+00 0.000000000000000000e+00
0.000000000000000000e+00 0.000000000000000000e+00 0.000000000000000000e+00 0.000000000000000000e+00 0.000000000000000000e+00 0.000000000000000000e+00 0.000000000000000000e+00
0.000000000000000000e+00 0.000000000000000000e+00 0.000000000000000000e+00 0.000000000000000000e+00 0.000000000000000000e+00 0.000000000000000000e+00 0.000000000000000000e+00
0.000000000000000000e+00 0.000000000000000000e+00 0.000000000000000000e+00 0.000000000000000000e+00 0.000000000000000000e+00 0.000000000000000000e+00 0.000000000000000000e+00
0.000000000000000000e+00 0.000000000000000000e+00 0.000000000000000000e+00 0.000000000000000000e+00 0.000000000000000000e+00 0.000000000000000000e+00 0.000000000000000000e+00
3.730474705867794682e+01 3.830474705867794682e+01 9.804747058677946825e+00 1.804747058677946825e+00 3.330547470586779468e+02 3.478047470586779468e+02 3.313047470586779468e+02
3.341271882170856315e+02 3.266271882170856315e+02 3.531271882170856315e+02 3.476271882170856315e+02 3.481271882170856315e+02 3.541271882170856315e+02 3.253771882170856315e+02
1.484644758187192792e+01 1.284644758187192792e+01 3.500964475818719279e+02 3.385964475818719279e+02 3.318464475818719279e+02 3.423464475818719279e+02 3.473464475818719279e+02
3.315157835101013006e+02 3.465157835101013006e+02 3.480157835101013006e+02 3.512657835101013006e+02 3.425157835101013006e+02 9.515783510101300635e+00 1.201578351010130064e+01
2.623758035862607585e+01 4.987580358626075849e+00 3.472375803586260758e+02 3.202375803586260758e+02 3.144875803586260758e+02 3.327375803586260758e+02 3.524875803586260758e+02
1.261865243351371646e+01 1.986865243351371646e+01 3.581186524335137165e+02 3.418686524335137165e+02 3.571186524335137165e+02 3.546186524335137165e+02 3.481186524335137165e+02
1.349388934679745944e+01 3.324388934679745944e+01 1.424388934679745944e+01 2.743889346797459439e+00 3.559938893467974594e+02 3.527438893467974594e+02 3.592438893467974594e+02
0.000000000000000000e+00 0.000000000000000000e+00 0.000000000000000000e+00 0.000000000000000000e+00 0.000000000000000000e+00 0.000000000000000000e+00 0.000000000000000000e+00
3.568616684090242757e+02 3.596116684090242757e+02 3.491116684090242757e+02 3.298616684090242757e+02 3.276116684090242757e+02 3.426116684090242757e+02 3.538616684090242757e+02
1.952520455200122456e+02 2.312520455200122456e+02 2.447520455200122456e+02 2.587520455200122456e+02 2.857520455200122456e+02 3.335020455200122456e+02 3.472520455200122456e+02
1.270416800557495662e+01 3.170416800557495662e+01 2.470416800557495662e+01 3.462041680055749566e+02 3.527041680055749566e+02 3.439541680055749566e+02 3.462041680055749566e+02
2.162996453002506314e+00 8.162996453002506314e+00 7.412996453002506314e+00 3.579129964530025063e+02 3.549129964530025063e+02 1.162996453002506314e+00 4.016299645300250631e+01
0.000000000000000000e+00 0.000000000000000000e+00 0.000000000000000000e+00 0.000000000000000000e+00 0.000000000000000000e+00 0.000000000000000000e+00 0.000000000000000000e+00
2.934774584995267332e+01 1.084774584995267332e+01 2.097745849952673325e+00 1.384774584995267332e+01 1.884774584995267332e+01 1.709774584995267332e+01 1.009774584995267332e+01
3.418206666784497543e+02 3.333206666784497543e+02 1.757066667844975427e+01 1.732066667844975427e+01 1.482066667844975427e+01 6.320666678449754272e+00 2.813206666784497543e+02
3.371422363800451194e+02 3.501422363800451194e+02 3.586422363800451194e+02 3.563922363800451194e+02 3.598922363800451194e+02 1.214223638004509098e+01 3.642236380045090982e+00
2.281235444486651431e+01 1.206235444486651431e+01 3.505623544448665143e+02 3.533123544448665143e+02 3.475623544448665143e+02 3.408123544448665143e+02 3.473123544448665143e+02
3.410360610696039885e+01 3.185360610696039885e+01 1.603606106960398847e+00 3.436036061069603988e+02 3.153536061069603988e+02 2.553536061069603988e+02 2.598536061069603988e+02
8.825527950543914812e+00 3.107552795054391481e+01 3.583255279505439148e+02 3.588255279505439148e+02 6.075527950543914812e+00 1.082552795054391481e+01 5.682552795054391481e+01
