8.197129506600103754e-01 6.573377315314071767e-01 4.878136953299775924e-01 2.334628222396203934e-01 1.108545129716293903e-01 3.225303846085553761e-01 3.632975417669400686e-01
9.703375108663135906e-01 9.626920616000149700e-01 8.967293928636566047e-01 8.318445487417810424e-01 9.144709059128857120e-01 9.671157878550377118e-01 9.895213259541558726e-01
9.712922840234869959e-01 9.496239848859685528e-01 9.175191594510798687e-01 9.194426396013827274e-01 9.024699107457321290e-01 7.878261480398042194e-01 9.653274010166902341e-01
9.828068255733453107e-01 9.811009131977533881e-01 9.817795448496760002e-01 9.793480276502475323e-01 9.805851927450944805e-01 9.479939125958701807e-01 9.588242364739277823e-01
9.608493064417841234e-01 9.612722990209036089e-01 9.658949874927851287e-01 9.454215211900187654e-01 9.434658980330441480e-01 8.368733234096250584e-01 9.044545695940622299e-01
9.587372028481987440e-01 9.692851474476805729e-01 9.860320221140607133e-01 9.913545066776769943e-01 9.876092354255232575e-01 9.587100423123265935e-01 9.400844903503590144e-01
8.961819087273622531e-01 8.780449366303582082e-01 8.901889526422530619e-01 9.100324213815290664e-01 9.072988187091340917e-01 7.882095050873273445e-01 6.519432524479744639e-01
9.591457710134517756e-01 9.534093510004779670e-01 9.365748288621053019e-01 8.980260489195034390e-01 9.067546888702240349e-01 6.901906000520172668e-01 7.546202890423192589e-01
0.000000000000000000e+00 0.000000000000000000e+00 0.000000000000000000e+00 0.000000000000000000e+00 0.000000000000000000e+00 0.000000000000000000e+00 0.000000000000000000e+00
9.760239582431454730e-01 9.611662114985635164e-01 9.254689493952922286e-01 8.941402460410186048e-01 7.861824940845620890e-01 7.550842666808614823e-01 9.343124164721634539e-01
9.421576516965709525e-01 9.430668816091412054e-01 9.357989813174186766e-01 9.057631816505697930e-01 8.773145086353301147e-01 3.860425972487031010e-01 4.758158622937621596e-01
5.286026019296993228e-01 5.023428238071179219e-01 3.100490286944619922e-01 3.590180343677599195e-01 6.226208932127342832e-01 7.794661514739512631e-01 6.912812067284163087e-01
9.251953670496187998e-01 9.142189796820778813e-01 8.973867286180509106e-01 7.011712003898039614e-01 6.264253044365942769e-01 6.825071889436953310e-01 7.965918827843109229e-01
0.000000000000000000e+00 0.000000000000000000e+00 0.000000000000000000e+00 0.000000000000000000e+00 0.000000000000000000e+00 0.000000000000000000e+00 0.000000000000000000e+00
9.818905152968597783e-01 9.826654463107199478e-01 9.772955506510488943e-01 9.799403907357011612e-01 9.856895159779610616e-01 9.897136210954763369e-01 9.939198608825146053e-01
0.000000000000000000e+00 0.000000000000000000e+00 0.000000000000000000e+00 0.000000000000000000e+00 0.000000000000000000e+00 0.000000000000000000e+00 0.000000000000000000e+00
0.000000000000000000e+00 0.000000000000000000e+00 0.000000000000000000e+00 0.000000000000000000e+00 0.000000000000000000e+00 0.000000000000000000e+00 0.000000000000000000e+00
0.000000000000000000e+00 0.000000000000000000e+00 0.000000000000000000e+00 0.000000000000000000e+00 0.000000000000000000e+00 0.000000000000000000e+00 0.000000000000000000e+00
0.000000000000000000e+00 0.000000000000000000e+00 0.000000000000000000e+00 0.000000000000000000e+00 0.000000000000000000e+00 0.000000000000000000e+00 0.000000000000000000e+00
0.000000000000000000e+00 0.000000000000000000e+00 0.000000000000000000e+00 0.000000000000000000e+00 0.000000000000000000e+00 0.000000000000000000e+00 0.000000000000000000e+00
8.989557190476629156e-01 9.366025288983131913e-01 9.457652979539739047e-01 9.602648103196795848e-01 9.738589735042083584e-01 9.566018172560400989e-01 9.476007150196760209e-01
9.473069431603962087e-01 9.768547547370273199e-01 9.876824089702207488e-01 9.649863246435933517e-01 9.522627869099218323e-01 7.083038001412250706e-01 9.758669140353359861e-01
9.127517940322653622e-01 9.248356307397270770e-01 9.339016588879456293e-01 9.392378649065725726e-01 9.039913709670034381e-01 9.000319635769959969e-01 9.466927435647159994e-01
9.788935742138828999e-01 9.725982977786239436e-01 9.819171701402273911e-01 9.866277479289222718e-01 9.878340795510558436e-01 9.852371442195202444e-01 9.892294056423702742e-01
8.551168027565124730e-01 7.411847070008834582e-01 6.412172913701026378e-01 6.940545948228666884e-01 5.232314860743844109e-01 8.512143948219670353e-01 9.059005041462586671e-01
9.789455149244021825e-01 9.709316051540372028e-01 9.691811207232328140e-01 9.741907281457357071e-01 9.800130845928811674e-01 9.215671018057701724e-01 9.262253614784153877e-01
9.639409611297282687e-01 9.606090439930099478e-01 9.518284666022955864e-01 9.474274979097050409e-01 9.267806587816154185e-01 8.802629116229655493e-01 9.245998222273514866e-01
0.000000000000000000e+00 0.000000000000000000e+00 0.000000000000000000e+00 0.000000000000000000e+00 0.000000000000000000e+00 0.000000000000000000e+00 0.000000000000000000e+00
9.787638106889476886e-01 9.777137046435943057e-01 9.835370452214396986e-01 9.879521716789434471e-01 9.875362247989400988e-01 9.783902385193872231e-01 9.482081862694788921e-01
8.412592587375786746e-01 8.322189218754302287e-01 6.034470671356294558e-01 6.244217843178886396e-01 6.321453125833139675e-01 4.012122791287930368e-01 8.468789491790296164e-01
9.783786013120585601e-01 9.774582511353826497e-01 9.754167340379753526e-01 9.509429261053614635e-01 8.569177278403129483e-01 8.801557772688272108e-01 9.414132676565055702e-01
5.081884078032433694e-01 5.749329548320741834e-01 6.911098175713722425e-01 7.989317352168276987e-01 8.967683053433678220e-01 9.295029631274899229e-01 8.816832162063336087e-01
0.000000000000000000e+00 0.000000000000000000e+00 0.000000000000000000e+00 0.000000000000000000e+00 0.000000000000000000e+00 0.000000000000000000e+00 0.000000000000000000e+00
6.710731960980317323e-01 7.673927221296792389e-01 8.390641843904864672e-01 8.913988008761799531e-01 9.332349905014801772e-01 9.609397823542905615e-01 9.731013770373950766e-01
9.884048673016293529e-01 9.820298850501050225e-01 9.741859691477010585e-01 9.538268937824886384e-01 9.219673912600307997e-01 8.470953234876644755e-01 9.798709498368864956e-01
4.931812746686769500e-01 4.764972357029448879e-01 4.533589017828854595e-01 5.649257530754253631e-01 8.950110400761165375e-01 8.148368460356777421e-01 8.020019203605750491e-01
0.000000000000000000e+00 0.000000000000000000e+00 0.000000000000000000e+00 0.000000000000000000e+00 0.000000000000000000e+00 0.000000000000000000e+00 0.000000000000000000e+00
0.000000000000000000e+00 0.000000000000000000e+00 0.000000000000000000e+00 0.000000000000000000e+00 0.000000000000000000e+00 0.000000000000000000e+00 0.000000000000000000e+00
0.000000000000000000e+00 0.000000000000000000e+00 0.000000000000000000e+00 0.000000000000000000e+00 0.000000000000000000e+00 0.000000000000000000e+00 0.000000000000000000e+00
0.000000000000000000e+00 0.000000000000000000e+00 0.000000000000000000e+00 0.000000000000000000e+00 0.000000000000000000e+00 0.000000000000000000e+00 0.000000000000000000e+00
0.000000000000000000e+00 0.000000000000000000e+00 0.000000000000000000e+00 0.000000000000000000e+00 0.000000000000000000e+00 0.000000000000000000e+00 0.000000000000000000e+00
0.000000000000000000e+00 0.000000000000000000e+00 0.000000000000000000e+00 0.000000000000000000e+00 0.000000000000000000e+00 0.000000000000000000e+00 0.000000000000000000e+00
0.000000000000000000e+00 0.000000000000000000e+00 0.000000000000000000e+00 0.000000000000000000e+00 0.000000000000000000e+00 0.000000000000000000e+00 0.000000000000000000e+00
0.000000000000000000e+00 0.000000000000000000e+00 0.000000000000000000e+00 0.000000000000000000e+00 0.000000000000000000e+00 0.000000000000000000e+00 0.000000000000000000e+00
0.000000000000000000e+00 0.000000000000000000e+00 0.000000000000000000e+00 0.000000000000000000e+00 0.000000000000000000e+00 0.000000000000000000e+00 0.000000000000000000e+00
0.000000000000000000e+00 0.000000000000000000e+00 0.000000000000000000e+00 0.000000000000000000e+00 0.000000000000000000e+00 0.000000000000000000e+00 0.000000000000000000e+00
0.000000000000000000e+00 0.000000000000000000e+00 0.000000000000000000e+00 0.000000000000000000e+00 0.000000000000000000e+00 0.000000000000000000e+00 0.000000000000000000e+00
0.000000000000000000e+00 0.000000000000000000e+00 0.000000000000000000e+00 0.000000000000000000e+00 0.000000000000000000e+00 0.000000000000000000e+00 0.000000000000000000e+00
0.000000000000000000e+00 0.000000000000000000e+00 0.000000000000000000e+00 0.000000000000000000e+00 0.000000000000000000e+00 0.000000000000000000e+00 0.000000000000000000e+00
0.000000000000000000e+00 0.000000000000000000e+00 0.000000000000000000e+00 0.000000000000000000e+00 0.000000000000000000e+00 0.000000000000000000e+00 0.000000000000000000e+00
0.000000000000000000e+00 0.000000000000000000e+00 0.000000000000000000e+00 0.000000000000000000e+00 0.000000000000000000e+00 0.000000000000000000e+00 0.000000000000000000e+00
0.000000000000000000e+00 0.000000000000000000e+00 0.000000000000000000e+00 0.000000000000000000e+00 0.000000000000000000e+00 0.000000000000000000e+00 0.000000000000000000e+00
0.000000000000000000e+00 0.000000000000000000e+00 0.000000000000000000e+00 0.000000000000000000e+00 0.000000000000000000e+00 0.000000000000000000e+00 0.000000000000000000e+00
0.000000000000000000e+00 0.000000000000000000e+00 0.000000000000000000e+00 0.000000000000000000e+00 0.000000000000000000e+00 0.000000000000000000e+00 0.000000000000000000e+00
0.000000000000000000e+00 0.000000000000000000e+00 0.000000000000000000e+00 0.000000000000000000e+00 0.000000000000000000e+00 0.000000000000000000e+00 0.000000000000000000e+00
0.000000000000000000e+00 0.000000000000000000e+00 0.000000000000000000e+00 0.000000000000000000e+00 0.000000000000000000e+00 0.000000000000000000e+00 0.000000000000000000e+00
0.000000000000000000e+00 0.000000000000000000e+00 0.000000000000000000e+00 0.000000000000000000e+00 0.000000000000000000e+00 0.000000000000000000e+00 0.000000000000000000e+00
0.000000000000000000e+00 0.000000000000000000e+00 0.000000000000000000e+00 0.000000000000000000e+00 0.000000000000000000e+00 0.000000000000000000e+00 0.000000000000000000e+00
0.000000000000000000e+00 0.000000000000000000e+00 0.000000000000000000e+00 0.000000000000000000e+00 0.000000000000000000e+00 0.000000000000000000e+00 0.000000000000000000e+00
0.000000000000000000e+00 0.000000000000000000e+00 0.000000000000000000e+00 0.000000000000000000e+00 0.000000000000000000e+00 0.000000000000000000e+00 0.000000000000000000e+00
0.000000000000000000e+00 0.000000000000000000e+00 0.000000000000000000e+00 0.000000000000000000e+00 0.000000000000000000e+00 0.000000000000000000e+00 0.000000000000000000e+00
0.000000000000000000e+00 0.000000000000000000e+00 0.000000000000000000e+00 0.000000000000000000e+00 0.000000000000000000e+00 0.000000000000000000e+00 0.000000000000000000e+00
0.000000000000000000e+00 0.000000000000000000e+00 0.000000000000000000e+00 0.000000000000000000e+00 0.000000000000000000e+00 0.000000000000000000e+00 0.000000000000000000e+00
0.000000000000000000e+00 0.000000000000000000e+00 0.000000000000000000e+00 0.000000000000000000e+00 0.000000000000000000e+00 0.000000000000000000e+00 0.000000000000000000e+00
4.795974059327383077e-01 7.651793929165554564e-01 7.709498290611046523e-01 7.454509677035338067e-01 8.397880401791877336e-01 9.633697069809712410e-01 9.910268450854338163e-01
0.000000000000000000e+00 0.000000000000000000e+00 0.000000000000000000e+00 0.000000000000000000e+00 0.000000000000000000e+00 0.000000000000000000e+00 0.000000000000000000e+00
9.512377120161242816e-01 9.679103716376726840e-01 9.825633441949667146e-01 9.888024206464401944e-01 9.918533721463124175e-01 9.901503552524233420e-01 9.672183581186790668e-01
9.007161887593189142e-01 7.995824918233861434e-01 5.752138540787897769e-01 7.599589585551246307e-01 9.202550677509234722e-01 9.345344509371709130e-01 9.765932041706492095e-01
