7.570958054841979701e-01 8.806261736214942015e-01 6.376339660659080533e-01 3.711289502234490500e-01 5.850508940240350952e-01 2.652159133645342060e-01 3.805368639790636665e-01
9.684321607427597289e-01 9.624041736202895159e-01 9.639218791657386820e-01 9.534817122763196151e-01 9.605759258114013877e-01 9.777366396086035749e-01 9.899884979784082661e-01
9.312800956338099789e-01 9.531818646885225066e-01 9.171128417313879622e-01 8.991294785810687307e-01 8.884894865420125409e-01 6.550672032367930164e-01 7.907951913095836449e-01
9.723802015461558979e-01 9.692405297117266949e-01 9.499935011007133445e-01 9.287689407343097114e-01 9.134012466089422855e-01 8.072086941004035232e-01 7.696251088745978963e-01
9.381630528526569979e-01 8.985021277502511783e-01 8.279327213257245965e-01 7.899002521148509315e-01 7.046627328487701236e-01 3.176552584368874110e-01 7.884648762737072047e-01
9.448506268506912109e-01 9.567079776889249043e-01 9.766413540299528906e-01 9.840704552688303020e-01 9.842549446968421600e-01 9.783709515001423052e-01 9.703674461366079695e-01
8.939962142749147134e-01 9.030935899243814902e-01 9.102220996846429601e-01 6.446255765841648611e-01 7.549677405186370205e-01 4.688036033361606125e-01 8.990417221862221364e-01
9.351724948924169389e-01 9.308460571688418339e-01 9.284177695301414346e-01 8.779940109114573454e-01 8.704217490301745519e-01 6.355592487423561421e-01 4.835009185420428568e-01
0.000000000000000000e+00 0.000000000000000000e+00 0.000000000000000000e+00 0.000000000000000000e+00 0.000000000000000000e+00 0.000000000000000000e+00 0.000000000000000000e+00
8.983104714046865613e-01 9.271153128794731302e-01 9.118436726063134934e-01 8.581306061860431988e-01 8.788614857175324202e-01 7.538853732023451659e-01 7.714757934194972355e-01
9.591403660683253118e-01 9.560827622556296035e-01 9.577173116377860618e-01 9.344527941692863937e-01 7.110622016349259500e-01 3.454828040301183845e-01 3.786031956793050601e-01
5.205474921906779739e-01 3.375813732295403491e-01 2.621819171036038343e-01 4.649750657545381749e-01 6.834117914024097074e-01 6.704042155507048406e-01 3.175312324635323202e-01
9.400716872151593240e-01 9.469579567749007998e-01 9.352554074237289239e-01 9.183901697736830405e-01 9.586576781989353258e-01 8.918951712102713980e-01 8.529693775956577184e-01
0.000000000000000000e+00 0.000000000000000000e+00 0.000000000000000000e+00 0.000000000000000000e+00 0.000000000000000000e+00 0.000000000000000000e+00 0.000000000000000000e+00
9.801489943193244514e-01 9.862767942986304659e-01 9.895538252155482439e-01 9.837535083529567181e-01 9.913948155961840314e-01 9.953227665538106894e-01 9.933422527586520667e-01
0.000000000000000000e+00 0.000000000000000000e+00 0.000000000000000000e+00 0.000000000000000000e+00 0.000000000000000000e+00 0.000000000000000000e+00 0.000000000000000000e+00
0.000000000000000000e+00 0.000000000000000000e+00 0.000000000000000000e+00 0.000000000000000000e+00 0.000000000000000000e+00 0.000000000000000000e+00 0.000000000000000000e+00
0.000000000000000000e+00 0.000000000000000000e+00 0.000000000000000000e+00 0.000000000000000000e+00 0.000000000000000000e+00 0.000000000000000000e+00 0.000000000000000000e+00
0.000000000000000000e+00 0.000000000000000000e+00 0.000000000000000000e+00 0.000000000000000000e+00 0.000000000000000000e+00 0.000000000000000000e+00 0.000000000000000000e+00
0.000000000000000000e+00 0.000000000000000000e+00 0.000000000000000000e+00 0.000000000000000000e+00 0.000000000000000000e+00 0.000000000000000000e+00 0.000000000000000000e+00
9.590550120140636237e-01 9.545814424899853323e-01 8.718052714488636612e-01 8.632178102639139761e-01 7.616942643522198741e-01 5.918292015929372818e-01 7.682870773544985266e-01
9.196405743785615039e-01 9.454102865147908652e-01 9.554201191768333379e-01 9.677745038927557664e-01 9.747806337458901904e-01 5.620661049740324211e-01 9.498970401017023946e-01
9.120709085395594107e-01 8.944943979348916052e-01 9.599583233677803085e-01 9.865796105464578192e-01 9.905881877414933756e-01 9.827344736854785046e-01 9.798427238749423118e-01
9.659530150342470201e-01 9.657712418039899882e-01 9.617795160182255332e-01 9.593495539217123946e-01 9.699081119766816972e-01 9.802822121074182826e-01 9.778787954345233846e-01
8.076493193692015904e-01 7.215457097048557644e-01 7.952781318471732197e-01 7.613903281748505281e-01 8.026956214357139352e-01 6.200145129995880966e-01 7.453271372748004886e-01
9.718180125691403548e-01 9.752999374893775997e-01 9.721779791405057436e-01 9.595200218245266699e-01 9.460112474630122392e-01 8.077712656271559544e-01 8.893593256055261076e-01
8.962356684157306574e-01 8.995597586212791263e-01 9.396233878028003028e-01 9.563406775178724395e-01 9.348408029495570704e-01 8.385510032163646654e-01 8.973858229281588272e-01
0.000000000000000000e+00 0.000000000000000000e+00 0.000000000000000000e+00 0.000000000000000000e+00 0.000000000000000000e+00 0.000000000000000000e+00 0.000000000000000000e+00
9.425803863287718354e-01 9.441940416811516190e-01 9.457691511611966417e-01 9.444770981502756957e-01 9.452978638257653055e-01 9.593396706107067962e-01 9.832771781476588036e-01
8.159313533924077433e-01 8.477798175450885765e-01 7.126065135901358261e-01 7.433570945078206149e-01 5.450967420041651357e-01 6.216801189099666614e-01 4.926230686920556878e-01
0.000000000000000000e+00 0.000000000000000000e+00 0.000000000000000000e+00 0.000000000000000000e+00 0.000000000000000000e+00 0.000000000000000000e+00 0.000000000000000000e+00
7.864806364716369069e-01 9.115833720136495844e-01 9.073457406196622221e-01 9.372586288049545855e-01 9.637189028733016416e-01 9.733760676589910954e-01 9.434103838704333000e-01
0.000000000000000000e+00 0.000000000000000000e+00 0.000000000000000000e+00 0.000000000000000000e+00 0.000000000000000000e+00 0.000000000000000000e+00 0.000000000000000000e+00
8.059977626364505099e-01 6.514430203448021706e-01 2.851125410476574862e-01 5.166393055321533145e-01 7.119476059232050513e-01 6.683230332140217556e-01 7.438426420123859240e-01
9.808115652119355765e-01 9.835473055048356006e-01 9.807330680837954562e-01 9.844967861645289586e-01 9.772978170809601961e-01 9.603155114538929338e-01 9.538762160741204310e-01
3.841350950056974800e-01 4.471435227837446402e-01 8.880577378095761976e-01 9.355037707775445410e-01 9.015232106354013064e-01 8.536035033456979004e-01 9.598220594510826764e-01
8.413781667618585036e-01 8.101801402350043979e-01 8.617156068210120035e-01 9.399274989803486635e-01 9.766015660101755591e-01 9.533569965370933819e-01 9.443515015751704489e-01
8.721733068252237597e-01 8.354140315458825627e-01 7.062504219112857307e-01 7.278571024236251130e-01 7.416488220098171880e-01 3.658064954343226982e-01 4.417790363703258394e-01
8.341813957984658412e-01 7.686340886144981122e-01 7.248492353712568947e-01 3.216584412372597845e-01 3.454661754011987829e-01 8.077416758496976934e-01 9.171219146643625475e-01
5.410724658940774257e-01 6.599672354059971102e-01 6.170652284172964963e-01 7.457014798186725191e-01 8.206335131041023745e-01 7.779813739215728496e-01 8.876687569607628614e-01
9.000707534905092455e-01 9.296318495378852464e-01 9.510123604119828933e-01 9.595472803516348348e-01 9.718912035403689531e-01 9.633696851337292255e-01 9.732164089106122296e-01
0.000000000000000000e+00 0.000000000000000000e+00 0.000000000000000000e+00 0.000000000000000000e+00 0.000000000000000000e+00 0.000000000000000000e+00 0.000000000000000000e+00
9.376154035423924782e-01 9.417993727768879664e-01 9.503553464002164608e-01 9.662647392668388679e-01 9.717376662684769073e-01 5.778267605585745148e-01 4.310686409449582812e-01
9.425534191324967948e-01 9.234531528744450712e-01 9.165530068860413548e-01 9.611720921478276169e-01 9.801245689785494930e-01 9.783006946250129010e-01 9.724353678775401466e-01
9.571561526620441240e-01 9.279907929354561658e-01 8.744210001236228935e-01 9.461797257086975721e-01 9.634360881594415948e-01 9.693332806575911675e-01 9.281794952299328161e-01
9.761649727403630683e-01 9.855801634138880996e-01 9.910455691671091749e-01 9.219415110679957115e-01 8.505983482255172756e-01 9.147624257194768571e-01 9.169418032495560977e-01
9.857136982140991543e-01 9.846294158432807864e-01 9.822265567964063582e-01 9.822246817170984245e-01 9.899276551247467859e-01 9.951150658868820331e-01 9.948799336600923082e-01
0.000000000000000000e+00 0.000000000000000000e+00 0.000000000000000000e+00 0.000000000000000000e+00 0.000000000000000000e+00 0.000000000000000000e+00 0.000000000000000000e+00
0.000000000000000000e+00 0.000000000000000000e+00 0.000000000000000000e+00 0.000000000000000000e+00 0.000000000000000000e+00 0.000000000000000000e+00 0.000000000000000000e+00
8.590765953115403475e-01 7.996429194670791052e-01 6.389970970746270407e-01 6.812739690594901143e-01 6.933264816853116352e-01 3.142000661091648439e-01 4.354351661442085741e-01
9.641511296574579726e-01 9.700764372998331719e-01 9.494067102489206489e-01 8.571229440661666255e-01 5.033465508123154963e-01 5.775854831709610337e-01 8.556390084758281889e-01
7.882955043025717812e-01 8.226292076671963827e-01 8.824319910818795298e-01 9.003918259709943195e-01 9.211044518254424274e-01 9.306411987239299188e-01 8.512479144494576877e-01
0.000000000000000000e+00 0.000000000000000000e+00 0.000000000000000000e+00 0.000000000000000000e+00 0.000000000000000000e+00 0.000000000000000000e+00 0.000000000000000000e+00
7.672239052316132124e-01 7.363456610835784621e-01 9.053269509130266179e-01 8.871927934549894701e-01 8.913472192829238194e-01 8.554755195570099557e-01 8.464674506476367322e-01
9.813437398091351405e-01 9.821786401952210532e-01 9.784134287431467403e-01 9.635789974369829425e-01 9.436042700160852670e-01 9.340661136201291459e-01 5.475144925956978437e-01
0.000000000000000000e+00 0.000000000000000000e+00 0.000000000000000000e+00 0.000000000000000000e+00 0.000000000000000000e+00 0.000000000000000000e+00 0.000000000000000000e+00
0.000000000000000000e+00 0.000000000000000000e+00 0.000000000000000000e+00 0.000000000000000000e+00 0.000000000000000000e+00 0.000000000000000000e+00 0.000000000000000000e+00
0.000000000000000000e+00 0.000000000000000000e+00 0.000000000000000000e+00 0.000000000000000000e+00 0.000000000000000000e+00 0.000000000000000000e+00 0.000000000000000000e+00
0.000000000000000000e+00 0.000000000000000000e+00 0.000000000000000000e+00 0.000000000000000000e+00 0.000000000000000000e+00 0.000000000000000000e+00 0.000000000000000000e+00
9.315408128775838348e-01 9.337960279850017198e-01 8.855717856986535796e-01 8.921321866089912955e-01 9.335771227523674831e-01 4.437944838039247775e-01 4.212334027987937879e-01
9.210275528521892907e-01 9.493258761223789532e-01 9.698603782358692360e-01 9.429366783360627613e-01 9.586533315499620178e-01 6.200103512401797801e-01 8.643904081777816772e-01
9.587924761817507857e-01 9.606992985773598059e-01 9.637320353295945052e-01 9.677475842982977694e-01 9.751828330990885974e-01 8.873587436802716777e-01 9.519775633717916241e-01
9.590825199678228996e-01 9.617105625421118464e-01 9.748054308552674962e-01 8.853088647992434224e-01 8.494642151629562266e-01 9.121846190601802240e-01 9.507529035257682448e-01
0.000000000000000000e+00 0.000000000000000000e+00 0.000000000000000000e+00 0.000000000000000000e+00 0.000000000000000000e+00 0.000000000000000000e+00 0.000000000000000000e+00
8.768827167173084414e-01 8.812079834454363825e-01 7.874282948347078870e-01 4.298209217129749238e-01 6.196140952321541606e-01 8.990723745648350196e-01 9.849156950578971115e-01
0.000000000000000000e+00 0.000000000000000000e+00 0.000000000000000000e+00 0.000000000000000000e+00 0.000000000000000000e+00 0.000000000000000000e+00 0.000000000000000000e+00
9.591642119012441237e-01 9.682897142353357189e-01 9.756577543441966593e-01 9.734707189891501633e-01 9.756420105189479441e-01 9.600323775114469882e-01 9.589798751749658567e-01
8.682382583845855706e-01 8.437873857194357896e-01 8.716976537930126723e-01 8.416329460481165592e-01 4.743995693992025253e-01 4.435355687353477738e-01 9.214431351624823296e-01
