8.220565488701808698e-01 7.299409544820849582e-01 7.014709440822982645e-01 8.226147237205101437e-01 8.519942963297671978e-01 7.740012558890612127e-01 3.574250033751975031e-01
8.731929344617639366e-01 8.406495855167592790e-01 8.674089947772818388e-01 8.916455094479907029e-01 8.285748394891477853e-01 8.381746181959507380e-01 7.857225581469857723e-01
9.101689053036242649e-01 6.556423074938259044e-01 6.129101763364197542e-01 5.859807639937811841e-01 7.889591636169462907e-01 9.062032272518223408e-01 9.548346259070699116e-01
8.905384117409307354e-01 9.305040371176979130e-01 9.428818687346433025e-01 8.393791331785143139e-01 7.178705405720369193e-01 7.382826532067903180e-01 4.009159168459385247e-01
8.825050152397926340e-01 9.346686367512487825e-01 9.402841492615579000e-01 8.604820641702419781e-01 8.095062097445689941e-01 8.500916097403885541e-01 7.245508157009139527e-01
9.623909424454070161e-01 9.590154672763845367e-01 9.098476594956337316e-01 9.021835997911079597e-01 8.569277355391128337e-01 7.788422992050361149e-01 4.690510974753678841e-01
7.907680834856456453e-01 8.736650137422034001e-01 9.168630317541736074e-01 9.108710162414002109e-01 9.244453098165701377e-01 8.960430961398218042e-01 8.372409640834945765e-01
7.934136878156432537e-01 7.140547685432212521e-01 7.867971784942334734e-01 8.183861282203516163e-01 7.810467379019727652e-01 5.528545658098026339e-01 8.418194053279650646e-01
0.000000000000000000e+00 0.000000000000000000e+00 0.000000000000000000e+00 0.000000000000000000e+00 0.000000000000000000e+00 0.000000000000000000e+00 0.000000000000000000e+00
8.714742807148033732e-01 8.452752783322035057e-01 8.372535474535079958e-01 8.886081248540780297e-01 9.093421487378258172e-01 8.903769016604899944e-01 9.586270176423000722e-01
3.766068451881122714e-01 5.420089944680392957e-01 4.359172004337230621e-01 1.390661149185800360e-01 1.949411021101959962e-01 2.715498839565430589e-01 2.921327199099996719e-01
2.985180276506412822e-01 2.893913103711115986e-01 4.136088499072376190e-01 3.770487591469344757e-01 2.191998573046181897e-01 1.206692392252388946e-01 7.856082394697708748e-01
8.260536132633438111e-01 7.571499013553684154e-01 8.528737671061330516e-01 9.192078163970188731e-01 9.234271999295223798e-01 8.500731540688019061e-01 9.298819923997472259e-01
0.000000000000000000e+00 0.000000000000000000e+00 0.000000000000000000e+00 0.000000000000000000e+00 0.000000000000000000e+00 0.000000000000000000e+00 0.000000000000000000e+00
9.147263246022109273e-01 9.568008750023826448e-01 9.762414015673389622e-01 9.788892840354247449e-01 9.647847367713073830e-01 9.812826658864020057e-01 9.663664462614175443e-01
0.000000000000000000e+00 0.000000000000000000e+00 0.000000000000000000e+00 0.000000000000000000e+00 0.000000000000000000e+00 0.000000000000000000e+00 0.000000000000000000e+00
0.000000000000000000e+00 0.000000000000000000e+00 0.000000000000000000e+00 0.000000000000000000e+00 0.000000000000000000e+00 0.000000000000000000e+00 0.000000000000000000e+00
0.000000000000000000e+00 0.000000000000000000e+00 0.000000000000000000e+00 0.000000000000000000e+00 0.000000000000000000e+00 0.000000000000000000e+00 0.000000000000000000e+00
0.000000000000000000e+00 0.000000000000000000e+00 0.000000000000000000e+00 0.000000000000000000e+00 0.000000000000000000e+00 0.000000000000000000e+00 0.000000000000000000e+00
0.000000000000000000e+00 0.000000000000000000e+00 0.000000000000000000e+00 0.000000000000000000e+00 0.000000000000000000e+00 0.000000000000000000e+00 0.000000000000000000e+00
7.715202181066145304e-01 5.609518503823601732e-01 7.786320296679400954e-01 6.089840836833506632e-01 5.083450986403036387e-01 5.609598887165108128e-01 5.754492901194598886e-01
9.406153256576524901e-01 9.278136509654181241e-01 8.884182135907903177e-01 8.047178813310060796e-01 8.747849705383248242e-01 8.142113641627468645e-01 4.597152270293419773e-01
8.573865489705538856e-01 8.666364241432162885e-01 9.356675713154370966e-01 9.173651346499313020e-01 9.275830576812679196e-01 9.090869398771301846e-01 9.764107634392545920e-01
9.263634272480419929e-01 9.530671103818929568e-01 9.199087601705366879e-01 9.524760754663610385e-01 9.190499132531537718e-01 7.628815320678207224e-01 6.705232595042815991e-01
8.599708148250282402e-01 8.422579739310421809e-01 7.844098738344362776e-01 7.174159292168912350e-01 8.339498859429967936e-01 6.774219395781877484e-01 8.676511504479733627e-01
9.035290235882161847e-01 9.305376915221412748e-01 9.240733127585050166e-01 9.275577412257208776e-01 9.127021101630331534e-01 9.160354046487985125e-01 8.212702344285756073e-01
8.153256161902544541e-01 7.491035435458640590e-01 8.203158229457012673e-01 9.527901442461572667e-01 9.899401300699013362e-01 9.922024988265897294e-01 9.832487220582457610e-01
0.000000000000000000e+00 0.000000000000000000e+00 0.000000000000000000e+00 0.000000000000000000e+00 0.000000000000000000e+00 0.000000000000000000e+00 0.000000000000000000e+00
9.546359144888916237e-01 9.332787426319665292e-01 8.308151252806939002e-01 8.319833018830492533e-01 7.871487963150785028e-01 3.992255097950987430e-01 3.345182077131256260e-01
6.413236990400216220e-01 1.735209562115207771e-01 4.789271778999584228e-01 2.505860058897497189e-01 2.765103889852487673e-01 2.060864274919320116e-01 6.881589361435344054e-01
0.000000000000000000e+00 0.000000000000000000e+00 0.000000000000000000e+00 0.000000000000000000e+00 0.000000000000000000e+00 0.000000000000000000e+00 0.000000000000000000e+00
8.460376623163198273e-01 8.901849803166220765e-01 9.243406653634749226e-01 9.162348077449232742e-01 8.742142964687077411e-01 7.021108563346809550e-01 4.791065625934204375e-01
0.000000000000000000e+00 0.000000000000000000e+00 0.000000000000000000e+00 0.000000000000000000e+00 0.000000000000000000e+00 0.000000000000000000e+00 0.000000000000000000e+00
8.592574990676821178e-01 8.835658484941308899e-01 9.197768342002881070e-01 9.515436917998382205e-01 9.397847203272282623e-01 9.523910952148565423e-01 9.709780199294484326e-01
8.885386082137525232e-01 9.046307201365654249e-01 9.128301066576062217e-01 8.413044714651247702e-01 8.713585103575510749e-01 8.753190836447801715e-01 9.371125091345802183e-01
8.140988476018665709e-01 8.723483728881993304e-01 8.261000682364448844e-01 7.422566534854612152e-01 8.462473586803378467e-01 8.292730790532444329e-01 4.318561916065432049e-01
5.678119532896531707e-01 6.601734279988723531e-01 7.810531492089234362e-01 7.673421199453772656e-01 7.087254865356164002e-01 8.081243140152587490e-01 9.229691061461742230e-01
8.363890948804980630e-01 8.372251871077196483e-01 8.490927624027271303e-01 6.305193597407396933e-01 1.258804630285285386e-01 7.090965108750652002e-02 2.258870813304743042e-01
6.679028168514860031e-01 6.194728350190965571e-01 5.307428296044202076e-01 6.920989436131045336e-01 8.803715051596200381e-01 8.813651047199254629e-01 9.055790022808993811e-01
4.736017295533270222e-01 2.739081672157830938e-01 3.362773158743990742e-01 5.986454842001176502e-01 5.269139475719017973e-01 1.405590632864438527e-01 3.152927255490843295e-01
9.245890808092729340e-01 9.607377721359616762e-01 9.540120114624716097e-01 9.270252674437817753e-01 9.013586919134018993e-01 6.166142084606595075e-01 6.793664753689301339e-01
0.000000000000000000e+00 0.000000000000000000e+00 0.000000000000000000e+00 0.000000000000000000e+00 0.000000000000000000e+00 0.000000000000000000e+00 0.000000000000000000e+00
9.587297437943207434e-01 9.469010288105736972e-01 8.111876980231634837e-01 7.641750365368567000e-01 5.442928853183218729e-01 2.287308620895774358e-01 6.583889045831955444e-01
6.659740668012558151e-01 6.766177972449023414e-01 5.663893165509877869e-01 5.403452413447801250e-01 6.671519319300103223e-01 6.042103048732193615e-01 6.611190813213748685e-01
6.271320847748987903e-01 6.175426499823091220e-01 6.242420129213165358e-01 6.118407398699808875e-01 4.729167595514742750e-01 2.258404601178538584e-01 5.594136737979745755e-01
9.615840508169523626e-02 4.233375214068058612e-01 4.977663629769948916e-01 5.999213448498765811e-01 5.584770452336054181e-01 3.075149108259959130e-01 6.278749750495898896e-01
9.031889148878604612e-01 7.927931743192184744e-01 8.500017085756387258e-01 7.100186684034081042e-01 7.585108545836138916e-01 8.502200706768878735e-01 9.111656925471121049e-01
0.000000000000000000e+00 0.000000000000000000e+00 0.000000000000000000e+00 0.000000000000000000e+00 0.000000000000000000e+00 0.000000000000000000e+00 0.000000000000000000e+00
0.000000000000000000e+00 0.000000000000000000e+00 0.000000000000000000e+00 0.000000000000000000e+00 0.000000000000000000e+00 0.000000000000000000e+00 0.000000000000000000e+00
8.138038489987228230e-01 8.224711612474985278e-01 8.509676258568591445e-01 7.648166850507893688e-01 3.610498588156721422e-01 1.886706501682732795e-01 4.699359377316564279e-01
9.045563027816801993e-01 9.044684006809994292e-01 8.520284530820523283e-01 5.358255191732166356e-01 6.909330955799248830e-01 6.682741071894886531e-01 2.668096647835874191e-01
5.136615997543089174e-01 6.326804755611626918e-01 4.129002959405349560e-01 5.076170476383589092e-01 6.144208111679549944e-01 5.133820564313995582e-01 4.168459254367281042e-01
0.000000000000000000e+00 0.000000000000000000e+00 0.000000000000000000e+00 0.000000000000000000e+00 0.000000000000000000e+00 0.000000000000000000e+00 0.000000000000000000e+00
4.300529661438826090e-01 5.686541398848703466e-01 7.013843059136323221e-01 7.416115613054661271e-01 8.484539731495962522e-01 9.291496968103207799e-01 9.797454919410573115e-01
5.769058392907085997e-01 6.732673630874057569e-01 5.733452652384820603e-01 5.440975836702162116e-01 6.524962339592136340e-01 6.075909883433547876e-01 6.741373807972022014e-01
0.000000000000000000e+00 0.000000000000000000e+00 0.000000000000000000e+00 0.000000000000000000e+00 0.000000000000000000e+00 0.000000000000000000e+00 0.000000000000000000e+00
0.000000000000000000e+00 0.000000000000000000e+00 0.000000000000000000e+00 0.000000000000000000e+00 0.000000000000000000e+00 0.000000000000000000e+00 0.000000000000000000e+00
0.000000000000000000e+00 0.000000000000000000e+00 0.000000000000000000e+00 0.000000000000000000e+00 0.000000000000000000e+00 0.000000000000000000e+00 0.000000000000000000e+00
0.000000000000000000e+00 0.000000000000000000e+00 0.000000000000000000e+00 0.000000000000000000e+00 0.000000000000000000e+00 0.000000000000000000e+00 0.000000000000000000e+00
5.921134232084053206e-01 7.386547189293647397e-01 8.917693811467070075e-01 8.798390279443862871e-01 6.781291174277807032e-01 5.005487510717593347e-01 1.271031480889765197e-01
3.306107130920760140e-01 2.514792958364910902e-01 8.712409823172567735e-01 8.370889763170193953e-01 9.170604616663523556e-01 8.636667065426136825e-01 8.697084396091179226e-01
9.509417343485209173e-01 9.409792002562896718e-01 9.033999960920977568e-01 9.079409270299551027e-01 7.003758070682530867e-01 2.670470601425890544e-01 3.378800036997124945e-01
8.555267954627632232e-01 8.664035077668361673e-01 9.430390600085515329e-01 9.028343118381424448e-01 8.668650519684493183e-01 9.378391065463000942e-01 9.099099124343353884e-01
0.000000000000000000e+00 0.000000000000000000e+00 0.000000000000000000e+00 0.000000000000000000e+00 0.000000000000000000e+00 0.000000000000000000e+00 0.000000000000000000e+00
5.553231943348101440e-01 6.394159430137859035e-01 7.903978791539679749e-01 8.321796740372909840e-01 9.118906481687906185e-01 9.091870841493737698e-01 9.131411924126223711e-01
0.000000000000000000e+00 0.000000000000000000e+00 0.000000000000000000e+00 0.000000000000000000e+00 0.000000000000000000e+00 0.000000000000000000e+00 0.000000000000000000e+00
9.125502741596089873e-01 8.092843406188422462e-01 8.850752167725590702e-01 9.341302560243802677e-01 9.430821638136782648e-01 9.578453124456066670e-01 9.373414237015398331e-01
8.939290845392356966e-01 9.172744465116401402e-01 8.421833981013542303e-01 8.604440923517795436e-01 5.196106675347706982e-01 5.317787734040573255e-01 2.592007929730149596e-01
