5.390478095727075925e-01 3.512890478095727076e+02 4.039047809572707592e+00 3.537890478095727076e+02 5.039047809572707592e+00 1.803904780957270759e+01 3.412890478095727076e+02
1.551794144668042463e+01 3.595179414466804246e+02 7.767941446680424633e+00 3.545179414466804246e+02 3.477679414466804246e+02 1.517941446680424633e+00 1.226794144668042463e+01
5.552709587030562943e+00 3.485527095870305629e+02 3.123027095870305629e+02 3.275527095870305629e+02 3.285527095870305629e+02 3.393027095870305629e+02 3.550527095870305629e+02
1.066212779226924567e+01 5.162127792269245674e+00 3.162127792269245674e+00 1.216212779226924567e+01 7.912127792269245674e+00 5.412127792269245674e+00 3.234121277922692457e+02
1.047911151679130626e+01 7.229111516791306258e+00 5.229111516791306258e+00 1.997911151679130626e+01 1.222911151679130626e+01 9.229111516791306258e+00 3.442291115167913063e+02
3.572980717342066441e+02 3.567980717342066441e+02 6.298071734206644123e+00 3.597980717342066441e+02 1.548071734206644123e+00 3.587980717342066441e+02 3.395480717342066441e+02
1.384268098291158822e+01 3.595926809829115882e+02 4.092680982911588217e+00 2.034268098291158822e+01 2.309268098291158822e+01 1.859268098291158822e+01 3.558426809829115882e+02
3.741140492432759856e+01 3.091140492432759856e+01 2.566140492432759856e+01 2.591140492432759856e+01 2.666140492432759856e+01 2.316140492432759856e+01 4.911404924327598565e+00
0.000000000000000000e+00 0.000000000000000000e+00 0.000000000000000000e+00 0.000000000000000000e+00 0.000000000000000000e+00 0.000000000000000000e+00 0.000000000000000000e+00
3.516929267605700034e+02 3.216929267605700034e+02 3.034429267605700034e+02 3.431929267605700034e+02 3.436929267605700034e+02 3.416929267605700034e+02 3.554429267605700034e+02
8.051875457927508251e+00 3.955187545792750825e+01 2.655187545792750825e+01 4.655187545792750825e+01 3.463018754579275083e+02 3.433018754579275083e+02 3.345518754579275083e+02
8.052205336802336433e+01 1.275220533680233643e+02 1.775220533680233643e+02 2.240220533680233643e+02 2.272053368023364328e+00 2.272720533680233643e+02 1.865220533680233643e+02
1.823882805407771457e+01 9.738828054077714569e+00 2.948882805407771457e+01 2.348882805407771457e+01 2.048882805407771457e+01 5.988828054077714569e+00 3.572388280540777146e+02
0.000000000000000000e+00 0.000000000000000000e+00 0.000000000000000000e+00 0.000000000000000000e+00 0.000000000000000000e+00 0.000000000000000000e+00 0.000000000000000000e+00
3.501053475082494515e+02 3.511053475082494515e+02 3.546053475082494515e+02 3.583553475082494515e+02 5.605347508249451494e+00 1.260534750824945149e+01 2.110534750824945149e+01
0.000000000000000000e+00 0.000000000000000000e+00 0.000000000000000000e+00 0.000000000000000000e+00 0.000000000000000000e+00 0.000000000000000000e+00 0.000000000000000000e+00
0.000000000000000000e+00 0.000000000000000000e+00 0.000000000000000000e+00 0.000000000000000000e+00 0.000000000000000000e+00 0.000000000000000000e+00 0.000000000000000000e+00
0.000000000000000000e+00 0.000000000000000000e+00 0.000000000000000000e+00 0.000000000000000000e+00 0.000000000000000000e+00 0.000000000000000000e+00 0.000000000000000000e+00
0.000000000000000000e+00 0.000000000000000000e+00 0.000000000000000000e+00 0.000000000000000000e+00 0.000000000000000000e+00 0.000000000000000000e+00 0.000000000000000000e+00
0.000000000000000000e+00 0.000000000000000000e+00 0.000000000000000000e+00 0.000000000000000000e+00 0.000000000000000000e+00 0.000000000000000000e+00 0.000000000000000000e+00
3.076768514330092330e+01 3.951768514330092330e+01 3.585176851433009233e+02 3.372676851433009233e+02 3.375176851433009233e+02 2.992676851433009233e+02 2.807676851433009233e+02
1.100650065367284469e+01 8.256500653672844692e+00 5.756500653672844692e+00 3.460065006536728447e+02 3.407565006536728447e+02 9.006500653672844692e+00 8.256500653672844692e+00
1.221339270222415507e+00 3.469713392702224155e+02 3.404713392702224155e+02 1.221339270222415507e+00 3.564713392702224155e+02 9.221339270222415507e+00 5.971339270222415507e+00
7.619592615813758130e+00 6.869592615813758130e+00 3.578695926158137581e+02 3.548695926158137581e+02 3.558695926158137581e+02 3.496195926158137581e+02 3.576195926158137581e+02
6.890429300842811244e+00 1.764042930084281124e+01 2.114042930084281124e+01 1.939042930084281124e+01 3.566404293008428112e+02 3.486404293008428112e+02 6.890429300842811244e+00
3.544023356069753845e+02 3.514023356069753845e+02 3.391523356069753845e+02 3.521523356069753845e+02 6.902335606975384508e+00 3.496523356069753845e+02 3.514023356069753845e+02
2.036140586097155847e+01 2.036140586097155847e+01 1.661140586097155847e+01 1.861405860971558468e+00 3.586114058609715585e+02 3.581114058609715585e+02 6.114058609715584680e-01
0.000000000000000000e+00 0.000000000000000000e+00 0.000000000000000000e+00 0.000000000000000000e+00 0.000000000000000000e+00 0.000000000000000000e+00 0.000000000000000000e+00
3.589073372595726141e+02 3.569073372595726141e+02 3.596573372595726141e+02 1.115733725957261413e+01 2.157337259572614130e+00 3.146573372595726141e+02 3.099073372595726141e+02
3.553035181845474995e+02 1.385535181845474995e+02 1.870535181845474995e+02 1.785535181845474995e+02 1.438035181845474995e+02 2.060535181845474995e+02 3.250535181845474995e+02
0.000000000000000000e+00 0.000000000000000000e+00 0.000000000000000000e+00 0.000000000000000000e+00 0.000000000000000000e+00 0.000000000000000000e+00 0.000000000000000000e+00
3.516787309679071427e+02 3.491787309679071427e+02 3.569287309679071427e+02 1.428730967907142713e+00 3.428730967907142713e+00 3.678730967907142713e+00 3.526787309679071427e+02
0.000000000000000000e+00 0.000000000000000000e+00 0.000000000000000000e+00 0.000000000000000000e+00 0.000000000000000000e+00 0.000000000000000000e+00 0.000000000000000000e+00
3.486881955008660725e+02 3.346881955008660725e+02 3.284381955008660725e+02 3.369381955008660725e+02 3.524381955008660725e+02 7.188195500866072507e+00 4.438195500866072507e+00
3.449172139796488636e+02 3.429172139796488636e+02 3.491672139796488636e+02 3.404172139796488636e+02 3.569172139796488636e+02 1.466721397964886364e+01 7.167213979648863642e+00
3.446030804065082975e+02 3.423530804065082975e+02 3.376030804065082975e+02 3.556030804065082975e+02 3.466030804065082975e+02 3.566030804065082975e+02 3.303530804065082975e+02
1.614911601838184652e+01 1.614911601838184652e+01 9.899116018381846516e+00 1.089911601838184652e+01 1.314911601838184652e+01 1.514911601838184652e+01 3.598991160183818465e+02
1.826505850234144646e+01 1.501505850234144646e+01 8.265058502341446456e+00 2.265058502341446456e+00 8.301505850234144646e+01 2.190150585023414465e+02 2.407650585023414465e+02
4.056786337583844215e+01 4.656786337583844215e+01 1.181786337583844215e+01 2.567863375838442153e+00 3.056786337583844215e+01 3.381786337583844215e+01 1.556786337583844215e+01
2.964826681352555511e+02 3.359826681352555511e+02 1.348266813525555108e+01 3.973266813525555108e+01 3.923266813525555108e+01 7.223266813525555108e+01 2.973266813525555108e+01
4.150688600433227293e+00 3.650688600433227293e+00 7.150688600433227293e+00 3.584006886004332273e+02 1.400688600433227293e+00 2.615068860043322729e+01 3.524006886004332273e+02
0.000000000000000000e+00 0.000000000000000000e+00 0.000000000000000000e+00 0.000000000000000000e+00 0.000000000000000000e+00 0.000000000000000000e+00 0.000000000000000000e+00
3.524713285895626882e+02 3.464713285895626882e+02 8.221328589562688194e+00 3.471328589562688194e+00 3.564713285895626882e+02 6.971328589562688194e+00 3.504713285895626882e+02
1.062765948799665239e+00 1.106276594879966524e+01 2.981276594879966524e+01 3.530627659487996652e+02 3.390627659487996652e+02 3.445627659487996652e+02 3.518127659487996652e+02
3.570127212980664808e+02 3.575127212980664808e+02 7.262721298066480813e+00 3.076272129806648081e+01 3.001272129806648081e+01 2.801272129806648081e+01 3.401272129806648081e+01
2.216670650575122181e+02 2.666670650575122181e+02 2.969170650575122181e+02 3.364170650575122181e+02 3.409170650575122181e+02 3.144170650575122181e+02 7.417065057512218118e+00
3.455260451628279270e+02 3.312760451628279270e+02 3.122760451628279270e+02 3.045260451628279270e+02 3.452760451628279270e+02 1.002604516282792702e+01 1.527604516282792702e+01
0.000000000000000000e+00 0.000000000000000000e+00 0.000000000000000000e+00 0.000000000000000000e+00 0.000000000000000000e+00 0.000000000000000000e+00 0.000000000000000000e+00
0.000000000000000000e+00 0.000000000000000000e+00 0.000000000000000000e+00 0.000000000000000000e+00 0.000000000000000000e+00 0.000000000000000000e+00 0.000000000000000000e+00
3.220352560022314492e+01 4.535256002231449202e-01 3.472035256002231449e+02 3.544535256002231449e+02 4.495352560022314492e+01 3.720352560022314492e+01 3.494535256002231449e+02
1.548010910211326063e+01 1.198010910211326063e+01 1.548010910211326063e+01 2.730109102113260633e+00 9.230109102113260633e+00 1.473010910211326063e+01 1.398010910211326063e+01
1.396310926064933255e+01 1.171310926064933255e+01 3.199631092606493326e+02 1.463109260649332555e+00 2.596310926064933255e+01 3.946310926064933255e+01 6.271310926064933255e+01
0.000000000000000000e+00 0.000000000000000000e+00 0.000000000000000000e+00 0.000000000000000000e+00 0.000000000000000000e+00 0.000000000000000000e+00 0.000000000000000000e+00
3.389573014813643113e+02 3.017073014813643113e+02 2.812073014813643113e+02 2.892073014813643113e+02 3.387073014813643113e+02 3.567073014813643113e+02 3.577073014813643113e+02
1.689726412220505836e+01 2.339726412220505836e+01 1.939726412220505836e+01 1.147264122205058356e+00 7.897264122205058356e+00 3.564726412220505836e+01 3.558972641222050584e+02
0.000000000000000000e+00 0.000000000000000000e+00 0.000000000000000000e+00 0.000000000000000000e+00 0.000000000000000000e+00 0.000000000000000000e+00 0.000000000000000000e+00
0.000000000000000000e+00 0.000000000000000000e+00 0.000000000000000000e+00 0.000000000000000000e+00 0.000000000000000000e+00 0.000000000000000000e+00 0.000000000000000000e+00
0.000000000000000000e+00 0.000000000000000000e+00 0.000000000000000000e+00 0.000000000000000000e+00 0.000000000000000000e+00 0.000000000000000000e+00 0.000000000000000000e+00
0.000000000000000000e+00 0.000000000000000000e+00 0.000000000000000000e+00 0.000000000000000000e+00 0.000000000000000000e+00 0.000000000000000000e+00 0.000000000000000000e+00
2.067715756576183139e+01 1.117715756576183139e+01 5.677157565761831393e+00 3.554271575657618314e+02 1.992715756576183139e+01 3.067715756576183139e+01 8.677157565761831393e+00
5.928576755688322919e+01 3.578576755688322919e+01 3.432857675568832292e+02 3.435357675568832292e+02 3.447857675568832292e+02 3.502857675568832292e+02 3.530357675568832292e+02
1.070044008090053467e+01 2.195044008090053467e+01 2.020044008090053467e+01 9.700440080900534667e+00 1.795044008090053467e+01 2.270044008090053467e+01 2.524504400809005347e+02
3.329073093014377491e+02 3.336573093014377491e+02 3.341573093014377491e+02 3.366573093014377491e+02 3.461573093014377491e+02 5.657309301437749127e+00 2.907309301437749127e+00
0.000000000000000000e+00 0.000000000000000000e+00 0.000000000000000000e+00 0.000000000000000000e+00 0.000000000000000000e+00 0.000000000000000000e+00 0.000000000000000000e+00
2.307657410301408163e+01 8.326574103014081629e+00 7.076574103014081629e+00 4.826574103014081629e+00 3.595765741030140816e+02 3.575765741030140816e+02 7.657410301408162923e-02
0.000000000000000000e+00 0.000000000000000000e+00 0.000000000000000000e+00 0.000000000000000000e+00 0.000000000000000000e+00 0.000000000000000000e+00 0.000000000000000000e+00
2.698003022205932666e+01 3.584800302220593267e+02 3.522300302220593267e+02 2.230030222059326661e+00 6.480030222059326661e+00 9.230030222059326661e+00 7.300302220593266611e-01
6.977897180360571383e+00 1.872789718036057138e+01 3.972789718036057138e+01 2.672789718036057138e+01 2.122789718036057138e+01 7.647789718036057138e+01 2.772789718036057138e+01
