3.522253674776783896e+02 3.599753674776783896e+02 3.269753674776783896e+02 3.022253674776783896e+02 3.154753674776783896e+02 4.922536747767838960e+01 3.472536747767838960e+01
8.268243966286945579e-01 3.575768243966286946e+02 3.545768243966286946e+02 1.407682439662869456e+01 3.528268243966286946e+02 3.575768243966286946e+02 8.268243966286945579e-01
5.567808966696645712e-01 3.555567808966696930e+02 3.573067808966696930e+02 1.155678089666966457e+01 2.805678089666966457e+01 3.455678089666966457e+01 1.355678089666966457e+01
9.535745002873056819e+00 7.285745002873056819e+00 5.285745002873056819e+00 5.285745002873056819e+00 2.857450028730568192e-01 3.475357450028730568e+02 3.455357450028730568e+02
8.605705062714605447e+00 7.855705062714605447e+00 6.855705062714605447e+00 4.605705062714605447e+00 3.483557050627146054e+02 3.563557050627146054e+02 3.586057050627146054e+02
1.508458953033311900e+00 8.458953033311900072e-03 3.595084589530333119e+02 3.590084589530333119e+02 3.008458953033311900e+00 2.584589530333119001e-01 7.758458953033311900e+00
7.751847584160373117e+00 7.518475841603731169e-01 3.505018475841603731e+02 3.440018475841603731e+02 3.510018475841603731e+02 1.425184758416037312e+01 3.457518475841603731e+02
1.485607556766842663e+01 1.660607556766842663e+01 1.760607556766842663e+01 1.460607556766842663e+01 1.485607556766842663e+01 3.560607556766842663e+01 2.585607556766842663e+01
0.000000000000000000e+00 0.000000000000000000e+00 0.000000000000000000e+00 0.000000000000000000e+00 0.000000000000000000e+00 0.000000000000000000e+00 0.000000000000000000e+00
1.982300238199172782e-01 3.556982300238199173e+02 3.576982300238199173e+02 6.948230023819917278e+00 2.994823002381991728e+01 4.769823002381991728e+01 2.269823002381991728e+01
1.354626363750821838e+01 1.179626363750821838e+01 9.796263637508218380e+00 6.796263637508218380e+00 1.454626363750821838e+01 6.504626363750821838e+01 5.479626363750821838e+01
2.690028656898886084e+01 1.165028656898886084e+01 3.241502865689888608e+02 3.016502865689888608e+02 3.209002865689888608e+02 6.502865689888608358e-01 1.015028656898886084e+01
2.489661657227645719e+01 2.814661657227645719e+01 2.564661657227645719e+01 1.646616572276457191e+00 3.441466165722764572e+02 3.386466165722764572e+02 3.496466165722764572e+02
0.000000000000000000e+00 0.000000000000000000e+00 0.000000000000000000e+00 0.000000000000000000e+00 0.000000000000000000e+00 0.000000000000000000e+00 0.000000000000000000e+00
3.513253778460041303e+02 3.528253778460041303e+02 3.553253778460041303e+02 3.525753778460041303e+02 3.530753778460041303e+02 3.550753778460041303e+02 3.573253778460041303e+02
0.000000000000000000e+00 0.000000000000000000e+00 0.000000000000000000e+00 0.000000000000000000e+00 0.000000000000000000e+00 0.000000000000000000e+00 0.000000000000000000e+00
0.000000000000000000e+00 0.000000000000000000e+00 0.000000000000000000e+00 0.000000000000000000e+00 0.000000000000000000e+00 0.000000000000000000e+00 0.000000000000000000e+00
0.000000000000000000e+00 0.000000000000000000e+00 0.000000000000000000e+00 0.000000000000000000e+00 0.000000000000000000e+00 0.000000000000000000e+00 0.000000000000000000e+00
0.000000000000000000e+00 0.000000000000000000e+00 0.000000000000000000e+00 0.000000000000000000e+00 0.000000000000000000e+00 0.000000000000000000e+00 0.000000000000000000e+00
0.000000000000000000e+00 0.000000000000000000e+00 0.000000000000000000e+00 0.000000000000000000e+00 0.000000000000000000e+00 0.000000000000000000e+00 0.000000000000000000e+00
3.011214909868078848e+01 2.961214909868078848e+01 2.461214909868078848e+01 3.598621490986807885e+02 3.568621490986807885e+02 1.886214909868078848e+01 1.862149098680788484e+00
3.581751438738767774e+02 2.425143873876777434e+00 7.675143873876777434e+00 1.617514387387677743e+01 7.675143873876777434e+00 3.424251438738767774e+02 3.586751438738767774e+02
3.583524060133869966e+02 3.598524060133869966e+02 3.573524060133869966e+02 3.513524060133869966e+02 3.531024060133869966e+02 3.533524060133869966e+02 1.852406013386996619e+00
3.523370334263112227e+02 3.530870334263112227e+02 3.510870334263112227e+02 3.473370334263112227e+02 3.520870334263112227e+02 3.370334263112226836e-01 2.337033426311222684e+00
3.498926871420210318e+02 3.373926871420210318e+02 3.268926871420210318e+02 3.158926871420210318e+02 3.039268714202103183e+01 7.142687142021031832e+00 3.593926871420210318e+02
1.268222155113704730e+00 5.182221551137047300e-01 3.768222155113704730e+00 3.532682221551136763e+02 3.447682221551136763e+02 3.502682221551136763e+02 5.768222155113704730e+00
3.520277312541662695e+02 3.475277312541662695e+02 3.435277312541662695e+02 3.445277312541662695e+02 3.515277312541662695e+02 3.570277312541662695e+02 3.492777312541662695e+02
0.000000000000000000e+00 0.000000000000000000e+00 0.000000000000000000e+00 0.000000000000000000e+00 0.000000000000000000e+00 0.000000000000000000e+00 0.000000000000000000e+00
3.545202644934065006e+02 3.537702644934065006e+02 3.530202644934065006e+02 3.517702644934065006e+02 3.547702644934065006e+02 3.560202644934065006e+02 6.270264493406500605e+00
2.528561980540850129e+00 2.152856198054085013e+01 6.777856198054087145e+01 7.177856198054087145e+01 7.202856198054087145e+01 5.852856198054087145e+01 3.552785619805408714e+02
3.564882119718990339e+02 3.564882119718990339e+02 3.592382119718990339e+02 9.238211971899033870e+00 1.448821197189903387e+01 3.532382119718990339e+02 3.507382119718990339e+02
3.578862211582185182e+02 9.136221158218518212e+00 4.136221158218518212e+00 3.593862211582185182e+02 2.886221158218518212e+00 7.636221158218518212e+00 3.598862211582185182e+02
0.000000000000000000e+00 0.000000000000000000e+00 0.000000000000000000e+00 0.000000000000000000e+00 0.000000000000000000e+00 0.000000000000000000e+00 0.000000000000000000e+00
3.371945419155260311e+02 3.536945419155260311e+02 5.194541915526031062e+00 3.451945419155260311e+02 3.524445419155260311e+02 3.526945419155260311e+02 3.574445419155260311e+02
3.597620247342647417e+02 3.262024734264741710e+00 4.012024734264741710e+00 6.262024734264741710e+00 2.012024734264741710e+00 3.437620247342647417e+02 4.512024734264741710e+00
6.309738238634599838e+01 4.959738238634599838e+01 4.234738238634599838e+01 4.784738238634599838e+01 1.109738238634600904e+01 2.097382386346009042e+00 5.809738238634599838e+01
3.500904432875423140e+02 3.565904432875423140e+02 3.565904432875423140e+02 3.520904432875423140e+02 3.433404432875423140e+02 3.540904432875423140e+02 9.044328754231401035e-02
3.551449015023742959e+02 2.589490150237429589e+01 6.239490150237429589e+01 5.889490150237429589e+01 1.144901502374295887e+00 3.476449015023742959e+02 3.214490150237429589e+01
2.201042093591871662e+01 2.276042093591871662e+01 3.301042093591871662e+01 5.626042093591871662e+01 7.801042093591871662e+01 7.301042093591871662e+01 6.126042093591871662e+01
