2.239747423480309862e+00 3.584897474234803099e+02 3.372397474234803099e+02 3.469897474234803099e+02 3.559897474234803099e+02 3.739747423480309862e+00 9.489747423480309862e+00
3.518999501419447142e+02 3.463999501419447142e+02 1.139995014194471423e+01 2.939995014194471423e+01 1.939995014194471423e+01 1.114995014194471423e+01 2.514995014194471423e+01
0.000000000000000000e+00 0.000000000000000000e+00 0.000000000000000000e+00 0.000000000000000000e+00 0.000000000000000000e+00 0.000000000000000000e+00 0.000000000000000000e+00
0.000000000000000000e+00 0.000000000000000000e+00 0.000000000000000000e+00 0.000000000000000000e+00 0.000000000000000000e+00 0.000000000000000000e+00 0.000000000000000000e+00
1.650091872690529726e+01 2.000091872690529726e+01 2.509187269052972624e-01 3.505009187269052973e+02 4.875091872690529726e+01 3.150091872690529726e+01 2.677509187269052973e+02
0.000000000000000000e+00 0.000000000000000000e+00 0.000000000000000000e+00 0.000000000000000000e+00 0.000000000000000000e+00 0.000000000000000000e+00 0.000000000000000000e+00
3.140818885207748963e+02 3.160818885207748963e+02 8.083188852077489628e+01 5.483188852077489628e+01 4.581888520774896278e+00 3.448318885207748963e+02 3.408318885207748963e+02
6.003604993460385231e-01 1.485036049934603852e+01 3.060036049934603852e+01 4.635036049934603852e+01 3.035036049934603852e+01 4.210036049934603852e+01 2.906003604993460385e+02
0.000000000000000000e+00 0.000000000000000000e+00 0.000000000000000000e+00 0.000000000000000000e+00 0.000000000000000000e+00 0.000000000000000000e+00 0.000000000000000000e+00
0.000000000000000000e+00 0.000000000000000000e+00 0.000000000000000000e+00 0.000000000000000000e+00 0.000000000000000000e+00 0.000000000000000000e+00 0.000000000000000000e+00
2.339196822365977368e+00 9.089196822365977368e+00 3.483391968223659774e+02 3.138391968223659774e+02 3.230891968223659774e+02 3.525891968223659774e+02 3.138391968223659774e+02
5.942155576650583271e+01 7.142155576650583271e+01 6.717155576650583271e+01 7.171555766505832707e+00 3.444215557665058327e+02 3.421555766505832707e+00 3.561715557665058327e+02
3.426129775536898023e+02 2.862977553689802335e+00 3.112977553689802335e+00 3.361129775536898023e+02 3.528629775536898023e+02 3.516129775536898023e+02 3.483629775536898023e+02
3.550861804477247006e+02 3.473361804477247006e+02 3.440861804477247006e+02 3.483361804477247006e+02 3.548361804477247006e+02 3.585861804477247006e+02 5.586180447724700571e+00
3.555908206562706937e+02 4.840820656270693689e+00 3.500908206562706937e+02 3.460908206562706937e+02 3.535908206562706937e+02 2.840820656270693689e+00 1.590820656270693689e+00
0.000000000000000000e+00 0.000000000000000000e+00 0.000000000000000000e+00 0.000000000000000000e+00 0.000000000000000000e+00 0.000000000000000000e+00 0.000000000000000000e+00
0.000000000000000000e+00 0.000000000000000000e+00 0.000000000000000000e+00 0.000000000000000000e+00 0.000000000000000000e+00 0.000000000000000000e+00 0.000000000000000000e+00
3.564372299599182270e+02 1.187229959918226996e+00 3.591872299599182270e+02 3.937229959918226996e+00 2.918722995991822700e+01 3.529372299599182270e+02 3.576872299599182270e+02
3.359380218371214823e+02 3.376880218371214823e+02 3.306880218371214823e+02 3.529380218371214823e+02 3.938021837121482349e+00 3.561880218371214823e+02 3.599380218371214823e+02
0.000000000000000000e+00 0.000000000000000000e+00 0.000000000000000000e+00 0.000000000000000000e+00 0.000000000000000000e+00 0.000000000000000000e+00 0.000000000000000000e+00
0.000000000000000000e+00 0.000000000000000000e+00 0.000000000000000000e+00 0.000000000000000000e+00 0.000000000000000000e+00 0.000000000000000000e+00 0.000000000000000000e+00
3.477670019276411040e+02 3.585170019276411040e+02 1.151700192764110398e+01 1.476700192764110398e+01 7.101700192764110398e+01 2.076700192764110398e+01 8.601700192764110398e+01
1.534629000187362635e+01 4.346290001873626352e+00 3.590962900018736264e+02 6.096290001873626352e+00 3.583462900018736264e+02 3.578462900018736264e+02 3.515962900018736264e+02
0.000000000000000000e+00 0.000000000000000000e+00 0.000000000000000000e+00 0.000000000000000000e+00 0.000000000000000000e+00 0.000000000000000000e+00 0.000000000000000000e+00
2.470129513488245721e+00 3.594701295134882457e+02 3.527201295134882457e+02 3.474701295134882457e+02 3.312201295134882457e+02 1.747012951348824572e+01 9.347012951348824572e+01
3.384873336343051733e+02 3.589873336343051733e+02 3.592373336343051733e+02 2.487333634305173291e+00 2.523733363430517329e+01 3.123733363430517329e+01 2.419873336343051733e+02
0.000000000000000000e+00 0.000000000000000000e+00 0.000000000000000000e+00 0.000000000000000000e+00 0.000000000000000000e+00 0.000000000000000000e+00 0.000000000000000000e+00
0.000000000000000000e+00 0.000000000000000000e+00 0.000000000000000000e+00 0.000000000000000000e+00 0.000000000000000000e+00 0.000000000000000000e+00 0.000000000000000000e+00
3.318185178970159086e+02 3.445685178970159086e+02 3.513185178970159086e+02 3.520685178970159086e+02 3.400685178970159086e+02 3.375685178970159086e+02 3.503185178970159086e+02
3.434211593321880400e+02 3.574211593321880400e+02 6.671159332188011604e+00 8.171159332188011604e+00 7.171159332188011604e+00 6.711593321880116036e-01 3.569211593321880400e+02
0.000000000000000000e+00 0.000000000000000000e+00 0.000000000000000000e+00 0.000000000000000000e+00 0.000000000000000000e+00 0.000000000000000000e+00 0.000000000000000000e+00
3.547884305029515417e+02 3.545384305029515417e+02 3.482884305029515417e+02 3.442884305029515417e+02 3.445384305029515417e+02 3.470384305029515417e+02 4.788430502951513290e+00
0.000000000000000000e+00 0.000000000000000000e+00 0.000000000000000000e+00 0.000000000000000000e+00 0.000000000000000000e+00 0.000000000000000000e+00 0.000000000000000000e+00
4.789270755819643455e-01 7.228927075581964345e+00 3.444789270755819643e+02 3.372289270755819643e+02 3.289789270755819643e+02 4.478927075581964345e+00 2.347892707558196435e+01
1.376181818354064035e+01 3.597618181835406403e+02 3.487618181835406403e+02 2.011818183540640348e+00 8.511818183540640348e+00 8.261818183540640348e+00 1.011818183540640348e+00
3.438102761105047875e+02 3.448102761105047875e+02 3.333102761105047875e+02 3.068102761105047875e+02 3.005602761105047875e+02 3.583102761105047875e+02 3.493102761105047875e+02
3.465628049928579912e+02 3.495628049928579912e+02 3.473128049928579912e+02 3.580628049928579912e+02 3.306280499285799124e+01 7.606280499285799124e+01 3.281280499285799124e+01
3.456465214850084635e+02 3.526465214850084635e+02 5.146521485008463515e+00 3.581465214850084635e+02 3.588965214850084635e+02 3.543965214850084635e+02 3.526465214850084635e+02
3.021785137708997127e+01 2.896785137708997127e+01 3.562178513770899713e+02 3.589678513770899713e+02 3.717851377089971265e+00 1.421785137708997127e+01 2.446785137708997127e+01
0.000000000000000000e+00 0.000000000000000000e+00 0.000000000000000000e+00 0.000000000000000000e+00 0.000000000000000000e+00 0.000000000000000000e+00 0.000000000000000000e+00
3.538787178472040864e+02 2.878717847204086411e+00 3.518787178472040864e+02 3.521287178472040864e+02 3.573787178472040864e+02 3.128717847204086411e+00 3.128717847204086411e+00
0.000000000000000000e+00 0.000000000000000000e+00 0.000000000000000000e+00 0.000000000000000000e+00 0.000000000000000000e+00 0.000000000000000000e+00 0.000000000000000000e+00
0.000000000000000000e+00 0.000000000000000000e+00 0.000000000000000000e+00 0.000000000000000000e+00 0.000000000000000000e+00 0.000000000000000000e+00 0.000000000000000000e+00
2.123905487726625552e+01 1.398905487726625552e+01 1.498905487726625552e+01 3.452390548772662555e+02 2.298905487726625552e+01 3.173905487726625552e+01 3.998905487726625552e+01
3.487298000160080846e+00 3.574872980001600808e+02 7.987298000160080846e+00 1.237298000160080846e+00 3.587372980001600808e+02 3.462372980001600808e+02 1.948729800016008085e+01
2.760896151875442683e+00 3.507608961518754427e+02 3.760896151875442683e+00 6.760896151875442683e+00 5.260896151875442683e+00 3.510896151875442683e+00 3.565108961518754427e+02
3.574951255447435869e+02 6.245125544743586943e+00 2.099512554474358694e+01 6.495125544743586943e+00 3.532451255447435869e+02 3.457451255447435869e+02 1.774512554474358694e+01
3.427458393343642911e+02 3.434958393343642911e+02 3.349583933436429106e+01 2.649583933436429106e+01 3.579958393343642911e+02 2.874583933436429106e+01 1.874583933436429106e+01
2.456320356337323574e+01 1.881320356337323574e+01 2.156320356337323574e+01 6.681320356337323574e+01 6.956320356337323574e+01 2.456320356337323574e+01 3.225632035633732357e+02
0.000000000000000000e+00 0.000000000000000000e+00 0.000000000000000000e+00 0.000000000000000000e+00 0.000000000000000000e+00 0.000000000000000000e+00 0.000000000000000000e+00
3.545684096160152308e+02 5.818409616015230768e+00 3.553184096160152308e+02 3.563184096160152308e+02 3.560684096160152308e+02 3.560684096160152308e+02 2.318409616015230768e+00
3.941281348874895230e+00 1.219128134887489523e+01 2.269128134887489523e+01 2.044128134887489523e+01 1.044128134887489523e+01 1.619128134887489523e+01 3.569412813488748952e+02
3.211201963100532453e+02 3.478701963100532453e+02 3.401201963100532453e+02 3.333701963100532453e+02 3.568701963100532453e+02 2.187019631005324527e+01 1.870196310053245270e+00
1.129661518766056361e-01 3.588629661518766056e+02 3.596129661518766056e+02 3.573629661518766056e+02 3.558629661518766056e+02 3.573629661518766056e+02 3.629661518766056361e-01
6.706721995187933771e+00 5.956721995187933771e+00 3.120672199518793377e+01 3.320672199518793377e+01 1.595672199518793377e+01 3.645672199518793377e+01 6.145672199518793377e+01
1.984830169732322247e+01 3.558483016973232225e+02 3.595983016973232225e+02 7.848301697323222470e+00 3.483016973232224700e-01 1.134830169732322247e+01 2.284830169732322247e+01
1.356814713525693605e+00 3.498568147135256936e+02 3.281068147135256936e+02 3.533568147135256936e+02 3.576068147135256936e+02 3.506068147135256936e+02 3.443568147135256936e+02
3.597007903829365318e+02 3.497007903829365318e+02 3.279507903829365318e+02 3.529507903829365318e+02 3.572007903829365318e+02 3.502007903829365318e+02 3.439507903829365318e+02
0.000000000000000000e+00 0.000000000000000000e+00 0.000000000000000000e+00 0.000000000000000000e+00 0.000000000000000000e+00 0.000000000000000000e+00 0.000000000000000000e+00
3.531723501151188316e+02 3.456723501151188316e+02 3.411723501151188316e+02 3.394223501151188316e+02 3.274223501151188316e+02 3.524223501151188316e+02 3.451723501151188316e+02
0.000000000000000000e+00 0.000000000000000000e+00 0.000000000000000000e+00 0.000000000000000000e+00 0.000000000000000000e+00 0.000000000000000000e+00 0.000000000000000000e+00
3.540985982474870752e+02 1.848598247487075241e+00 3.578485982474870752e+02 3.593485982474870752e+02 3.480985982474870752e+02 5.098598247487075241e+00 1.109859824748707524e+01
0.000000000000000000e+00 0.000000000000000000e+00 0.000000000000000000e+00 0.000000000000000000e+00 0.000000000000000000e+00 0.000000000000000000e+00 0.000000000000000000e+00
3.998913335983615980e+00 2.749891333598361598e+01 9.074891333598361598e+01 9.774891333598361598e+01 1.272489133359836160e+02 2.944989133359836160e+02 1.367489133359836160e+02
0.000000000000000000e+00 0.000000000000000000e+00 0.000000000000000000e+00 0.000000000000000000e+00 0.000000000000000000e+00 0.000000000000000000e+00 0.000000000000000000e+00
0.000000000000000000e+00 0.000000000000000000e+00 0.000000000000000000e+00 0.000000000000000000e+00 0.000000000000000000e+00 0.000000000000000000e+00 0.000000000000000000e+00
1.155802620707959250e+01 2.530802620707959250e+01 1.780802620707959250e+01 2.058026207079592496e+00 3.500580262070795925e+02 3.145580262070795925e+02 9.808026207079592496e+00
3.276670011190099103e+02 2.736670011190099103e+02 2.956670011190099103e+02 2.689170011190099103e+02 3.494170011190099103e+02 5.116700111900991033e+01 7.716700111900991033e+01
3.722424794739822573e+00 3.582224247947398226e+02 3.414724247947398226e+02 3.319724247947398226e+02 3.522224247947398226e+02 2.522242479473982257e+01 3.197242479473982257e+01
0.000000000000000000e+00 0.000000000000000000e+00 0.000000000000000000e+00 0.000000000000000000e+00 0.000000000000000000e+00 0.000000000000000000e+00 0.000000000000000000e+00
1.144045476356740210e+01 1.194045476356740210e+01 4.440454763567402097e+00 3.599404547635674021e+02 3.594404547635674021e+02 3.399404547635674021e+02 9.269045476356740210e+01
0.000000000000000000e+00 0.000000000000000000e+00 0.000000000000000000e+00 0.000000000000000000e+00 0.000000000000000000e+00 0.000000000000000000e+00 0.000000000000000000e+00
0.000000000000000000e+00 0.000000000000000000e+00 0.000000000000000000e+00 0.000000000000000000e+00 0.000000000000000000e+00 0.000000000000000000e+00 0.000000000000000000e+00
1.145383112722549868e+01 9.953831127225498676e+00 7.703831127225498676e+00 8.295383112722549868e+01 1.644538311272254987e+02 1.359538311272254987e+02 1.304538311272254987e+02
0.000000000000000000e+00 0.000000000000000000e+00 0.000000000000000000e+00 0.000000000000000000e+00 0.000000000000000000e+00 0.000000000000000000e+00 0.000000000000000000e+00
2.662864824933990349e+00 1.166286482493399035e+01 3.581628648249339903e+02 3.571628648249339903e+02 1.016286482493399035e+01 3.016286482493399035e+01 2.641286482493399035e+01
3.393106241044675357e+02 3.205606241044675357e+02 3.533106241044675357e+02 3.308106241044675357e+02 2.243106241044675357e+02 2.043106241044675357e+02 3.465606241044675357e+02
4.916824627022185723e+01 5.416824627022185723e+01 6.441824627022185723e+01 3.254182462702218572e+02 2.864182462702218572e+02 3.421682462702218572e+02 3.524182462702218572e+02
2.872820735988170782e+00 3.122820735988170782e+00 3.538728207359881708e+02 3.531228207359881708e+02 3.506228207359881708e+02 3.533728207359881708e+02 3.506228207359881708e+02
3.578817695407686870e+02 3.558817695407686870e+02 3.881769540768686966e+00 3.338817695407686870e+02 8.963176954076868697e+01 9.188176954076868697e+01 1.131769540768686966e+00
0.000000000000000000e+00 0.000000000000000000e+00 0.000000000000000000e+00 0.000000000000000000e+00 0.000000000000000000e+00 0.000000000000000000e+00 0.000000000000000000e+00
3.594240802564513615e+02 3.521740802564513615e+02 1.740802564513614925e-01 6.174080256451361493e+00 7.924080256451361493e+00 7.174080256451361493e+00 3.924080256451361493e+00
1.169928580987341320e+02 2.014928580987341320e+02 3.532428580987341320e+02 1.174285809873413200e+01 2.212428580987341320e+02 1.964928580987341320e+02 2.599285809873413200e+01
1.532192630384537324e+01 1.571926303845373241e+00 3.493219263038453732e+02 3.555719263038453732e+02 2.571926303845373241e+00 3.503219263038453732e+02 3.388219263038453732e+02
1.284161498268883861e+01 1.284161498268883861e+01 2.359161498268883861e+01 2.234161498268883861e+01 4.559161498268883861e+01 3.578416149826888386e+02 6.341614982688838609e+00
3.556366047861799302e+02 3.453866047861799302e+02 4.388660478617993022e+01 3.738660478617993022e+01 1.488660478617993022e+01 3.423866047861799302e+02 3.866047861799302154e-01
3.555302609560735618e+02 3.437802609560735618e+02 4.503026095607356183e+01 3.778026095607356183e+01 1.303026095607356183e+01 3.430302609560735618e+02 7.802609560735618288e-01
3.447203109385160928e+02 2.970310938516092847e+00 5.272031093851609285e+01 4.747031093851609285e+01 2.220310938516092847e+00 4.397031093851609285e+01 5.722031093851609285e+01
0.000000000000000000e+00 0.000000000000000000e+00 0.000000000000000000e+00 0.000000000000000000e+00 0.000000000000000000e+00 0.000000000000000000e+00 0.000000000000000000e+00
0.000000000000000000e+00 0.000000000000000000e+00 0.000000000000000000e+00 0.000000000000000000e+00 0.000000000000000000e+00 0.000000000000000000e+00 0.000000000000000000e+00
0.000000000000000000e+00 0.000000000000000000e+00 0.000000000000000000e+00 0.000000000000000000e+00 0.000000000000000000e+00 0.000000000000000000e+00 0.000000000000000000e+00
1.067730289957717105e+01 7.677302899577171047e+00 1.242730289957717105e+01 3.311773028995771710e+02 3.319273028995771710e+02 9.692730289957717105e+01 1.061773028995771710e+02
3.599260769234491022e+02 1.167607692344910220e+01 1.117607692344910220e+01 1.442607692344910220e+01 3.231760769234491022e+02 3.024260769234491022e+02 3.534260769234491022e+02
6.631437018168981012e+00 3.526314370181689810e+02 1.314370181689810124e-01 3.471314370181689810e+02 3.496314370181689810e+02 3.578814370181689810e+02 3.501314370181689810e+02
0.000000000000000000e+00 0.000000000000000000e+00 0.000000000000000000e+00 0.000000000000000000e+00 0.000000000000000000e+00 0.000000000000000000e+00 0.000000000000000000e+00
3.507383349592450941e+02 2.238334959245094069e+00 3.429883349592450941e+02 3.447383349592450941e+02 3.477383349592450941e+02 5.238334959245094069e+00 3.584883349592450941e+02
3.525362636245898216e+02 3.595362636245898216e+02 3.570362636245898216e+02 3.407862636245898216e+02 3.310362636245898216e+02 3.497862636245898216e+02 3.480362636245898216e+02
4.976231979898062718e+01 3.876231979898062718e+01 3.201231979898062718e+01 9.262319798980627183e+00 7.623197989806271835e-01 3.500123197989806272e+02 3.585123197989806272e+02
1.946147367084869302e+02 1.608647367084869302e+02 2.011147367084869302e+02 8.311473670848693018e+01 6.986473670848693018e+01 5.986473670848693018e+01 3.156147367084869302e+02
1.606058417606254807e+01 2.756058417606254807e+01 2.256058417606254807e+01 2.810584176062548067e+00 3.593105841760625481e+02 2.060584176062548067e+00 3.528105841760625481e+02
2.528596376932739531e+01 2.428596376932739531e+01 7.285963769327395312e+00 3.785963769327395312e+00 3.597859637693273953e+02 3.572859637693273953e+02 3.507859637693273953e+02
2.968539118622300066e+01 2.368539118622300066e+01 2.185391186223000659e+00 3.519353911862230007e+02 3.554353911862230007e+02 3.574353911862230007e+02 3.496853911862230007e+02
2.290986704570582333e+01 4.865986704570582333e+01 3.076598670457058233e+02 3.199098670457058233e+02 3.364098670457058233e+02 2.791598670457058233e+02 3.965986704570582333e+01
5.450548556094361174e+00 3.584505485560943612e+02 3.399505485560943612e+02 3.402005485560943612e+02 3.444505485560943612e+02 6.450548556094361174e+00 2.120054855609436117e+01
2.220434961166722587e+01 8.454349611667225872e+00 1.120434961166722587e+01 3.342043496116672259e+02 3.369543496116672259e+02 3.374543496116672259e+02 3.177043496116672259e+02
0.000000000000000000e+00 0.000000000000000000e+00 0.000000000000000000e+00 0.000000000000000000e+00 0.000000000000000000e+00 0.000000000000000000e+00 0.000000000000000000e+00
3.493504120763681726e+02 3.558504120763681726e+02 3.538504120763681726e+02 3.810041207636817262e+01 4.560041207636817262e+01 4.310041207636817262e+01 2.960041207636817262e+01
2.884907598021015929e+01 4.059907598021015929e+01 2.934907598021015929e+01 2.084907598021015929e+01 3.234907598021015929e+01 3.259907598021015929e+01 1.834907598021015929e+01
3.439480327690742456e+02 3.511980327690742456e+02 1.019803276907424561e+01 1.669803276907424561e+01 3.698032769074245607e+00 6.448032769074245607e+00 3.579480327690742456e+02
1.150889655450959026e+01 8.258896554509590260e+00 7.508896554509590260e+00 1.258896554509590260e+00 1.825889655450959026e+01 8.008896554509590260e+00 4.258896554509590260e+00
9.043998792870661418e+01 9.118998792870661418e+01 5.518998792870661418e+01 3.743998792870661418e+01 3.531899879287066142e+02 3.454399879287066142e+02 3.541899879287066142e+02
0.000000000000000000e+00 0.000000000000000000e+00 0.000000000000000000e+00 0.000000000000000000e+00 0.000000000000000000e+00 0.000000000000000000e+00 0.000000000000000000e+00
0.000000000000000000e+00 0.000000000000000000e+00 0.000000000000000000e+00 0.000000000000000000e+00 0.000000000000000000e+00 0.000000000000000000e+00 0.000000000000000000e+00
3.523817009539562832e+02 5.631700953956283229e+00 7.131700953956283229e+00 3.578817009539562832e+02 3.343817009539562832e+02 4.631700953956283229e+00 3.511317009539562832e+02
0.000000000000000000e+00 0.000000000000000000e+00 0.000000000000000000e+00 0.000000000000000000e+00 0.000000000000000000e+00 0.000000000000000000e+00 0.000000000000000000e+00
3.273371843678663708e+02 3.333371843678663708e+02 3.413371843678663708e+02 3.520871843678663708e+02 3.308371843678663708e+02 3.040871843678663708e+02 1.308371843678663708e+02
3.513512699721907211e+02 3.406012699721907211e+02 3.466012699721907211e+02 3.581012699721907211e+02 3.588512699721907211e+02 3.601269972190721091e+00 2.908512699721907211e+02
3.457527350504832384e+02 3.370027350504832384e+02 3.470027350504832384e+02 4.252735050483238410e+00 2.875273505048323841e+01 3.565027350504832384e+02 3.505027350504832384e+02
0.000000000000000000e+00 0.000000000000000000e+00 0.000000000000000000e+00 0.000000000000000000e+00 0.000000000000000000e+00 0.000000000000000000e+00 0.000000000000000000e+00
3.490727841362740946e+02 3.498227841362740946e+02 5.072784136274094635e+00 7.572784136274094635e+00 1.207278413627409464e+01 2.257278413627409464e+01 2.132278413627409464e+01
3.388527486823371646e+02 3.383527486823371646e+02 3.318527486823371646e+02 3.211027486823371646e+02 3.028527486823371646e+02 1.860274868233716461e+01 4.860274868233716461e+01
3.594362531375041954e+02 3.541862531375041954e+02 3.416862531375041954e+02 3.519362531375041954e+02 3.556862531375041954e+02 1.868625313750419537e+01 5.243625313750419537e+01
3.839489696033751898e+00 3.378394896960337519e+02 3.428394896960337519e+02 3.493394896960337519e+02 3.510894896960337519e+02 3.570894896960337519e+02 2.339489696033751898e+00
1.596548491794249003e+01 5.746548491794249003e+01 4.521548491794249003e+01 2.021548491794249003e+01 3.067154849179424900e+02 2.837154849179424900e+02 3.307154849179424900e+02
8.232821993393940829e+00 4.482821993393940829e+00 9.982821993393940829e+00 9.982821993393940829e+00 3.589828219933939408e+02 3.547328219933939408e+02 3.534828219933939408e+02
3.596006507948682724e+02 3.538506507948682724e+02 3.561006507948682724e+02 3.566006507948682724e+02 3.491006507948682724e+02 3.573506507948682724e+02 3.511006507948682724e+02
3.381449086874649765e+02 3.521449086874649765e+02 3.588949086874649765e+02 3.468949086874649765e+02 3.388949086874649765e+02 4.894908687464976538e+00 1.139490868746497654e+01
3.293284164693309322e+02 2.578416469330932159e+00 3.560784164693309322e+02 3.343284164693309322e+02 3.580784164693309322e+02 1.307841646933093216e+01 3.540784164693309322e+02
3.589914930328838523e+02 3.582414930328838523e+02 3.599914930328838523e+02 3.522414930328838523e+02 3.472414930328838523e+02 3.474914930328838523e+02 3.509914930328838523e+02
3.198224370395514597e+02 3.255724370395514597e+02 3.470724370395514597e+02 3.932243703955145975e+01 3.382243703955145975e+01 8.072437039551459748e+00 3.075724370395514597e+02
0.000000000000000000e+00 0.000000000000000000e+00 0.000000000000000000e+00 0.000000000000000000e+00 0.000000000000000000e+00 0.000000000000000000e+00 0.000000000000000000e+00
0.000000000000000000e+00 0.000000000000000000e+00 0.000000000000000000e+00 0.000000000000000000e+00 0.000000000000000000e+00 0.000000000000000000e+00 0.000000000000000000e+00
0.000000000000000000e+00 0.000000000000000000e+00 0.000000000000000000e+00 0.000000000000000000e+00 0.000000000000000000e+00 0.000000000000000000e+00 0.000000000000000000e+00
0.000000000000000000e+00 0.000000000000000000e+00 0.000000000000000000e+00 0.000000000000000000e+00 0.000000000000000000e+00 0.000000000000000000e+00 0.000000000000000000e+00
0.000000000000000000e+00 0.000000000000000000e+00 0.000000000000000000e+00 0.000000000000000000e+00 0.000000000000000000e+00 0.000000000000000000e+00 0.000000000000000000e+00
0.000000000000000000e+00 0.000000000000000000e+00 0.000000000000000000e+00 0.000000000000000000e+00 0.000000000000000000e+00 0.000000000000000000e+00 0.000000000000000000e+00
0.000000000000000000e+00 0.000000000000000000e+00 0.000000000000000000e+00 0.000000000000000000e+00 0.000000000000000000e+00 0.000000000000000000e+00 0.000000000000000000e+00
0.000000000000000000e+00 0.000000000000000000e+00 0.000000000000000000e+00 0.000000000000000000e+00 0.000000000000000000e+00 0.000000000000000000e+00 0.000000000000000000e+00
0.000000000000000000e+00 0.000000000000000000e+00 0.000000000000000000e+00 0.000000000000000000e+00 0.000000000000000000e+00 0.000000000000000000e+00 0.000000000000000000e+00
0.000000000000000000e+00 0.000000000000000000e+00 0.000000000000000000e+00 0.000000000000000000e+00 0.000000000000000000e+00 0.000000000000000000e+00 0.000000000000000000e+00
0.000000000000000000e+00 0.000000000000000000e+00 0.000000000000000000e+00 0.000000000000000000e+00 0.000000000000000000e+00 0.000000000000000000e+00 0.000000000000000000e+00
0.000000000000000000e+00 0.000000000000000000e+00 0.000000000000000000e+00 0.000000000000000000e+00 0.000000000000000000e+00 0.000000000000000000e+00 0.000000000000000000e+00
0.000000000000000000e+00 0.000000000000000000e+00 0.000000000000000000e+00 0.000000000000000000e+00 0.000000000000000000e+00 0.000000000000000000e+00 0.000000000000000000e+00
0.000000000000000000e+00 0.000000000000000000e+00 0.000000000000000000e+00 0.000000000000000000e+00 0.000000000000000000e+00 0.000000000000000000e+00 0.000000000000000000e+00
0.000000000000000000e+00 0.000000000000000000e+00 0.000000000000000000e+00 0.000000000000000000e+00 0.000000000000000000e+00 0.000000000000000000e+00 0.000000000000000000e+00
0.000000000000000000e+00 0.000000000000000000e+00 0.000000000000000000e+00 0.000000000000000000e+00 0.000000000000000000e+00 0.000000000000000000e+00 0.000000000000000000e+00
0.000000000000000000e+00 0.000000000000000000e+00 0.000000000000000000e+00 0.000000000000000000e+00 0.000000000000000000e+00 0.000000000000000000e+00 0.000000000000000000e+00
0.000000000000000000e+00 0.000000000000000000e+00 0.000000000000000000e+00 0.000000000000000000e+00 0.000000000000000000e+00 0.000000000000000000e+00 0.000000000000000000e+00
0.000000000000000000e+00 0.000000000000000000e+00 0.000000000000000000e+00 0.000000000000000000e+00 0.000000000000000000e+00 0.000000000000000000e+00 0.000000000000000000e+00
0.000000000000000000e+00 0.000000000000000000e+00 0.000000000000000000e+00 0.000000000000000000e+00 0.000000000000000000e+00 0.000000000000000000e+00 0.000000000000000000e+00
0.000000000000000000e+00 0.000000000000000000e+00 0.000000000000000000e+00 0.000000000000000000e+00 0.000000000000000000e+00 0.000000000000000000e+00 0.000000000000000000e+00
0.000000000000000000e+00 0.000000000000000000e+00 0.000000000000000000e+00 0.000000000000000000e+00 0.000000000000000000e+00 0.000000000000000000e+00 0.000000000000000000e+00
0.000000000000000000e+00 0.000000000000000000e+00 0.000000000000000000e+00 0.000000000000000000e+00 0.000000000000000000e+00 0.000000000000000000e+00 0.000000000000000000e+00
0.000000000000000000e+00 0.000000000000000000e+00 0.000000000000000000e+00 0.000000000000000000e+00 0.000000000000000000e+00 0.000000000000000000e+00 0.000000000000000000e+00
0.000000000000000000e+00 0.000000000000000000e+00 0.000000000000000000e+00 0.000000000000000000e+00 0.000000000000000000e+00 0.000000000000000000e+00 0.000000000000000000e+00
0.000000000000000000e+00 0.000000000000000000e+00 0.000000000000000000e+00 0.000000000000000000e+00 0.000000000000000000e+00 0.000000000000000000e+00 0.000000000000000000e+00
0.000000000000000000e+00 0.000000000000000000e+00 0.000000000000000000e+00 0.000000000000000000e+00 0.000000000000000000e+00 0.000000000000000000e+00 0.000000000000000000e+00
0.000000000000000000e+00 0.000000000000000000e+00 0.000000000000000000e+00 0.000000000000000000e+00 0.000000000000000000e+00 0.000000000000000000e+00 0.000000000000000000e+00
0.000000000000000000e+00 0.000000000000000000e+00 0.000000000000000000e+00 0.000000000000000000e+00 0.000000000000000000e+00 0.000000000000000000e+00 0.000000000000000000e+00
0.000000000000000000e+00 0.000000000000000000e+00 0.000000000000000000e+00 0.000000000000000000e+00 0.000000000000000000e+00 0.000000000000000000e+00 0.000000000000000000e+00
0.000000000000000000e+00 0.000000000000000000e+00 0.000000000000000000e+00 0.000000000000000000e+00 0.000000000000000000e+00 0.000000000000000000e+00 0.000000000000000000e+00
0.000000000000000000e+00 0.000000000000000000e+00 0.000000000000000000e+00 0.000000000000000000e+00 0.000000000000000000e+00 0.000000000000000000e+00 0.000000000000000000e+00
0.000000000000000000e+00 0.000000000000000000e+00 0.000000000000000000e+00 0.000000000000000000e+00 0.000000000000000000e+00 0.000000000000000000e+00 0.000000000000000000e+00
0.000000000000000000e+00 0.000000000000000000e+00 0.000000000000000000e+00 0.000000000000000000e+00 0.000000000000000000e+00 0.000000000000000000e+00 0.000000000000000000e+00
0.000000000000000000e+00 0.000000000000000000e+00 0.000000000000000000e+00 0.000000000000000000e+00 0.000000000000000000e+00 0.000000000000000000e+00 0.000000000000000000e+00
0.000000000000000000e+00 0.000000000000000000e+00 0.000000000000000000e+00 0.000000000000000000e+00 0.000000000000000000e+00 0.000000000000000000e+00 0.000000000000000000e+00
0.000000000000000000e+00 0.000000000000000000e+00 0.000000000000000000e+00 0.000000000000000000e+00 0.000000000000000000e+00 0.000000000000000000e+00 0.000000000000000000e+00
0.000000000000000000e+00 0.000000000000000000e+00 0.000000000000000000e+00 0.000000000000000000e+00 0.000000000000000000e+00 0.000000000000000000e+00 0.000000000000000000e+00
0.000000000000000000e+00 0.000000000000000000e+00 0.000000000000000000e+00 0.000000000000000000e+00 0.000000000000000000e+00 0.000000000000000000e+00 0.000000000000000000e+00
0.000000000000000000e+00 0.000000000000000000e+00 0.000000000000000000e+00 0.000000000000000000e+00 0.000000000000000000e+00 0.000000000000000000e+00 0.000000000000000000e+00
0.000000000000000000e+00 0.000000000000000000e+00 0.000000000000000000e+00 0.000000000000000000e+00 0.000000000000000000e+00 0.000000000000000000e+00 0.000000000000000000e+00
0.000000000000000000e+00 0.000000000000000000e+00 0.000000000000000000e+00 0.000000000000000000e+00 0.000000000000000000e+00 0.000000000000000000e+00 0.000000000000000000e+00
0.000000000000000000e+00 0.000000000000000000e+00 0.000000000000000000e+00 0.000000000000000000e+00 0.000000000000000000e+00 0.000000000000000000e+00 0.000000000000000000e+00
0.000000000000000000e+00 0.000000000000000000e+00 0.000000000000000000e+00 0.000000000000000000e+00 0.000000000000000000e+00 0.000000000000000000e+00 0.000000000000000000e+00
0.000000000000000000e+00 0.000000000000000000e+00 0.000000000000000000e+00 0.000000000000000000e+00 0.000000000000000000e+00 0.000000000000000000e+00 0.000000000000000000e+00
0.000000000000000000e+00 0.000000000000000000e+00 0.000000000000000000e+00 0.000000000000000000e+00 0.000000000000000000e+00 0.000000000000000000e+00 0.000000000000000000e+00
0.000000000000000000e+00 0.000000000000000000e+00 0.000000000000000000e+00 0.000000000000000000e+00 0.000000000000000000e+00 0.000000000000000000e+00 0.000000000000000000e+00
0.000000000000000000e+00 0.000000000000000000e+00 0.000000000000000000e+00 0.000000000000000000e+00 0.000000000000000000e+00 0.000000000000000000e+00 0.000000000000000000e+00
0.000000000000000000e+00 0.000000000000000000e+00 0.000000000000000000e+00 0.000000000000000000e+00 0.000000000000000000e+00 0.000000000000000000e+00 0.000000000000000000e+00
0.000000000000000000e+00 0.000000000000000000e+00 0.000000000000000000e+00 0.000000000000000000e+00 0.000000000000000000e+00 0.000000000000000000e+00 0.000000000000000000e+00
0.000000000000000000e+00 0.000000000000000000e+00 0.000000000000000000e+00 0.000000000000000000e+00 0.000000000000000000e+00 0.000000000000000000e+00 0.000000000000000000e+00
0.000000000000000000e+00 0.000000000000000000e+00 0.000000000000000000e+00 0.000000000000000000e+00 0.000000000000000000e+00 0.000000000000000000e+00 0.000000000000000000e+00
0.000000000000000000e+00 0.000000000000000000e+00 0.000000000000000000e+00 0.000000000000000000e+00 0.000000000000000000e+00 0.000000000000000000e+00 0.000000000000000000e+00
0.000000000000000000e+00 0.000000000000000000e+00 0.000000000000000000e+00 0.000000000000000000e+00 0.000000000000000000e+00 0.000000000000000000e+00 0.000000000000000000e+00
0.000000000000000000e+00 0.000000000000000000e+00 0.000000000000000000e+00 0.000000000000000000e+00 0.000000000000000000e+00 0.000000000000000000e+00 0.000000000000000000e+00
0.000000000000000000e+00 0.000000000000000000e+00 0.000000000000000000e+00 0.000000000000000000e+00 0.000000000000000000e+00 0.000000000000000000e+00 0.000000000000000000e+00
0.000000000000000000e+00 0.000000000000000000e+00 0.000000000000000000e+00 0.000000000000000000e+00 0.000000000000000000e+00 0.000000000000000000e+00 0.000000000000000000e+00
0.000000000000000000e+00 0.000000000000000000e+00 0.000000000000000000e+00 0.000000000000000000e+00 0.000000000000000000e+00 0.000000000000000000e+00 0.000000000000000000e+00
0.000000000000000000e+00 0.000000000000000000e+00 0.000000000000000000e+00 0.000000000000000000e+00 0.000000000000000000e+00 0.000000000000000000e+00 0.000000000000000000e+00
0.000000000000000000e+00 0.000000000000000000e+00 0.000000000000000000e+00 0.000000000000000000e+00 0.000000000000000000e+00 0.000000000000000000e+00 0.000000000000000000e+00
