7.682798866846237695e-01 4.806487340061688651e-01 4.121301960972639233e-01 5.310194585138551249e-01 2.715574130785696205e-01 3.429766134966054092e-01 2.220833187867233272e-01
9.708993386328625963e-01 9.526857109594834006e-01 8.847450993231196215e-01 7.194643567959316810e-01 5.372908167312981931e-01 3.903125673198092893e-01 3.761102957042908312e-01
9.788730176286388751e-01 9.735756373732011859e-01 9.539129161879218444e-01 9.272970226228918200e-01 8.574243652569033536e-01 8.544073724792607960e-01 9.302436681591079726e-01
9.737648314176817754e-01 9.700473475389512767e-01 9.517443448349213186e-01 8.857660649446693624e-01 7.986420951134064472e-01 5.333776140996185910e-01 1.530390081150889703e-01
9.723203200347573238e-01 9.643704890678294062e-01 9.520168746314366937e-01 9.108210634379264592e-01 8.728610737527597863e-01 4.252782703436627232e-01 5.385531806954910738e-01
9.757640310734763123e-01 9.850355234529838411e-01 9.856982510282870091e-01 9.866995591760402418e-01 9.469310868085856203e-01 7.502841261474082479e-01 3.881541602891965259e-01
9.754309913269825216e-01 9.725762575299411461e-01 9.619852748568074041e-01 9.225774029344946392e-01 7.502475159041154251e-01 5.662271484809505706e-01 9.770257391454795215e-02
9.367493547559241351e-01 9.268922512731836427e-01 8.882561087933722455e-01 8.029661638533138746e-01 6.950545812813173630e-01 7.996817145452573827e-01 6.618638894237506287e-01
0.000000000000000000e+00 0.000000000000000000e+00 0.000000000000000000e+00 0.000000000000000000e+00 0.000000000000000000e+00 0.000000000000000000e+00 0.000000000000000000e+00
9.809164261102247817e-01 9.684468904643331877e-01 9.390696816791666013e-01 9.019939910346606027e-01 7.951247419639646541e-01 7.014934973024702369e-01 7.980299014471945451e-01
9.294201659735535914e-01 9.306671203843026596e-01 9.263543414395772890e-01 8.992938529183192031e-01 5.591049857101564324e-01 3.114005134372699324e-01 1.869632328660872922e-01
5.879415740266229484e-01 4.430641625506103742e-01 4.601277754814682708e-01 5.237163776057995879e-01 5.667077277994880813e-01 6.658335759807642029e-01 5.397455517902590705e-01
9.076980531597208524e-01 8.477709631836709558e-01 6.691452966717362782e-01 4.762995574646169405e-01 4.768592736182376557e-01 7.104389108026716304e-01 9.412778541047651659e-01
0.000000000000000000e+00 0.000000000000000000e+00 0.000000000000000000e+00 0.000000000000000000e+00 0.000000000000000000e+00 0.000000000000000000e+00 0.000000000000000000e+00
9.831260435861998159e-01 9.890437178583734168e-01 9.954122554110355070e-01 9.951111041751632413e-01 9.838923220753994503e-01 9.723736177655286639e-01 9.050572220665101808e-01
0.000000000000000000e+00 0.000000000000000000e+00 0.000000000000000000e+00 0.000000000000000000e+00 0.000000000000000000e+00 0.000000000000000000e+00 0.000000000000000000e+00
0.000000000000000000e+00 0.000000000000000000e+00 0.000000000000000000e+00 0.000000000000000000e+00 0.000000000000000000e+00 0.000000000000000000e+00 0.000000000000000000e+00
0.000000000000000000e+00 0.000000000000000000e+00 0.000000000000000000e+00 0.000000000000000000e+00 0.000000000000000000e+00 0.000000000000000000e+00 0.000000000000000000e+00
0.000000000000000000e+00 0.000000000000000000e+00 0.000000000000000000e+00 0.000000000000000000e+00 0.000000000000000000e+00 0.000000000000000000e+00 0.000000000000000000e+00
0.000000000000000000e+00 0.000000000000000000e+00 0.000000000000000000e+00 0.000000000000000000e+00 0.000000000000000000e+00 0.000000000000000000e+00 0.000000000000000000e+00
9.634488268359014951e-01 9.481597753244934701e-01 9.057121413005694288e-01 9.245168029578315627e-01 9.437856212169917214e-01 9.517284942475054965e-01 8.970046388404215865e-01
9.393808450976622870e-01 9.415455146989536450e-01 9.275649905173044552e-01 8.962943950438274632e-01 6.955504840621539175e-01 3.337793216660122075e-01 4.722127268961806013e-01
9.422499868995922734e-01 9.295458906032249002e-01 8.894695910699077501e-01 8.753121781174835192e-01 9.379565807886658391e-01 8.335831842078866849e-01 7.103331500922006603e-01
9.357832651302088189e-01 9.373579292962673781e-01 9.431227956071306373e-01 9.068874305869782937e-01 8.359905873090335282e-01 7.694575189080844480e-01 4.179823821156422037e-01
8.430189882865362083e-01 7.702449235947949058e-01 7.189386670174265914e-01 6.485166542767478726e-01 8.318989195010523252e-01 7.339599163569536788e-01 8.122976221858239088e-01
9.485196475175967645e-01 9.410936674363100662e-01 7.082189615735375865e-01 7.642690073471364309e-01 8.932884612518707801e-01 5.935985326423476316e-01 3.415173774421267905e-01
9.751901895554917488e-01 9.606550398484590136e-01 9.407755356441298566e-01 8.850374729454195677e-01 8.116544573920677630e-01 6.727136065879979476e-01 4.302731991593669592e-01
0.000000000000000000e+00 0.000000000000000000e+00 0.000000000000000000e+00 0.000000000000000000e+00 0.000000000000000000e+00 0.000000000000000000e+00 0.000000000000000000e+00
8.959909594694043244e-01 9.380659264883071113e-01 9.738743759772724440e-01 9.800183318511476172e-01 9.462782972692058703e-01 7.236594503975534165e-01 3.668683904728881062e-01
9.603292505552284419e-01 9.484326529536268868e-01 8.481431111487515162e-01 5.695520408990337735e-01 3.972704120787116100e-01 3.649947718903580607e-01 2.763497957533661564e-01
9.693499694184716242e-01 9.735074766165878746e-01 9.693592912219618496e-01 9.599048926657668401e-01 9.309447970377742188e-01 6.237180370567977361e-01 7.010489530210901599e-01
9.454400145198128547e-01 9.757200645464766398e-01 9.699881640922538573e-01 9.592828605815870713e-01 8.728213573201618614e-01 7.048767122261320184e-01 5.731886165912953857e-01
0.000000000000000000e+00 0.000000000000000000e+00 0.000000000000000000e+00 0.000000000000000000e+00 0.000000000000000000e+00 0.000000000000000000e+00 0.000000000000000000e+00
7.980448311736728639e-01 7.882872930772563125e-01 7.926855070967225858e-01 8.957713737257898545e-01 9.706091396705509577e-01 9.692829092153757431e-01 9.386578025211376186e-01
9.804133764109936866e-01 9.804757708488289758e-01 9.679708091932522906e-01 8.190227263145941627e-01 4.837535990515321460e-01 3.943167760256197085e-01 5.530809550399987673e-01
5.134774315218307850e-01 4.075559294121189891e-01 4.282083330227530737e-01 4.952500230524374825e-01 6.081759740197091313e-01 5.533623894952416356e-01 2.584245491237133208e-01
5.441841652004435481e-01 6.698548330425517783e-01 8.672544239584784043e-01 9.641442243081482788e-01 9.839541104520214132e-01 9.654065224454462246e-01 9.681653828824788866e-01
9.566164972397268595e-01 9.580008587754821336e-01 9.565890714300236963e-01 8.710120043326474715e-01 8.190782901157619422e-01 4.771522963514465698e-01 5.236183470320148192e-01
8.827891657641647738e-01 6.929496911385398805e-01 6.176135355342290412e-01 7.786407960357706326e-01 8.165932951209875501e-01 7.026130752345488562e-01 5.289367114714709217e-01
