1.111518273780482957e+01 1.536518273780482957e+01 3.011518273780482957e+01 4.911518273780482957e+01 4.411518273780482957e+01 3.411151827378048438e+02 2.336518273780482957e+01
7.808208934568256154e+00 9.058208934568256154e+00 6.058208934568256154e+00 3.493082089345682562e+02 3.443082089345682562e+02 3.543082089345682562e+02 3.590582089345682562e+02
1.852600525019721545e+01 2.627600525019721545e+01 3.002600525019721545e+01 1.727600525019721545e+01 1.776005250197215446e+00 3.552760052501972154e+02 3.537760052501972154e+02
3.554616919568636035e+02 3.559616919568636035e+02 3.587116919568636035e+02 3.599616919568636035e+02 5.961691956863603536e+00 6.961691956863603536e+00 1.997116919568636035e+02
3.562854650932710001e+02 3.575354650932710001e+02 3.597854650932710001e+02 8.785465093271000114e+00 6.285465093271000114e+00 3.132854650932710001e+02 3.410354650932710001e+02
2.411734204304877949e+00 1.411734204304877949e+00 3.561617342043048779e+02 3.521617342043048779e+02 3.524117342043048779e+02 3.481617342043048779e+02 7.911734204304877949e+00
3.267973271702430793e+00 3.017973271702430793e+00 5.517973271702430793e+00 1.076797327170243079e+01 3.626797327170243079e+01 3.651797327170243079e+01 3.142679732717024308e+02
3.535127847192109130e+02 3.512627847192109130e+02 3.517627847192109130e+02 1.762784719210912954e+00 2.526278471921091295e+01 2.251278471921091295e+01 3.626278471921091295e+01
0.000000000000000000e+00 0.000000000000000000e+00 0.000000000000000000e+00 0.000000000000000000e+00 0.000000000000000000e+00 0.000000000000000000e+00 0.000000000000000000e+00
1.741387882844435353e+01 2.466387882844435353e+01 2.916387882844435353e+01 1.866387882844435353e+01 3.413878828444353530e+00 3.449138788284443535e+02 3.444138788284443535e+02
1.975774193499091780e+00 3.594757741934990918e+02 2.257741934990917798e-01 1.122577419349909178e+01 2.547577419349909178e+01 4.072577419349909178e+01 1.604757741934990918e+02
2.757562066197215245e+01 1.407562066197215245e+01 1.207562066197215245e+01 1.457562066197215245e+01 1.382562066197215245e+01 1.407562066197215245e+01 2.282562066197215245e+01
3.448224720707621600e+02 3.388224720707621600e+02 3.303224720707621600e+02 3.185724720707621600e+02 3.265724720707621600e+02 3.498224720707621600e+02 6.322472070762160001e+00
0.000000000000000000e+00 0.000000000000000000e+00 0.000000000000000000e+00 0.000000000000000000e+00 0.000000000000000000e+00 0.000000000000000000e+00 0.000000000000000000e+00
3.569615249330034885e+02 3.557115249330034885e+02 3.564615249330034885e+02 3.579615249330034885e+02 3.592115249330034885e+02 5.961524933003516935e+00 9.961524933003516935e+00
0.000000000000000000e+00 0.000000000000000000e+00 0.000000000000000000e+00 0.000000000000000000e+00 0.000000000000000000e+00 0.000000000000000000e+00 0.000000000000000000e+00
0.000000000000000000e+00 0.000000000000000000e+00 0.000000000000000000e+00 0.000000000000000000e+00 0.000000000000000000e+00 0.000000000000000000e+00 0.000000000000000000e+00
0.000000000000000000e+00 0.000000000000000000e+00 0.000000000000000000e+00 0.000000000000000000e+00 0.000000000000000000e+00 0.000000000000000000e+00 0.000000000000000000e+00
0.000000000000000000e+00 0.000000000000000000e+00 0.000000000000000000e+00 0.000000000000000000e+00 0.000000000000000000e+00 0.000000000000000000e+00 0.000000000000000000e+00
0.000000000000000000e+00 0.000000000000000000e+00 0.000000000000000000e+00 0.000000000000000000e+00 0.000000000000000000e+00 0.000000000000000000e+00 0.000000000000000000e+00
3.572019216317017936e+02 3.592019216317017936e+02 1.020192163170179356e+01 7.951921631701793558e+00 3.577019216317017936e+02 1.370192163170179356e+01 3.572019216317017936e+02
3.586446406486334695e+02 3.558946406486334695e+02 3.596446406486334695e+02 3.571446406486334695e+02 3.356446406486334695e+02 2.861446406486334695e+02 3.526446406486334695e+02
2.129444707168499917e+01 2.429444707168499917e+01 1.929444707168499917e+01 1.294447071684999173e+00 3.392944470716849992e+02 1.054444707168499917e+01 3.404444707168499917e+01
5.203062104297373480e-01 3.587703062104297373e+02 3.560203062104297373e+02 3.570203062104297373e+02 3.575203062104297373e+02 2.030621042973734802e-02 1.052030621042973735e+01
3.362156950681134049e+01 5.412156950681134049e+01 6.062156950681134049e+01 5.312156950681134049e+01 8.621569506811340489e+00 3.366215695068113405e+02 3.311215695068113405e+02
4.679415094484170368e+00 3.581794150944841704e+02 3.201794150944841704e+02 3.279294150944841704e+02 3.444294150944841704e+02 3.339294150944841704e+02 1.942941509448417037e+01
7.654831105616068498e+00 6.154831105616068498e+00 9.048311056160684984e-01 3.544048311056160401e+02 3.461548311056160401e+02 3.421548311056160401e+02 3.334048311056160401e+02
0.000000000000000000e+00 0.000000000000000000e+00 0.000000000000000000e+00 0.000000000000000000e+00 0.000000000000000000e+00 0.000000000000000000e+00 0.000000000000000000e+00
9.938298350541913351e+00 4.438298350541913351e+00 3.596882983505419134e+02 3.576882983505419134e+02 3.541882983505419134e+02 3.516882983505419134e+02 2.829382983505419134e+02
1.370767340020634606e+00 2.620767340020634606e+00 3.406207673400206204e+02 3.081207673400206204e+02 2.996207673400206204e+02 2.687076734002063461e+01 4.412076734002062040e+01
1.467097815943020578e+00 1.467097815943020578e+00 1.717097815943020578e+00 5.967097815943020578e+00 2.217097815943020578e+00 3.382170978159430206e+02 3.579670978159430206e+02
3.454585594821273276e+02 3.432085594821273276e+02 3.392085594821273276e+02 3.427085594821273276e+02 3.509585594821273276e+02 3.577085594821273276e+02 4.458559482127313345e+00
0.000000000000000000e+00 0.000000000000000000e+00 0.000000000000000000e+00 0.000000000000000000e+00 0.000000000000000000e+00 0.000000000000000000e+00 0.000000000000000000e+00
3.305006368781349693e+02 3.415006368781349693e+02 3.472506368781349693e+02 3.370006368781349693e+02 3.465006368781349693e+02 3.500006368781349693e+02 3.537506368781349693e+02
4.133640121533886713e+00 3.883640121533886713e+00 3.583836401215338583e+02 3.388836401215338583e+02 3.053836401215338583e+02 3.223836401215338583e+02 3.486336401215338583e+02
3.154584297349570079e+02 3.144584297349570079e+02 3.477084297349570079e+02 3.517084297349570079e+02 3.574584297349570079e+02 2.320842973495700789e+01 1.945842973495700789e+01
3.456283471173787234e+02 3.456283471173787234e+02 3.303783471173787234e+02 3.428783471173787234e+02 3.548783471173787234e+02 6.878347117378723397e+00 1.628347117378723397e+00
4.883078358578814004e+00 6.883078358578814004e+00 1.338307835857881400e+01 2.563307835857881400e+01 2.813307835857881400e+01 3.963307835857881400e+01 2.663307835857881400e+01
1.933158579126467203e+01 2.308158579126467203e+01 4.258158579126467203e+01 2.858158579126467203e+01 2.133158579126467203e+01 2.283158579126467203e+01 3.858158579126467203e+01
