2.162572234900884682e-01 7.976279649117996862e-02 7.061217094812530237e-02 2.043143815050985912e-01 3.013606477573885570e-02 2.579178608540495521e-01 2.268375103377001933e-01
6.766571507186817103e-01 5.914869789394785471e-01 3.616280201986811216e-01 8.800116233144444911e-02 5.121626335776799932e-01 3.824368694015838344e-01 4.494820876636395068e-01
8.324230682511565282e-01 8.923502470263505737e-01 7.271184123517056008e-01 7.659448794688852313e-01 8.069455997688842475e-01 8.555414655300542792e-01 9.468766455567083629e-01
6.490700273608714932e-01 5.512131146697686335e-01 6.073965660329452287e-01 4.326461817619849937e-01 5.272272380975888684e-01 4.421369547426723390e-01 3.273575288144013329e-01
8.901786292958995261e-01 9.320946811620431927e-01 8.814083353536631416e-01 8.767625394847362585e-01 8.831073112598636365e-01 6.779934626695798272e-01 4.667113279948594817e-01
5.909355991694392740e-01 5.861554909327563179e-01 7.271112882465353700e-01 4.575327891729733532e-01 1.344957364053229742e-01 2.296946833663424115e-01 7.101049209358648029e-02
8.370219984353803877e-01 7.376664993942945170e-01 6.716826938454689699e-01 1.906771915447245391e-01 2.909592530125529874e-01 4.705455600709244623e-01 4.234717853827271172e-01
8.968267960716341802e-01 8.730658611240110778e-01 8.780048890935496786e-01 8.447973057520745677e-01 6.127621878630887808e-01 4.847225444573621811e-01 6.819797384315132716e-01
0.000000000000000000e+00 0.000000000000000000e+00 0.000000000000000000e+00 0.000000000000000000e+00 0.000000000000000000e+00 0.000000000000000000e+00 0.000000000000000000e+00
7.797345971092943806e-01 8.707784964691789309e-01 6.409191600785624221e-01 8.155425219569338857e-01 8.646531107902365454e-01 8.542882091524011123e-01 8.805993419848299197e-01
3.118289679822686677e-01 6.640293683079827591e-01 6.050898848309079758e-01 3.906156422242078596e-01 2.498118066407967741e-01 1.426993579222810560e-01 1.552694055433632148e-01
7.684878829195267158e-02 1.244005960005339778e-01 2.111402450279518395e-01 1.745181864197779820e-01 1.265803203907679420e-01 2.740091401722503650e-01 4.086986855991665557e-01
7.029007687062036602e-01 8.071700299980134607e-01 8.168382411431156509e-01 8.640013189436019925e-01 8.419530242993316094e-01 9.313242676455294466e-01 9.274417151756740862e-01
0.000000000000000000e+00 0.000000000000000000e+00 0.000000000000000000e+00 0.000000000000000000e+00 0.000000000000000000e+00 0.000000000000000000e+00 0.000000000000000000e+00
5.888803496090586620e-01 7.674351640913661399e-01 8.709347588612172952e-01 8.116492451130340458e-01 8.207120716583022890e-01 5.310738613120302709e-01 4.854780134771134459e-01
0.000000000000000000e+00 0.000000000000000000e+00 0.000000000000000000e+00 0.000000000000000000e+00 0.000000000000000000e+00 0.000000000000000000e+00 0.000000000000000000e+00
0.000000000000000000e+00 0.000000000000000000e+00 0.000000000000000000e+00 0.000000000000000000e+00 0.000000000000000000e+00 0.000000000000000000e+00 0.000000000000000000e+00
0.000000000000000000e+00 0.000000000000000000e+00 0.000000000000000000e+00 0.000000000000000000e+00 0.000000000000000000e+00 0.000000000000000000e+00 0.000000000000000000e+00
0.000000000000000000e+00 0.000000000000000000e+00 0.000000000000000000e+00 0.000000000000000000e+00 0.000000000000000000e+00 0.000000000000000000e+00 0.000000000000000000e+00
0.000000000000000000e+00 0.000000000000000000e+00 0.000000000000000000e+00 0.000000000000000000e+00 0.000000000000000000e+00 0.000000000000000000e+00 0.000000000000000000e+00
7.344188961574205088e-01 7.511304865195540525e-01 6.404697357066372332e-01 6.661482667067569752e-01 2.024001801569077497e-01 1.998575761836515197e-01 1.677061496048248557e-01
8.008203729084277800e-01 7.589141382100933475e-01 7.178673563523336743e-01 5.312445223583341924e-01 1.227794409423781791e-01 1.474546091651756652e-01 3.204239419807780043e-01
7.709777723614248401e-01 8.797581701747538840e-01 6.713390442719323614e-01 6.532976798244876093e-01 4.135759218678107252e-01 6.411492641811348259e-01 5.142868582740992567e-01
8.456353291741366407e-01 6.703009042181171662e-01 1.509553328436313568e-01 1.668395282725532516e-02 1.759429209297193042e-01 4.682789158810831132e-01 3.223751463238863635e-01
8.212885982855122613e-01 8.144092035711687494e-01 6.753181574069475612e-01 8.042113867572158181e-01 7.196695781540536352e-01 7.958186312241818383e-01 6.085828831475369460e-01
6.372421550597385798e-01 7.546588631375550360e-01 9.301724542156440956e-01 8.523303342146019146e-01 1.971041085118110658e-01 2.776675879847702588e-01 2.278675185483169385e-01
8.054175514260536461e-01 8.117540169329934274e-01 8.338719021381831853e-01 8.043136289496815028e-01 5.030069043557267028e-01 2.566779326709709430e-01 2.367186504976172556e-01
0.000000000000000000e+00 0.000000000000000000e+00 0.000000000000000000e+00 0.000000000000000000e+00 0.000000000000000000e+00 0.000000000000000000e+00 0.000000000000000000e+00
8.588206291492842537e-01 6.693726684648687586e-01 3.995166631345817287e-01 2.254525286573362541e-01 3.420222819277909387e-01 3.035484607250978906e-01 2.894199883969832965e-01
2.163122364864705494e-01 3.180075114649720258e-01 1.790544623651028067e-01 1.771910338790141370e-01 2.652921720292865104e-01 1.249016544692723163e-01 5.296806752699144694e-01
9.418449861819535585e-01 9.506724383501952147e-01 8.461058603454011395e-01 8.507650581626156061e-01 7.393988144273297980e-01 1.578739973346497127e-01 4.348961028742485135e-01
4.641521345904626172e-01 4.669685864724590907e-01 3.339335869917818278e-01 3.385164067823813738e-01 4.568118241977066063e-01 2.817647335840892664e-01 3.450364866865802682e-01
0.000000000000000000e+00 0.000000000000000000e+00 0.000000000000000000e+00 0.000000000000000000e+00 0.000000000000000000e+00 0.000000000000000000e+00 0.000000000000000000e+00
8.935101258644553290e-01 8.995201311520952814e-01 9.387569832336341014e-01 9.326252378232128271e-01 9.706899270379376610e-01 9.946449399026827676e-01 9.887397398860748865e-01
7.986903969996230757e-01 8.627652489724877416e-01 8.124781922419008762e-01 4.153884616522900974e-01 2.942330792753125035e-01 4.127294894597743347e-01 1.173514601040486216e-01
4.408156505256365931e-01 3.722694966819914408e-01 6.209313801001398181e-01 3.187889017548363735e-01 3.672731127760326952e-01 3.335834463426283203e-01 4.160872412047340041e-01
7.776514522971440524e-01 6.376327431051597161e-01 5.784901326087698026e-01 6.923381496880800512e-01 6.022138768978125833e-01 7.933791498101356865e-01 7.444759329320760344e-01
7.603251769385250824e-01 6.787955227871772523e-01 4.338654808482331759e-01 4.019885337045564500e-01 1.802720029791744782e-01 3.157946093890067196e-01 1.960016429215295786e-01
8.076248633209247296e-02 1.809315136394036294e-01 4.275447265953463694e-01 7.495815881254549451e-01 7.403466288897020409e-01 5.599935703819338695e-01 7.320600158533493440e-01
