8.963985725014040895e-01 9.396450412160021193e-01 9.557272215999547127e-01 9.674173344376130190e-01 9.400811074197956696e-01 7.425268660994970293e-01 6.586645764368141975e-01
8.691959385742872302e-01 9.386088758930617448e-01 8.953363166828710584e-01 8.967121370455817253e-01 8.700043441013608492e-01 6.305149916868892923e-01 6.742750484393249533e-01
0.000000000000000000e+00 0.000000000000000000e+00 0.000000000000000000e+00 0.000000000000000000e+00 0.000000000000000000e+00 0.000000000000000000e+00 0.000000000000000000e+00
0.000000000000000000e+00 0.000000000000000000e+00 0.000000000000000000e+00 0.000000000000000000e+00 0.000000000000000000e+00 0.000000000000000000e+00 0.000000000000000000e+00
8.107106389420221104e-01 7.852233278905558223e-01 5.923365996852899551e-01 7.746814782905926400e-01 7.147569057774519896e-01 5.824266416555597958e-01 3.225138778899093173e-01
0.000000000000000000e+00 0.000000000000000000e+00 0.000000000000000000e+00 0.000000000000000000e+00 0.000000000000000000e+00 0.000000000000000000e+00 0.000000000000000000e+00
6.425369937583398361e-01 7.570768981814650633e-01 7.081328257632392154e-01 6.689501115998124359e-01 5.370190750132101121e-01 4.679576023769000392e-01 7.741555142829948943e-01
7.600342480112837196e-01 6.538854933471842656e-01 6.732691496229186168e-01 3.887811826132401838e-01 4.893005073509738012e-01 3.500843599458754452e-01 4.940550763145823421e-01
0.000000000000000000e+00 0.000000000000000000e+00 0.000000000000000000e+00 0.000000000000000000e+00 0.000000000000000000e+00 0.000000000000000000e+00 0.000000000000000000e+00
0.000000000000000000e+00 0.000000000000000000e+00 0.000000000000000000e+00 0.000000000000000000e+00 0.000000000000000000e+00 0.000000000000000000e+00 0.000000000000000000e+00
0.000000000000000000e+00 0.000000000000000000e+00 0.000000000000000000e+00 0.000000000000000000e+00 0.000000000000000000e+00 0.000000000000000000e+00 0.000000000000000000e+00
0.000000000000000000e+00 0.000000000000000000e+00 0.000000000000000000e+00 0.000000000000000000e+00 0.000000000000000000e+00 0.000000000000000000e+00 0.000000000000000000e+00
0.000000000000000000e+00 0.000000000000000000e+00 0.000000000000000000e+00 0.000000000000000000e+00 0.000000000000000000e+00 0.000000000000000000e+00 0.000000000000000000e+00
0.000000000000000000e+00 0.000000000000000000e+00 0.000000000000000000e+00 0.000000000000000000e+00 0.000000000000000000e+00 0.000000000000000000e+00 0.000000000000000000e+00
0.000000000000000000e+00 0.000000000000000000e+00 0.000000000000000000e+00 0.000000000000000000e+00 0.000000000000000000e+00 0.000000000000000000e+00 0.000000000000000000e+00
0.000000000000000000e+00 0.000000000000000000e+00 0.000000000000000000e+00 0.000000000000000000e+00 0.000000000000000000e+00 0.000000000000000000e+00 0.000000000000000000e+00
0.000000000000000000e+00 0.000000000000000000e+00 0.000000000000000000e+00 0.000000000000000000e+00 0.000000000000000000e+00 0.000000000000000000e+00 0.000000000000000000e+00
0.000000000000000000e+00 0.000000000000000000e+00 0.000000000000000000e+00 0.000000000000000000e+00 0.000000000000000000e+00 0.000000000000000000e+00 0.000000000000000000e+00
0.000000000000000000e+00 0.000000000000000000e+00 0.000000000000000000e+00 0.000000000000000000e+00 0.000000000000000000e+00 0.000000000000000000e+00 0.000000000000000000e+00
0.000000000000000000e+00 0.000000000000000000e+00 0.000000000000000000e+00 0.000000000000000000e+00 0.000000000000000000e+00 0.000000000000000000e+00 0.000000000000000000e+00
0.000000000000000000e+00 0.000000000000000000e+00 0.000000000000000000e+00 0.000000000000000000e+00 0.000000000000000000e+00 0.000000000000000000e+00 0.000000000000000000e+00
0.000000000000000000e+00 0.000000000000000000e+00 0.000000000000000000e+00 0.000000000000000000e+00 0.000000000000000000e+00 0.000000000000000000e+00 0.000000000000000000e+00
0.000000000000000000e+00 0.000000000000000000e+00 0.000000000000000000e+00 0.000000000000000000e+00 0.000000000000000000e+00 0.000000000000000000e+00 0.000000000000000000e+00
0.000000000000000000e+00 0.000000000000000000e+00 0.000000000000000000e+00 0.000000000000000000e+00 0.000000000000000000e+00 0.000000000000000000e+00 0.000000000000000000e+00
0.000000000000000000e+00 0.000000000000000000e+00 0.000000000000000000e+00 0.000000000000000000e+00 0.000000000000000000e+00 0.000000000000000000e+00 0.000000000000000000e+00
0.000000000000000000e+00 0.000000000000000000e+00 0.000000000000000000e+00 0.000000000000000000e+00 0.000000000000000000e+00 0.000000000000000000e+00 0.000000000000000000e+00
0.000000000000000000e+00 0.000000000000000000e+00 0.000000000000000000e+00 0.000000000000000000e+00 0.000000000000000000e+00 0.000000000000000000e+00 0.000000000000000000e+00
0.000000000000000000e+00 0.000000000000000000e+00 0.000000000000000000e+00 0.000000000000000000e+00 0.000000000000000000e+00 0.000000000000000000e+00 0.000000000000000000e+00
0.000000000000000000e+00 0.000000000000000000e+00 0.000000000000000000e+00 0.000000000000000000e+00 0.000000000000000000e+00 0.000000000000000000e+00 0.000000000000000000e+00
0.000000000000000000e+00 0.000000000000000000e+00 0.000000000000000000e+00 0.000000000000000000e+00 0.000000000000000000e+00 0.000000000000000000e+00 0.000000000000000000e+00
0.000000000000000000e+00 0.000000000000000000e+00 0.000000000000000000e+00 0.000000000000000000e+00 0.000000000000000000e+00 0.000000000000000000e+00 0.000000000000000000e+00
0.000000000000000000e+00 0.000000000000000000e+00 0.000000000000000000e+00 0.000000000000000000e+00 0.000000000000000000e+00 0.000000000000000000e+00 0.000000000000000000e+00
0.000000000000000000e+00 0.000000000000000000e+00 0.000000000000000000e+00 0.000000000000000000e+00 0.000000000000000000e+00 0.000000000000000000e+00 0.000000000000000000e+00
8.166823820502735476e-01 8.190335934111843130e-01 8.741864050855251422e-01 9.525884210682983300e-01 9.463249328122550486e-01 7.282041380399425501e-01 2.335224008613379920e-01
7.693100818996431167e-01 7.520705621929262286e-01 8.550588907448133380e-01 9.312247687077928049e-01 9.775926448870262409e-01 9.625152311636593350e-01 9.833830634344065125e-01
9.119078534984059736e-01 8.636259561162359377e-01 8.099913590017938647e-01 7.502556721829727326e-01 6.431878177637779803e-01 5.801047393594683799e-01 7.166224569914314557e-01
0.000000000000000000e+00 0.000000000000000000e+00 0.000000000000000000e+00 0.000000000000000000e+00 0.000000000000000000e+00 0.000000000000000000e+00 0.000000000000000000e+00
0.000000000000000000e+00 0.000000000000000000e+00 0.000000000000000000e+00 0.000000000000000000e+00 0.000000000000000000e+00 0.000000000000000000e+00 0.000000000000000000e+00
0.000000000000000000e+00 0.000000000000000000e+00 0.000000000000000000e+00 0.000000000000000000e+00 0.000000000000000000e+00 0.000000000000000000e+00 0.000000000000000000e+00
0.000000000000000000e+00 0.000000000000000000e+00 0.000000000000000000e+00 0.000000000000000000e+00 0.000000000000000000e+00 0.000000000000000000e+00 0.000000000000000000e+00
0.000000000000000000e+00 0.000000000000000000e+00 0.000000000000000000e+00 0.000000000000000000e+00 0.000000000000000000e+00 0.000000000000000000e+00 0.000000000000000000e+00
0.000000000000000000e+00 0.000000000000000000e+00 0.000000000000000000e+00 0.000000000000000000e+00 0.000000000000000000e+00 0.000000000000000000e+00 0.000000000000000000e+00
0.000000000000000000e+00 0.000000000000000000e+00 0.000000000000000000e+00 0.000000000000000000e+00 0.000000000000000000e+00 0.000000000000000000e+00 0.000000000000000000e+00
0.000000000000000000e+00 0.000000000000000000e+00 0.000000000000000000e+00 0.000000000000000000e+00 0.000000000000000000e+00 0.000000000000000000e+00 0.000000000000000000e+00
0.000000000000000000e+00 0.000000000000000000e+00 0.000000000000000000e+00 0.000000000000000000e+00 0.000000000000000000e+00 0.000000000000000000e+00 0.000000000000000000e+00
0.000000000000000000e+00 0.000000000000000000e+00 0.000000000000000000e+00 0.000000000000000000e+00 0.000000000000000000e+00 0.000000000000000000e+00 0.000000000000000000e+00
0.000000000000000000e+00 0.000000000000000000e+00 0.000000000000000000e+00 0.000000000000000000e+00 0.000000000000000000e+00 0.000000000000000000e+00 0.000000000000000000e+00
0.000000000000000000e+00 0.000000000000000000e+00 0.000000000000000000e+00 0.000000000000000000e+00 0.000000000000000000e+00 0.000000000000000000e+00 0.000000000000000000e+00
0.000000000000000000e+00 0.000000000000000000e+00 0.000000000000000000e+00 0.000000000000000000e+00 0.000000000000000000e+00 0.000000000000000000e+00 0.000000000000000000e+00
0.000000000000000000e+00 0.000000000000000000e+00 0.000000000000000000e+00 0.000000000000000000e+00 0.000000000000000000e+00 0.000000000000000000e+00 0.000000000000000000e+00
0.000000000000000000e+00 0.000000000000000000e+00 0.000000000000000000e+00 0.000000000000000000e+00 0.000000000000000000e+00 0.000000000000000000e+00 0.000000000000000000e+00
0.000000000000000000e+00 0.000000000000000000e+00 0.000000000000000000e+00 0.000000000000000000e+00 0.000000000000000000e+00 0.000000000000000000e+00 0.000000000000000000e+00
0.000000000000000000e+00 0.000000000000000000e+00 0.000000000000000000e+00 0.000000000000000000e+00 0.000000000000000000e+00 0.000000000000000000e+00 0.000000000000000000e+00
0.000000000000000000e+00 0.000000000000000000e+00 0.000000000000000000e+00 0.000000000000000000e+00 0.000000000000000000e+00 0.000000000000000000e+00 0.000000000000000000e+00
1.919653153301958959e-01 4.770956313538481791e-02 5.732858848071994279e-02 3.258859102372416161e-01 2.845518663975800111e-01 1.935269058315855217e-01 2.627743791348695623e-01
8.544063483865105280e-01 8.470002419768659641e-01 8.604668761590508197e-01 8.935379428694577575e-01 8.859208554887659792e-01 8.528761021863178193e-01 4.611253991274084085e-01
5.621253442627753838e-01 8.842624330132188293e-01 7.736888826449384027e-01 9.057033347174470173e-01 9.537738131480505421e-01 7.415261532389380017e-01 5.939763409365165225e-01
5.548649483181024022e-01 8.908493418292811050e-01 7.769315483081473683e-01 9.062646870079937855e-01 9.534818507580289371e-01 7.404558801611829111e-01 5.954685193035874624e-01
0.000000000000000000e+00 0.000000000000000000e+00 0.000000000000000000e+00 0.000000000000000000e+00 0.000000000000000000e+00 0.000000000000000000e+00 0.000000000000000000e+00
6.589446688551505726e-01 6.514121481159346194e-01 7.982527145955753411e-01 6.845970837834551848e-01 4.521444369062482815e-01 3.148564454184763495e-01 5.566007119929422542e-01
0.000000000000000000e+00 0.000000000000000000e+00 0.000000000000000000e+00 0.000000000000000000e+00 0.000000000000000000e+00 0.000000000000000000e+00 0.000000000000000000e+00
8.614726304999998918e-01 8.756768268468010374e-01 9.355908951821343411e-01 9.661230183339468702e-01 9.542078902670378948e-01 8.537955744624875498e-01 8.151094309137493221e-01
0.000000000000000000e+00 0.000000000000000000e+00 0.000000000000000000e+00 0.000000000000000000e+00 0.000000000000000000e+00 0.000000000000000000e+00 0.000000000000000000e+00
7.927411035693521235e-01 8.432132076989943270e-01 5.783355466616116880e-01 6.337362433977447029e-01 6.808411549466377721e-01 4.873176804057546274e-01 4.125157763625536544e-01
0.000000000000000000e+00 0.000000000000000000e+00 0.000000000000000000e+00 0.000000000000000000e+00 0.000000000000000000e+00 0.000000000000000000e+00 0.000000000000000000e+00
0.000000000000000000e+00 0.000000000000000000e+00 0.000000000000000000e+00 0.000000000000000000e+00 0.000000000000000000e+00 0.000000000000000000e+00 0.000000000000000000e+00
8.607804675881979284e-01 9.172661102894981155e-01 7.376794858579138747e-01 6.949192096661003237e-01 6.138404333213707265e-01 3.560055261145161354e-01 2.469037189067052329e-01
4.813359879658514195e-01 4.916835964442032303e-01 4.426503787355469122e-01 3.819309764402045171e-01 5.132690135453963354e-01 1.796603891353290849e-01 6.616419288758222939e-01
9.174292383744373502e-01 9.157844083183405148e-01 6.720785296233693362e-01 3.988537314547195844e-01 3.444781773519980939e-01 1.077626400510603155e-01 2.858280712052957417e-01
0.000000000000000000e+00 0.000000000000000000e+00 0.000000000000000000e+00 0.000000000000000000e+00 0.000000000000000000e+00 0.000000000000000000e+00 0.000000000000000000e+00
8.541361934113033128e-01 8.110258146741847751e-01 7.960319523341459202e-01 7.197020863603843521e-01 6.365553859400735481e-01 4.362818842213342929e-01 9.003353289173063323e-02
0.000000000000000000e+00 0.000000000000000000e+00 0.000000000000000000e+00 0.000000000000000000e+00 0.000000000000000000e+00 0.000000000000000000e+00 0.000000000000000000e+00
0.000000000000000000e+00 0.000000000000000000e+00 0.000000000000000000e+00 0.000000000000000000e+00 0.000000000000000000e+00 0.000000000000000000e+00 0.000000000000000000e+00
6.667715427209129908e-01 2.226915203965036116e-01 2.591133028008190120e-01 3.954105565372468822e-01 3.489579117424820298e-01 1.726736872690657620e-01 3.142901853849250915e-01
0.000000000000000000e+00 0.000000000000000000e+00 0.000000000000000000e+00 0.000000000000000000e+00 0.000000000000000000e+00 0.000000000000000000e+00 0.000000000000000000e+00
9.372787216848259551e-01 8.611386447264242072e-01 8.059895625269583030e-01 7.020324305689228384e-01 6.349720463755356148e-01 2.514661142852823716e-01 5.865650183057415923e-01
4.061994407135846030e-01 4.803252870477394132e-01 2.996915707032913878e-01 3.186955142067051661e-01 3.374425283230186867e-01 5.751394246481259520e-01 1.370128591768854653e-01
4.106555718920459341e-01 1.616121902838477120e-01 3.142399630955976519e-01 3.309124969055963761e-01 1.704908996750639227e-01 4.208249652618765158e-01 3.404526443272837266e-01
9.094332143901718846e-01 8.807281423470705306e-01 8.854988157935400617e-01 8.629251686556729251e-01 3.855661295910397524e-01 1.531238374757231679e-01 1.541508916941676799e-01
7.187492318328705387e-01 7.554589451454072346e-01 8.437671330560534422e-01 6.996440599678603878e-01 5.783100076421519020e-01 5.015332414236516323e-01 5.752745632378735152e-01
0.000000000000000000e+00 0.000000000000000000e+00 0.000000000000000000e+00 0.000000000000000000e+00 0.000000000000000000e+00 0.000000000000000000e+00 0.000000000000000000e+00
9.564871970612753849e-01 9.321948248384840374e-01 9.167319456437534875e-01 9.707336731755311643e-01 9.780126278182531552e-01 9.754473392951727995e-01 9.750237119435591904e-01
7.428032510758311169e-01 8.265237527542370621e-01 8.399491201511445349e-01 8.387779252259273122e-01 7.055852931660236971e-01 2.048205517170630374e-01 4.289403665376519958e-01
7.895392005009559400e-01 7.344742342629121401e-01 8.031429825115373733e-01 7.788356881952547273e-01 5.936500110813581754e-01 6.783853073328798278e-01 3.090782741692093549e-01
7.185276644318642214e-01 7.286574807541456034e-01 7.115170053476513878e-01 6.514167845448786132e-01 6.220603787638878668e-01 5.398067068826524206e-01 6.996772323685189754e-01
5.124753850402044009e-01 6.217419867537277156e-01 6.978546681605888313e-01 5.763611463278782709e-01 5.515016708594959738e-01 1.075447799117591752e-01 8.334841891490876731e-02
5.140663235513750484e-01 6.192193603504565491e-01 6.967181512013275180e-01 5.777730709402766340e-01 5.384721622910724204e-01 1.081236069522731880e-01 8.389757052851182229e-02
0.000000000000000000e+00 0.000000000000000000e+00 0.000000000000000000e+00 0.000000000000000000e+00 0.000000000000000000e+00 0.000000000000000000e+00 0.000000000000000000e+00
0.000000000000000000e+00 0.000000000000000000e+00 0.000000000000000000e+00 0.000000000000000000e+00 0.000000000000000000e+00 0.000000000000000000e+00 0.000000000000000000e+00
0.000000000000000000e+00 0.000000000000000000e+00 0.000000000000000000e+00 0.000000000000000000e+00 0.000000000000000000e+00 0.000000000000000000e+00 0.000000000000000000e+00
0.000000000000000000e+00 0.000000000000000000e+00 0.000000000000000000e+00 0.000000000000000000e+00 0.000000000000000000e+00 0.000000000000000000e+00 0.000000000000000000e+00
0.000000000000000000e+00 0.000000000000000000e+00 0.000000000000000000e+00 0.000000000000000000e+00 0.000000000000000000e+00 0.000000000000000000e+00 0.000000000000000000e+00
0.000000000000000000e+00 0.000000000000000000e+00 0.000000000000000000e+00 0.000000000000000000e+00 0.000000000000000000e+00 0.000000000000000000e+00 0.000000000000000000e+00
2.784933884831920503e-01 2.898922368972928765e-01 1.873581644228859977e-01 2.715683824661562218e-01 2.214151629410962274e-01 4.122412017065831269e-01 6.250908949557675287e-01
0.000000000000000000e+00 0.000000000000000000e+00 0.000000000000000000e+00 0.000000000000000000e+00 0.000000000000000000e+00 0.000000000000000000e+00 0.000000000000000000e+00
8.110155806292529412e-01 7.986405034784330725e-01 7.337108547469795017e-01 7.738837230094375297e-01 5.877471058412290228e-01 2.541346846816447957e-01 2.802080075772608314e-01
2.935193574874229716e-01 1.677064311810690100e-01 2.276297550276642767e-01 5.212077439587425864e-01 2.953089874333483800e-01 4.871300831910349571e-01 2.684167356501935275e-01
4.408283388053332308e-01 5.637686331556245323e-01 4.827095187032907075e-01 4.511523545113916844e-01 4.360392606398762472e-01 8.212724339753822711e-02 5.110804936247371755e-01
7.652402977575620824e-01 6.360414652729924345e-01 4.633376604198884419e-01 3.738117464047363003e-01 3.641265764424101992e-01 3.749213426092994905e-01 2.119875021409206306e-01
0.000000000000000000e+00 0.000000000000000000e+00 0.000000000000000000e+00 0.000000000000000000e+00 0.000000000000000000e+00 0.000000000000000000e+00 0.000000000000000000e+00
0.000000000000000000e+00 0.000000000000000000e+00 0.000000000000000000e+00 0.000000000000000000e+00 0.000000000000000000e+00 0.000000000000000000e+00 0.000000000000000000e+00
0.000000000000000000e+00 0.000000000000000000e+00 0.000000000000000000e+00 0.000000000000000000e+00 0.000000000000000000e+00 0.000000000000000000e+00 0.000000000000000000e+00
4.059292349220584573e-01 3.419832101807113722e-01 6.669536364721320165e-01 2.149612506587082195e-01 6.288246216329029803e-02 1.878803958657048190e-01 1.118447958577897666e-01
3.697883831702764579e-01 3.503676552073510253e-01 1.207519798329824146e-01 5.428168063043899982e-01 6.279002981307973963e-02 1.758388956275675208e-01 2.121500955322934701e-01
3.479110254392911994e-01 3.707309035582485590e-01 5.404846173017509026e-01 4.617038256489844339e-01 3.252412471376844305e-01 3.390772801241745960e-01 4.754079273901131164e-01
0.000000000000000000e+00 0.000000000000000000e+00 0.000000000000000000e+00 0.000000000000000000e+00 0.000000000000000000e+00 0.000000000000000000e+00 0.000000000000000000e+00
7.816081501111228347e-01 4.713619337334435944e-01 3.225870043103206686e-01 1.276748494686238966e-01 5.354656346328819927e-01 1.858174860337684642e-01 4.846843796109735480e-01
6.681872152235991402e-01 6.184858987033633460e-01 6.895985242153647166e-01 7.175941085305607148e-01 2.642995871598123325e-01 4.740820332354973576e-01 5.830965287535929686e-01
5.631810171223669004e-01 4.246474166636670655e-01 1.254097703570614397e-01 1.539099498724451620e-01 2.812356654933627076e-01 1.097913246130877291e-01 3.577765323362355199e-01
2.442311768964386121e-01 3.625833154152142690e-01 4.112935248183351433e-01 5.941679521274835230e-01 5.208367494950034704e-01 5.081416094853314913e-01 4.592011689540843045e-01
7.110392286666049610e-01 6.091054095454475625e-01 8.285159297600472872e-01 8.552343650127206542e-01 8.211389114165466019e-01 5.605234810308672433e-01 6.306910261600496836e-01
0.000000000000000000e+00 0.000000000000000000e+00 0.000000000000000000e+00 0.000000000000000000e+00 0.000000000000000000e+00 0.000000000000000000e+00 0.000000000000000000e+00
0.000000000000000000e+00 0.000000000000000000e+00 0.000000000000000000e+00 0.000000000000000000e+00 0.000000000000000000e+00 0.000000000000000000e+00 0.000000000000000000e+00
7.352738332447690262e-01 7.533690949254242541e-01 8.989814700462382957e-01 9.120929705780994601e-01 9.037112739722549248e-01 6.940298840252372425e-01 3.966345072210061828e-01
0.000000000000000000e+00 0.000000000000000000e+00 0.000000000000000000e+00 0.000000000000000000e+00 0.000000000000000000e+00 0.000000000000000000e+00 0.000000000000000000e+00
8.377845718048386736e-01 8.420722301069106797e-01 4.320426626119636127e-01 5.317796816248659963e-01 4.646672844720060036e-01 2.564216057730114851e-01 2.118730298534418077e-01
6.099202707832618309e-01 7.422062831074566214e-01 7.316489854694834261e-01 3.164483793382116272e-01 1.000608033594453938e-01 2.206089838984286455e-01 3.971746412856034802e-01
7.395076299741853987e-01 8.268257023824772123e-01 8.960415548740969793e-01 7.125137929189130359e-01 5.682877407154901528e-01 1.707605750174945591e-01 2.236699913208474166e-01
0.000000000000000000e+00 0.000000000000000000e+00 0.000000000000000000e+00 0.000000000000000000e+00 0.000000000000000000e+00 0.000000000000000000e+00 0.000000000000000000e+00
7.634955827258234073e-01 7.145980659305701810e-01 7.744652479270187628e-01 7.455971925251611010e-01 7.915742597916103351e-01 7.229438098277873870e-01 3.699738665780677449e-01
8.325407819018080247e-01 9.210710580399789071e-01 9.095001819504654472e-01 8.090300300598280980e-01 5.992190807440698208e-01 4.547796266255378361e-01 3.661576403537662450e-01
9.221987840196712582e-01 9.258943334580643780e-01 7.335780643077376428e-01 5.740744786254147192e-01 5.884799439306893643e-01 4.125039059671427588e-01 4.674237641697221446e-01
8.000731060880232892e-01 8.213430926034417379e-01 8.623593021002990966e-01 8.726143160512721542e-01 7.842699721300249172e-01 7.365649244261326389e-01 8.850949716680032164e-01
7.749041023809730699e-01 7.717304196029669550e-01 6.303436935298223354e-01 5.357528362216864570e-01 3.245253875983422076e-01 3.730846499991460896e-01 1.876880460618015889e-01
8.773228190476861643e-01 9.284480484967619907e-01 9.285082933045669673e-01 9.058982531795179982e-01 9.771082798532851887e-01 9.673558246446180009e-01 9.427933711344792522e-01
8.099755613700666546e-01 8.164770918563331037e-01 8.837290369268452350e-01 7.942793067801515727e-01 7.614799273227604859e-01 6.376335016035146186e-01 1.001608186579478338e-01
6.464205059505582218e-01 7.991271831167998663e-01 8.380583357078976725e-01 7.120463090188431377e-01 6.630377805229056287e-01 7.319866990679793073e-01 4.277187130953361005e-01
8.527718680622703440e-01 8.512224355097692818e-01 8.227484198382813974e-01 8.331574590783566991e-01 8.422429919154358346e-01 6.650739537946221969e-01 3.598203049303379530e-01
8.288937127317866915e-01 8.734375119107277152e-01 9.226134814373717630e-01 9.354767226368457811e-01 9.330389936626922731e-01 8.825442707432999967e-01 8.499427183864065594e-01
6.059040073812155258e-01 6.224664372094840248e-01 7.660711786845896265e-01 6.312147762501397752e-01 3.911845337166324765e-01 4.454189739077775156e-01 6.729112581261483816e-01
9.146457849123454942e-01 9.331799935085328679e-01 9.310264530669025707e-01 8.682491688288402898e-01 7.921686265924718917e-01 6.309912238405183116e-01 6.405982312846876248e-01
9.237661702224787552e-01 9.319526973773852863e-01 9.705827274260041548e-01 9.588454811226858610e-01 8.651190597722365760e-01 6.800085061852333412e-01 4.361236394118455095e-01
5.103271767349426558e-01 6.572954016653020926e-01 8.078479575530153056e-01 7.239785361134871700e-01 4.977153030257584487e-01 3.625687380503406221e-01 5.694381010617863836e-01
1.326341952151157688e-01 4.907156379972855698e-01 4.363920581727153691e-01 4.757500427004376919e-01 1.118555011427261464e-01 9.279905194240764543e-02 5.800085606867226851e-01
5.340947013535307653e-01 2.375376124571005887e-01 2.245620234614773003e-01 1.144314928393991154e-01 1.368385893926853669e-01 4.502005637193559617e-01 2.360260356373886648e-01
0.000000000000000000e+00 0.000000000000000000e+00 0.000000000000000000e+00 0.000000000000000000e+00 0.000000000000000000e+00 0.000000000000000000e+00 0.000000000000000000e+00
3.825198166245343812e-01 4.844398872618415619e-01 3.295086765015459718e-01 4.704211274766387785e-01 4.173699497642884282e-01 3.440346098783031437e-01 2.443533503603740886e-01
4.002906933231786812e-01 4.961289822667052096e-01 4.710148114692682686e-01 4.814417437211812589e-01 4.212501299779448649e-01 5.480217490660251878e-01 6.045280780946307164e-01
5.195888051962594956e-01 4.863415088678613718e-01 2.292571344060432836e-01 3.954526335218707667e-01 2.593121656674575448e-02 1.394906770474210744e-01 3.444618970618769649e-01
0.000000000000000000e+00 0.000000000000000000e+00 0.000000000000000000e+00 0.000000000000000000e+00 0.000000000000000000e+00 0.000000000000000000e+00 0.000000000000000000e+00
3.791180126599214550e-01 6.101951706469153081e-01 4.857070636864985191e-01 4.189457320275061791e-01 3.980519592841730292e-01 4.004334274751685241e-01 3.189215230236844834e-01
0.000000000000000000e+00 0.000000000000000000e+00 0.000000000000000000e+00 0.000000000000000000e+00 0.000000000000000000e+00 0.000000000000000000e+00 0.000000000000000000e+00
6.551320011847281410e-01 6.027192082843556564e-01 4.355032815607590146e-01 7.345265896923773852e-01 1.489393059335763214e-01 4.986040960903183605e-01 3.295583237641340202e-01
8.341156815293596649e-01 8.747505172530540829e-01 7.048350391973712270e-01 4.089520551552320859e-01 4.971614493958498304e-01 3.767805247181075234e-01 5.666937036345588430e-01
0.000000000000000000e+00 0.000000000000000000e+00 0.000000000000000000e+00 0.000000000000000000e+00 0.000000000000000000e+00 0.000000000000000000e+00 0.000000000000000000e+00
2.863298474413545347e-01 3.392171793735849206e-01 4.059157077847450057e-01 6.279393535905319901e-01 6.278889768390549797e-01 7.506669646138464103e-02 4.231820752571071043e-01
0.000000000000000000e+00 0.000000000000000000e+00 0.000000000000000000e+00 0.000000000000000000e+00 0.000000000000000000e+00 0.000000000000000000e+00 0.000000000000000000e+00
8.689931546985391053e-01 9.279861928589706599e-01 6.846920913062761738e-01 7.707617264565370663e-01 8.491762341295918670e-01 5.790699529897987974e-01 6.019324365604317162e-01
0.000000000000000000e+00 0.000000000000000000e+00 0.000000000000000000e+00 0.000000000000000000e+00 0.000000000000000000e+00 0.000000000000000000e+00 0.000000000000000000e+00
9.146987655058778088e-01 8.807849914869108066e-01 9.408502425513909362e-01 9.598986314208757253e-01 9.468348865766287314e-01 7.663419071374737435e-01 6.596884764360982922e-01
0.000000000000000000e+00 0.000000000000000000e+00 0.000000000000000000e+00 0.000000000000000000e+00 0.000000000000000000e+00 0.000000000000000000e+00 0.000000000000000000e+00
6.167638554759306002e-01 6.843443025466796614e-01 6.447143250453785113e-01 3.598656474010214490e-01 2.033630670226736215e-01 4.109479129198449487e-01 4.966240157530064092e-01
7.685873926727659899e-01 5.651666552215013350e-01 3.374674859419118933e-01 5.917228146046977777e-01 5.380050685095206786e-01 2.878165587441445239e-01 5.775239231117815786e-01
4.940544978630551642e-01 3.211142561904591769e-02 1.315226246445406755e-01 2.503291067991385010e-01 5.914814825081564642e-01 4.919280009783161267e-01 3.155269051428147287e-01
6.918072803094127421e-01 7.549232395160090370e-01 7.299466956229687664e-01 4.660025168610387736e-01 6.133309331958000099e-01 8.144976143437753224e-01 7.873576211692112636e-01
6.797535070995793793e-01 3.426096499842802290e-01 3.723905826652622597e-01 4.485011462664747484e-01 4.537171111329479922e-01 4.582749550808042360e-01 5.916659320483118600e-01
8.574741791191650142e-01 9.159484311809357182e-01 9.180140671351468828e-01 8.005093269475171969e-01 7.895587182792809244e-01 6.009205600031651828e-01 2.613127587040103839e-01
8.975587065596795089e-01 8.531164800507405888e-01 8.223434276319969705e-01 9.356678151594873816e-01 9.166350483788407999e-01 7.626646910681895708e-01 4.233984484429276218e-01
0.000000000000000000e+00 0.000000000000000000e+00 0.000000000000000000e+00 0.000000000000000000e+00 0.000000000000000000e+00 0.000000000000000000e+00 0.000000000000000000e+00
0.000000000000000000e+00 0.000000000000000000e+00 0.000000000000000000e+00 0.000000000000000000e+00 0.000000000000000000e+00 0.000000000000000000e+00 0.000000000000000000e+00
8.408208602384056318e-01 8.235284884920337500e-01 7.853079161625536875e-01 8.788667784095200997e-01 6.032615423503147056e-01 3.021546005022403003e-01 1.395612828916367454e-01
8.336287050965145440e-01 7.218268363711021207e-01 7.219941589461720266e-01 6.859239243312434953e-01 8.711263905028843180e-01 8.724527859726882717e-01 8.381360716990269299e-01
8.732747201882042898e-01 9.223139905233335156e-01 8.231828339662285998e-01 4.862482506687728079e-01 2.477418927010846261e-01 2.764293021759292035e-01 3.092545992930885168e-01
9.094139401066034800e-01 9.121567460169399677e-01 8.585634430253917815e-01 8.364308286409766202e-01 8.169463189115586665e-01 8.745964480083535664e-01 3.792694504711524583e-01
0.000000000000000000e+00 0.000000000000000000e+00 0.000000000000000000e+00 0.000000000000000000e+00 0.000000000000000000e+00 0.000000000000000000e+00 0.000000000000000000e+00
8.027811296814841846e-01 8.329730730722826326e-01 8.058445067220795233e-01 8.295184582886787616e-01 9.122428599247640602e-01 9.369152302137366828e-01 8.766559200238165372e-01
9.052657774162660154e-01 8.715076413748410467e-01 8.573930529467178596e-01 8.820540933746416901e-01 9.036609628017168161e-01 8.910129725290568681e-01 9.611438828871213813e-01
8.583103105782529108e-01 7.482777428781587359e-01 5.311451454200336597e-01 5.531837156000948275e-01 2.201586444739654924e-01 1.946412051128248999e-01 2.138981761396505088e-01
0.000000000000000000e+00 0.000000000000000000e+00 0.000000000000000000e+00 0.000000000000000000e+00 0.000000000000000000e+00 0.000000000000000000e+00 0.000000000000000000e+00
7.977675193560702649e-01 7.085352958788855293e-01 8.190534440970815844e-01 9.216425195399007286e-01 9.801495050242451379e-01 9.806646082829018063e-01 9.709181603887145906e-01
8.159449049397576870e-01 8.134964703073156445e-01 7.839170916914433018e-01 8.368264289760699581e-01 9.014421494262492285e-01 9.707656428390958325e-01 9.774024133778431711e-01
0.000000000000000000e+00 0.000000000000000000e+00 0.000000000000000000e+00 0.000000000000000000e+00 0.000000000000000000e+00 0.000000000000000000e+00 0.000000000000000000e+00
0.000000000000000000e+00 0.000000000000000000e+00 0.000000000000000000e+00 0.000000000000000000e+00 0.000000000000000000e+00 0.000000000000000000e+00 0.000000000000000000e+00
0.000000000000000000e+00 0.000000000000000000e+00 0.000000000000000000e+00 0.000000000000000000e+00 0.000000000000000000e+00 0.000000000000000000e+00 0.000000000000000000e+00
9.199502931584349064e-01 9.562775409455275266e-01 9.532914642085430490e-01 8.895351966284212875e-01 9.339492646729777858e-01 7.832312265131103901e-01 7.608692535861019124e-01
7.986501011825094531e-01 7.264190541865310768e-01 6.608767029035073071e-01 7.617865545385290593e-01 4.521969344964436033e-01 2.680016797600224820e-01 3.678803354231958700e-01
6.786604518901804273e-01 5.447311744268227285e-01 3.835741761624050228e-01 4.334547073338121947e-01 4.312105968548587964e-01 5.043426865587056218e-01 8.401544653737227364e-01
9.093949943670548430e-01 8.210001476267367870e-01 8.744267350722869647e-01 8.794953202242692392e-01 8.607959384665465619e-01 7.102391243561068102e-01 5.744286074893514282e-01
0.000000000000000000e+00 0.000000000000000000e+00 0.000000000000000000e+00 0.000000000000000000e+00 0.000000000000000000e+00 0.000000000000000000e+00 0.000000000000000000e+00
8.100257281825524736e-01 8.703509349051224975e-01 9.331374619375680801e-01 4.048071802477534731e-01 1.848160617939655637e-01 3.785633138875758585e-01 2.484454559683038355e-01
8.991953318388896665e-01 8.917174525247414385e-01 7.855125920946713913e-01 7.616023277632737454e-01 7.010311138033474831e-01 7.918900564846169665e-01 5.262353939544436310e-01
0.000000000000000000e+00 0.000000000000000000e+00 0.000000000000000000e+00 0.000000000000000000e+00 0.000000000000000000e+00 0.000000000000000000e+00 0.000000000000000000e+00
0.000000000000000000e+00 0.000000000000000000e+00 0.000000000000000000e+00 0.000000000000000000e+00 0.000000000000000000e+00 0.000000000000000000e+00 0.000000000000000000e+00
5.386661811774013930e-01 1.943465716990675496e-01 3.334007879710941813e-01 4.671502635229012879e-01 4.734692000007807988e-01 7.491333103086269540e-01 8.702653620671686463e-01
7.907772223274234236e-01 6.142324803627280394e-01 4.414783417770650198e-01 2.934348790491923542e-01 3.874423101636023103e-01 3.128557207757889369e-01 2.316682712663228061e-01
2.035333264526217878e-01 1.788176780299030044e-01 3.780638205995966450e-01 4.393264821104214679e-01 5.744774466686254355e-01 8.671393801206542240e-02 7.354973079346820153e-02
8.895476022381726411e-01 8.637367373252952119e-01 8.494878598399234759e-01 7.907890617907028519e-01 4.818304106455659208e-01 3.774780981598394036e-01 5.942652338794709443e-01
9.346756180169039085e-01 9.409108694529476624e-01 9.051000966130762215e-01 7.896444614684857699e-01 6.770003943587755701e-01 5.297117252350923566e-01 5.820422604656110277e-01
0.000000000000000000e+00 0.000000000000000000e+00 0.000000000000000000e+00 0.000000000000000000e+00 0.000000000000000000e+00 0.000000000000000000e+00 0.000000000000000000e+00
0.000000000000000000e+00 0.000000000000000000e+00 0.000000000000000000e+00 0.000000000000000000e+00 0.000000000000000000e+00 0.000000000000000000e+00 0.000000000000000000e+00
