8.303315785257623372e-01 6.939488850868326120e-01 6.120018717894830651e-01 4.106641239026210810e-01 2.527754732351809031e-01 3.216374793987283320e-01 8.451564940028102324e-01
9.489926643715279608e-01 9.489051310376847015e-01 9.525940407846712477e-01 9.626008834769186340e-01 9.807896466959271642e-01 9.851167456863507699e-01 9.880809099434723075e-01
9.324258942277322548e-01 9.318886294965201822e-01 9.320514327862272630e-01 8.921709211203104894e-01 8.082768507511223222e-01 8.499133339911563167e-01 9.467605974363341170e-01
9.723371608016628809e-01 9.834375561678301292e-01 9.880388653381692032e-01 9.771888476996877237e-01 9.786454937970588963e-01 9.593078951921467645e-01 9.129514266215308371e-01
9.820137192702647067e-01 9.831039164965049704e-01 9.732629734228054330e-01 9.316607275242078101e-01 9.191882906542596654e-01 4.640854676326232608e-01 9.351691006429992958e-01
9.847805662489309553e-01 9.938204999528104100e-01 9.952324413765875066e-01 9.937349278607723324e-01 9.868765038909522724e-01 9.714280788667726263e-01 9.761884808849611295e-01
9.848122544149374713e-01 9.822065451417778537e-01 9.759669771668915139e-01 9.543353122224177421e-01 7.230407745636275862e-01 5.787935065462035400e-01 9.307843855839705860e-01
9.890458445716306946e-01 9.848981545036058494e-01 9.701075810486331497e-01 9.054891252037574612e-01 5.853640802224665540e-01 7.009059114854809813e-01 7.189930443145107208e-01
0.000000000000000000e+00 0.000000000000000000e+00 0.000000000000000000e+00 0.000000000000000000e+00 0.000000000000000000e+00 0.000000000000000000e+00 0.000000000000000000e+00
8.645558722965279719e-01 8.368594497933383725e-01 7.737622107336660227e-01 8.272549710190220118e-01 8.063363546448779617e-01 7.613367343558962164e-01 8.932761229803528602e-01
9.898613039995830531e-01 9.896584773678148705e-01 9.913655632384714700e-01 9.880087631516146773e-01 9.557345850955101252e-01 3.917946721927100251e-01 4.363766868503781704e-01
5.694361780096993675e-01 5.181319655960761050e-01 5.059471568899636118e-01 4.955378877202722965e-01 5.333452462695463803e-01 6.388427469447651719e-01 4.359874594090337174e-01
9.774706683545871799e-01 9.638455489847785884e-01 8.587902373302664927e-01 7.619134697049485538e-01 6.218391645806240486e-01 6.314677063486568986e-01 7.634278518234722810e-01
0.000000000000000000e+00 0.000000000000000000e+00 0.000000000000000000e+00 0.000000000000000000e+00 0.000000000000000000e+00 0.000000000000000000e+00 0.000000000000000000e+00
9.806704332921681866e-01 9.877111306644454913e-01 9.946434660988372478e-01 9.972835760242104719e-01 9.969298823779403351e-01 9.957040567726407332e-01 9.958191321363977222e-01
0.000000000000000000e+00 0.000000000000000000e+00 0.000000000000000000e+00 0.000000000000000000e+00 0.000000000000000000e+00 0.000000000000000000e+00 0.000000000000000000e+00
0.000000000000000000e+00 0.000000000000000000e+00 0.000000000000000000e+00 0.000000000000000000e+00 0.000000000000000000e+00 0.000000000000000000e+00 0.000000000000000000e+00
0.000000000000000000e+00 0.000000000000000000e+00 0.000000000000000000e+00 0.000000000000000000e+00 0.000000000000000000e+00 0.000000000000000000e+00 0.000000000000000000e+00
0.000000000000000000e+00 0.000000000000000000e+00 0.000000000000000000e+00 0.000000000000000000e+00 0.000000000000000000e+00 0.000000000000000000e+00 0.000000000000000000e+00
0.000000000000000000e+00 0.000000000000000000e+00 0.000000000000000000e+00 0.000000000000000000e+00 0.000000000000000000e+00 0.000000000000000000e+00 0.000000000000000000e+00
9.827278977711860763e-01 9.835805036853747518e-01 9.779208450402457897e-01 9.620912585485920099e-01 9.589512825370209992e-01 9.485735729368077740e-01 8.273257903578818961e-01
9.672903716725806955e-01 9.814876173970954465e-01 9.838121373655198676e-01 9.813527448344994131e-01 9.836452086569847930e-01 5.254670057062637012e-01 9.884508806870045960e-01
9.040202621447406273e-01 9.130291419934585262e-01 8.914996585128621698e-01 8.782638596982713652e-01 9.401244331289516643e-01 9.652899338528142525e-01 9.674074572512533221e-01
9.658256138381646760e-01 9.779985844604124345e-01 9.872550434083434689e-01 9.926827971163657560e-01 9.939534798877610600e-01 9.901877965322446462e-01 9.835830420609871227e-01
7.932259534664857226e-01 7.562497495808923054e-01 7.723744219853018178e-01 8.660955804487512344e-01 8.654793173784001148e-01 8.826602438970740927e-01 9.402611382072444401e-01
9.188091227391709248e-01 9.471958099955586352e-01 8.385052630059296463e-01 9.488310872191091372e-01 9.753878145630630048e-01 8.996722019347491717e-01 8.974560164799173512e-01
9.842315751597641160e-01 9.793854549595758519e-01 9.726869209844049013e-01 9.663596529594609130e-01 9.633613180413130861e-01 9.560360143921874387e-01 9.594817220195647200e-01
0.000000000000000000e+00 0.000000000000000000e+00 0.000000000000000000e+00 0.000000000000000000e+00 0.000000000000000000e+00 0.000000000000000000e+00 0.000000000000000000e+00
9.346903373324432218e-01 9.673326584973068742e-01 9.859599545587836023e-01 9.909753981370852394e-01 9.898682471371305081e-01 9.866556502917590565e-01 9.686365032294210753e-01
9.456774156834863998e-01 9.605609720877935631e-01 9.453216608277589250e-01 4.203569180815046602e-01 5.998555047873572743e-01 4.787161176854252687e-01 4.831496529912061577e-01
9.500133008882691854e-01 9.623913610661799511e-01 9.689784205208636925e-01 9.558427834768979947e-01 9.535767574444227179e-01 7.519397856208573927e-01 9.544450714219597787e-01
8.836074987026740768e-01 8.594175710102945898e-01 8.818257215160647533e-01 9.146333835989942651e-01 9.539905658851028925e-01 9.195732968207476210e-01 9.576445666710287075e-01
0.000000000000000000e+00 0.000000000000000000e+00 0.000000000000000000e+00 0.000000000000000000e+00 0.000000000000000000e+00 0.000000000000000000e+00 0.000000000000000000e+00
8.441159116543153207e-01 8.223575922987448328e-01 8.235734465279155314e-01 9.256479948861449092e-01 9.714512032763931160e-01 9.865700700314197213e-01 9.791037354452245545e-01
9.679793402341341224e-01 9.851091972553092102e-01 9.887634408419727627e-01 9.645179585314158643e-01 8.414814120405296194e-01 7.991968725167111209e-01 9.339917119934353362e-01
2.779346107554271361e-01 1.300510175226269327e-01 1.803681068358938822e-01 4.805314561574989263e-01 8.830178430816391089e-01 8.509341903276502750e-01 5.625720701280394476e-01
7.067377730105753875e-01 5.715340592636855011e-01 8.647928223739296261e-01 9.784505281289797018e-01 9.941193509592336497e-01 9.612414370423192356e-01 9.673950170670473359e-01
9.856627152413918180e-01 9.801584334561542766e-01 9.739289960735559859e-01 9.020514650991083849e-01 9.054509233356929920e-01 7.877291327512557784e-01 4.142596993390438853e-01
9.020203748515358555e-01 8.730499774084429232e-01 9.084558852311598320e-01 8.410079560693903833e-01 7.603839492774215891e-01 6.370139573426123469e-01 5.150168272398421010e-01
