3.172926978036053924e+02 2.985426978036053924e+02 3.217926978036053924e+02 2.355426978036053640e+02 2.752926978036053924e+02 3.017926978036053924e+02 3.497926978036053924e+02
6.566065207681447191e+00 5.816065207681447191e+00 2.066065207681447191e+00 3.553160652076814472e+02 3.563160652076814472e+02 3.573160652076814472e+02 1.066065207681447191e+00
3.506464784125533924e+02 2.396478412553392445e+00 1.439647841255339245e+01 6.396478412553392445e+00 3.381464784125533924e+02 3.381464784125533924e+02 3.478964784125533924e+02
7.144848636054746294e+00 5.394848636054746294e+00 3.394848636054746294e+00 3.894848636054746294e+00 5.144848636054746294e+00 3.563948486360547463e+02 6.144848636054746294e+00
3.577194328043655673e+02 3.572194328043655673e+02 1.719432804365567335e+00 5.469432804365567335e+00 3.589694328043655673e+02 3.129694328043655673e+02 3.479694328043655673e+02
2.720356129701087866e+00 1.970356129701087866e+00 3.594703561297010879e+02 3.579703561297010879e+02 3.564703561297010879e+02 3.512203561297010879e+02 3.470356129701087866e+00
1.720614710154438853e+01 1.595614710154438853e+01 1.320614710154438853e+01 1.120614710154438853e+01 1.820614710154438853e+01 3.517061471015443885e+02 3.537061471015443885e+02
1.971908793770563761e+01 1.996908793770563761e+01 1.821908793770563761e+01 1.521908793770563761e+01 2.546908793770563761e+01 1.921908793770563761e+01 2.646908793770563761e+01
0.000000000000000000e+00 0.000000000000000000e+00 0.000000000000000000e+00 0.000000000000000000e+00 0.000000000000000000e+00 0.000000000000000000e+00 0.000000000000000000e+00
3.520346431495887600e+02 2.284643149588731603e+00 1.403464314958873160e+01 9.534643149588731603e+00 3.425346431495887600e+02 3.337846431495887600e+02 3.447846431495887600e+02
1.663353272320767928e+01 1.588353272320767928e+01 1.188353272320767928e+01 8.883532723207679282e+00 4.633532723207679282e+00 2.363353272320767928e+01 4.963353272320767928e+01
3.251631211162373347e+01 3.251631211162373347e+01 6.266312111623733472e+00 3.495163121116237335e+02 3.552663121116237335e+02 5.516312111623733472e+00 9.016312111623733472e+00
1.352048017318429629e+01 3.770480173184296291e+00 3.452704801731842963e+02 3.232704801731842963e+02 3.162704801731842963e+02 3.420204801731842963e+02 2.020480173184296291e+00
0.000000000000000000e+00 0.000000000000000000e+00 0.000000000000000000e+00 0.000000000000000000e+00 0.000000000000000000e+00 0.000000000000000000e+00 0.000000000000000000e+00
3.528482023236650207e+02 3.538482023236650207e+02 3.553482023236650207e+02 3.555982023236650207e+02 3.553482023236650207e+02 3.555982023236650207e+02 3.560982023236650207e+02
0.000000000000000000e+00 0.000000000000000000e+00 0.000000000000000000e+00 0.000000000000000000e+00 0.000000000000000000e+00 0.000000000000000000e+00 0.000000000000000000e+00
0.000000000000000000e+00 0.000000000000000000e+00 0.000000000000000000e+00 0.000000000000000000e+00 0.000000000000000000e+00 0.000000000000000000e+00 0.000000000000000000e+00
0.000000000000000000e+00 0.000000000000000000e+00 0.000000000000000000e+00 0.000000000000000000e+00 0.000000000000000000e+00 0.000000000000000000e+00 0.000000000000000000e+00
0.000000000000000000e+00 0.000000000000000000e+00 0.000000000000000000e+00 0.000000000000000000e+00 0.000000000000000000e+00 0.000000000000000000e+00 0.000000000000000000e+00
0.000000000000000000e+00 0.000000000000000000e+00 0.000000000000000000e+00 0.000000000000000000e+00 0.000000000000000000e+00 0.000000000000000000e+00 0.000000000000000000e+00
2.286352910289360807e+01 1.936352910289360807e+01 1.286352910289360807e+01 5.863529102893608069e+00 3.363529102893608069e+00 1.136352910289360807e+01 3.481135291028936081e+02
3.338580472927787923e-02 3.582833858047292779e+02 3.587833858047292779e+02 3.577833858047292779e+02 3.490333858047292779e+02 3.100333858047292779e+02 3.530333858047292779e+02
3.545842813999943246e+02 1.084281399994296180e+00 4.084281399994296180e+00 5.334281399994296180e+00 7.584281399994296180e+00 1.083428139999429618e+01 8.428139999429618001e-02
5.331721835906193974e+00 3.331721835906193974e+00 2.081721835906193974e+00 1.581721835906193974e+00 3.558317218359061940e+02 3.520817218359061940e+02 3.570817218359061940e+02
3.531739988661756797e+02 3.561739988661756797e+02 8.923998866175679723e+00 3.242399886617567972e+01 8.673998866175679723e+00 3.444239988661756797e+02 3.466739988661756797e+02
3.570402174349609936e+02 3.477902174349609936e+02 3.402902174349609936e+02 3.512902174349609936e+02 3.577902174349609936e+02 3.462902174349609936e+02 3.527902174349609936e+02
3.545998563632592209e+02 3.488498563632592209e+02 3.490998563632592209e+02 3.510998563632592209e+02 3.475998563632592209e+02 3.490998563632592209e+02 3.563498563632592209e+02
0.000000000000000000e+00 0.000000000000000000e+00 0.000000000000000000e+00 0.000000000000000000e+00 0.000000000000000000e+00 0.000000000000000000e+00 0.000000000000000000e+00
3.565506592246298965e+02 3.530506592246298965e+02 3.523006592246298965e+02 3.553006592246298965e+02 3.535506592246298965e+02 3.563006592246298965e+02 3.568006592246298965e+02
3.569466473517809959e+02 2.594664735178098169e+01 3.094664735178098169e+01 3.586966473517809959e+02 3.181966473517809959e+02 4.719664735178099590e+01 6.144664735178099590e+01
3.599063050870747134e+02 3.594063050870747134e+02 3.579063050870747134e+02 3.581563050870747134e+02 2.156305087074713356e+00 3.346563050870747134e+02 3.384063050870747134e+02
3.498457557642598204e+02 3.538457557642598204e+02 3.583457557642598204e+02 3.495957557642598204e+02 3.380957557642598204e+02 3.590957557642598204e+02 5.845755764259834564e+00
0.000000000000000000e+00 0.000000000000000000e+00 0.000000000000000000e+00 0.000000000000000000e+00 0.000000000000000000e+00 0.000000000000000000e+00 0.000000000000000000e+00
3.582945427786291361e+02 1.854454277862913614e+01 3.129454277862913614e+01 1.354454277862913614e+01 2.294542778629136137e+00 3.567945427786291361e+02 3.555445427786291361e+02
9.904363982394386312e-01 3.589904363982394671e+02 3.549904363982394671e+02 3.337404363982394671e+02 3.112404363982394671e+02 3.322404363982394671e+02 3.740436398239438631e+00
9.196933710121874128e+01 6.146933710121874128e+01 1.546933710121876615e+01 3.524693371012187413e+02 3.522193371012187413e+02 2.496933710121874128e+01 3.221933710121874128e+01
3.484876615491405119e+02 1.198766154914049764e+01 7.987661549140497641e+00 3.529876615491405119e+02 3.552376615491405119e+02 8.737661549140497641e+00 2.487661549140497641e+00
2.159812562641269551e+01 2.084812562641269551e+01 1.809812562641269551e+01 1.509812562641269551e+01 1.459812562641269551e+01 2.509812562641269551e+01 4.959812562641269551e+01
2.843436192636823989e+01 2.668436192636823989e+01 3.393436192636823989e+01 4.168436192636823989e+01 3.668436192636823989e+01 5.018436192636823989e+01 5.568436192636823989e+01
