8.307205386040452666e-01 8.460256037040874144e-01 6.884051623300289080e-01 3.560148472855024226e-01 2.478001036280246816e-01 3.206681245026054006e-01 3.989219131822790976e-01
9.227954571343748302e-01 8.902535724048145083e-01 7.663664057980511535e-01 5.639950784142589990e-01 8.139540366153323880e-01 9.211843257353750092e-01 8.389316035035315755e-01
9.606923020804232216e-01 9.497157104619462498e-01 9.253609057971919905e-01 8.250098342835111564e-01 5.762834175443974916e-01 6.525284552338328492e-01 9.455912931146663869e-01
9.807478451342694914e-01 9.810604302441233715e-01 9.853071430870465885e-01 9.846544307464163426e-01 9.821058769278835365e-01 9.576281526130675514e-01 9.384141641534826661e-01
9.728518129000257586e-01 9.670598802301688668e-01 9.686039262740978595e-01 9.575581448803202056e-01 9.511061960563681472e-01 5.617485453018710162e-01 7.824934932702621859e-01
9.630943334020029001e-01 9.853545141452186851e-01 9.914987735669511526e-01 9.920411481657331887e-01 9.893742960213650628e-01 9.606758344179799902e-01 9.593208085656237394e-01
9.209989111561572850e-01 9.253846759561968893e-01 8.869934004593171828e-01 8.101139577220864973e-01 7.238468745291212203e-01 5.188628330617081064e-01 4.604648087672534862e-01
9.736792986117653870e-01 9.874344973775086576e-01 9.798264831635159489e-01 8.904519327423566777e-01 6.769434397481890464e-01 6.417309293368200773e-01 5.765311985937309203e-01
0.000000000000000000e+00 0.000000000000000000e+00 0.000000000000000000e+00 0.000000000000000000e+00 0.000000000000000000e+00 0.000000000000000000e+00 0.000000000000000000e+00
9.497659940866377548e-01 9.535608209853407846e-01 9.083104819430166676e-01 7.966111668486054453e-01 5.712728551514465458e-01 5.580568934820065996e-01 9.185386465261845546e-01
9.700897667481790387e-01 9.711338529641329043e-01 9.456020276564478522e-01 8.111966791040640112e-01 5.458442335108879551e-01 3.576101199030973232e-01 4.093701306883294477e-01
5.132705133334977132e-01 4.913723277849257332e-01 5.156808574515497900e-01 5.455174310378307911e-01 5.465527154068874349e-01 6.366055504955444588e-01 6.690219777315788985e-01
9.768460756423358315e-01 9.603251514739952199e-01 9.551406825142053636e-01 6.137144260883502511e-01 5.917335430424069953e-01 7.101358288529120433e-01 7.712901477117813931e-01
0.000000000000000000e+00 0.000000000000000000e+00 0.000000000000000000e+00 0.000000000000000000e+00 0.000000000000000000e+00 0.000000000000000000e+00 0.000000000000000000e+00
9.855611876417793571e-01 9.907804959812166468e-01 9.948012212664110177e-01 9.946869495293819696e-01 9.944606755168304835e-01 9.956646171002694334e-01 9.955506352516652058e-01
0.000000000000000000e+00 0.000000000000000000e+00 0.000000000000000000e+00 0.000000000000000000e+00 0.000000000000000000e+00 0.000000000000000000e+00 0.000000000000000000e+00
0.000000000000000000e+00 0.000000000000000000e+00 0.000000000000000000e+00 0.000000000000000000e+00 0.000000000000000000e+00 0.000000000000000000e+00 0.000000000000000000e+00
0.000000000000000000e+00 0.000000000000000000e+00 0.000000000000000000e+00 0.000000000000000000e+00 0.000000000000000000e+00 0.000000000000000000e+00 0.000000000000000000e+00
0.000000000000000000e+00 0.000000000000000000e+00 0.000000000000000000e+00 0.000000000000000000e+00 0.000000000000000000e+00 0.000000000000000000e+00 0.000000000000000000e+00
0.000000000000000000e+00 0.000000000000000000e+00 0.000000000000000000e+00 0.000000000000000000e+00 0.000000000000000000e+00 0.000000000000000000e+00 0.000000000000000000e+00
9.860434954272347952e-01 9.810111769528345738e-01 9.324812037575439527e-01 9.401395122181601671e-01 9.797488917973665723e-01 8.238126284139257738e-01 9.517960629069792677e-01
9.757348600914952375e-01 9.880821992321243696e-01 9.877072917189643197e-01 9.605441555446145863e-01 9.155458084370478034e-01 6.257296104058251984e-01 8.590792536147179304e-01
0.000000000000000000e+00 0.000000000000000000e+00 0.000000000000000000e+00 0.000000000000000000e+00 0.000000000000000000e+00 0.000000000000000000e+00 0.000000000000000000e+00
0.000000000000000000e+00 0.000000000000000000e+00 0.000000000000000000e+00 0.000000000000000000e+00 0.000000000000000000e+00 0.000000000000000000e+00 0.000000000000000000e+00
0.000000000000000000e+00 0.000000000000000000e+00 0.000000000000000000e+00 0.000000000000000000e+00 0.000000000000000000e+00 0.000000000000000000e+00 0.000000000000000000e+00
0.000000000000000000e+00 0.000000000000000000e+00 0.000000000000000000e+00 0.000000000000000000e+00 0.000000000000000000e+00 0.000000000000000000e+00 0.000000000000000000e+00
0.000000000000000000e+00 0.000000000000000000e+00 0.000000000000000000e+00 0.000000000000000000e+00 0.000000000000000000e+00 0.000000000000000000e+00 0.000000000000000000e+00
0.000000000000000000e+00 0.000000000000000000e+00 0.000000000000000000e+00 0.000000000000000000e+00 0.000000000000000000e+00 0.000000000000000000e+00 0.000000000000000000e+00
0.000000000000000000e+00 0.000000000000000000e+00 0.000000000000000000e+00 0.000000000000000000e+00 0.000000000000000000e+00 0.000000000000000000e+00 0.000000000000000000e+00
0.000000000000000000e+00 0.000000000000000000e+00 0.000000000000000000e+00 0.000000000000000000e+00 0.000000000000000000e+00 0.000000000000000000e+00 0.000000000000000000e+00
0.000000000000000000e+00 0.000000000000000000e+00 0.000000000000000000e+00 0.000000000000000000e+00 0.000000000000000000e+00 0.000000000000000000e+00 0.000000000000000000e+00
0.000000000000000000e+00 0.000000000000000000e+00 0.000000000000000000e+00 0.000000000000000000e+00 0.000000000000000000e+00 0.000000000000000000e+00 0.000000000000000000e+00
0.000000000000000000e+00 0.000000000000000000e+00 0.000000000000000000e+00 0.000000000000000000e+00 0.000000000000000000e+00 0.000000000000000000e+00 0.000000000000000000e+00
0.000000000000000000e+00 0.000000000000000000e+00 0.000000000000000000e+00 0.000000000000000000e+00 0.000000000000000000e+00 0.000000000000000000e+00 0.000000000000000000e+00
0.000000000000000000e+00 0.000000000000000000e+00 0.000000000000000000e+00 0.000000000000000000e+00 0.000000000000000000e+00 0.000000000000000000e+00 0.000000000000000000e+00
0.000000000000000000e+00 0.000000000000000000e+00 0.000000000000000000e+00 0.000000000000000000e+00 0.000000000000000000e+00 0.000000000000000000e+00 0.000000000000000000e+00
0.000000000000000000e+00 0.000000000000000000e+00 0.000000000000000000e+00 0.000000000000000000e+00 0.000000000000000000e+00 0.000000000000000000e+00 0.000000000000000000e+00
0.000000000000000000e+00 0.000000000000000000e+00 0.000000000000000000e+00 0.000000000000000000e+00 0.000000000000000000e+00 0.000000000000000000e+00 0.000000000000000000e+00
0.000000000000000000e+00 0.000000000000000000e+00 0.000000000000000000e+00 0.000000000000000000e+00 0.000000000000000000e+00 0.000000000000000000e+00 0.000000000000000000e+00
