6.785894711573369209e-01 6.467635998542722309e-01 6.685468078342063913e-01 5.986569101831937800e-01 6.437462212790462379e-01 6.094261924871701153e-01 6.743052437039273039e-01
8.555597211659754509e-01 8.183106091265345272e-01 8.837701883205045794e-01 8.957490893379389529e-01 8.385274640976052574e-01 8.078070177785092731e-01 8.041943942853494454e-01
7.723679596876714681e-01 6.426901214532340090e-01 3.577377406673829530e-01 5.478348020411237806e-01 8.374627921556628829e-01 9.177097684186908966e-01 9.720680010577127383e-01
7.649420824929620277e-01 8.629329694399678896e-01 8.856593204508624861e-01 8.997248567539803954e-01 7.790901769135005761e-01 5.871947881717578532e-01 5.063408704133104399e-01
7.617220911725438581e-01 9.212075121881410089e-01 8.742762391149498935e-01 8.643934743199520598e-01 8.735235706247105325e-01 8.002049714101576727e-01 6.663415800855069238e-01
9.436337647617967228e-01 8.461690645229862362e-01 7.869455633045148168e-01 8.967747249460894521e-01 7.797554801975794536e-01 6.161115661849099201e-01 3.928124003729169811e-01
8.872188917472398906e-01 8.680654653556713063e-01 8.664922298198517447e-01 7.519376499938225100e-01 7.074884130568568352e-01 8.154199304275373539e-01 7.653451427817663522e-01
8.383786163704751715e-01 7.637214146129396308e-01 5.991605834962488997e-01 6.353050235368276066e-01 6.426615758956875091e-01 7.103019737642591869e-01 8.981217068497664435e-01
0.000000000000000000e+00 0.000000000000000000e+00 0.000000000000000000e+00 0.000000000000000000e+00 0.000000000000000000e+00 0.000000000000000000e+00 0.000000000000000000e+00
8.369379066878005480e-01 8.068763728251815426e-01 7.103981016493446932e-01 8.128349314317356855e-01 9.182382845500809410e-01 9.533439215178849402e-01 9.677328114228394007e-01
5.939240121131544869e-01 7.260732049623842554e-01 6.400345773899716040e-01 5.193064781445717593e-01 5.701795915891784139e-01 6.358864509822539368e-01 5.284208152858771435e-01
2.945442721978955847e-01 1.000286546982941810e-01 1.629733102341797413e-01 5.044960366415290887e-02 4.767610564583343868e-01 6.444193139626752664e-01 4.688367426478284861e-01
8.587904664237911989e-01 6.692490592311367559e-01 8.712129362624451145e-01 9.609854098415663293e-01 9.243401895864024054e-01 8.804589683397892053e-01 9.537599534054258532e-01
0.000000000000000000e+00 0.000000000000000000e+00 0.000000000000000000e+00 0.000000000000000000e+00 0.000000000000000000e+00 0.000000000000000000e+00 0.000000000000000000e+00
8.464273370433301746e-01 9.355154758308776852e-01 9.791807379210780704e-01 9.742033670991409045e-01 9.559640858283066089e-01 9.674402586228380008e-01 9.717923462531316003e-01
0.000000000000000000e+00 0.000000000000000000e+00 0.000000000000000000e+00 0.000000000000000000e+00 0.000000000000000000e+00 0.000000000000000000e+00 0.000000000000000000e+00
0.000000000000000000e+00 0.000000000000000000e+00 0.000000000000000000e+00 0.000000000000000000e+00 0.000000000000000000e+00 0.000000000000000000e+00 0.000000000000000000e+00
0.000000000000000000e+00 0.000000000000000000e+00 0.000000000000000000e+00 0.000000000000000000e+00 0.000000000000000000e+00 0.000000000000000000e+00 0.000000000000000000e+00
0.000000000000000000e+00 0.000000000000000000e+00 0.000000000000000000e+00 0.000000000000000000e+00 0.000000000000000000e+00 0.000000000000000000e+00 0.000000000000000000e+00
0.000000000000000000e+00 0.000000000000000000e+00 0.000000000000000000e+00 0.000000000000000000e+00 0.000000000000000000e+00 0.000000000000000000e+00 0.000000000000000000e+00
7.650952946011038147e-01 7.595057856440720068e-01 6.746734516652767022e-01 4.548996784401518334e-01 5.043597664832207839e-01 7.311733027835665144e-01 5.436128608038025556e-01
7.614933404018491281e-01 7.913653681172168053e-01 6.457460091588053119e-01 8.157831389505669772e-01 8.593581886869519071e-01 5.616908672061337038e-01 3.593071400670183602e-01
0.000000000000000000e+00 0.000000000000000000e+00 0.000000000000000000e+00 0.000000000000000000e+00 0.000000000000000000e+00 0.000000000000000000e+00 0.000000000000000000e+00
0.000000000000000000e+00 0.000000000000000000e+00 0.000000000000000000e+00 0.000000000000000000e+00 0.000000000000000000e+00 0.000000000000000000e+00 0.000000000000000000e+00
0.000000000000000000e+00 0.000000000000000000e+00 0.000000000000000000e+00 0.000000000000000000e+00 0.000000000000000000e+00 0.000000000000000000e+00 0.000000000000000000e+00
0.000000000000000000e+00 0.000000000000000000e+00 0.000000000000000000e+00 0.000000000000000000e+00 0.000000000000000000e+00 0.000000000000000000e+00 0.000000000000000000e+00
0.000000000000000000e+00 0.000000000000000000e+00 0.000000000000000000e+00 0.000000000000000000e+00 0.000000000000000000e+00 0.000000000000000000e+00 0.000000000000000000e+00
0.000000000000000000e+00 0.000000000000000000e+00 0.000000000000000000e+00 0.000000000000000000e+00 0.000000000000000000e+00 0.000000000000000000e+00 0.000000000000000000e+00
0.000000000000000000e+00 0.000000000000000000e+00 0.000000000000000000e+00 0.000000000000000000e+00 0.000000000000000000e+00 0.000000000000000000e+00 0.000000000000000000e+00
0.000000000000000000e+00 0.000000000000000000e+00 0.000000000000000000e+00 0.000000000000000000e+00 0.000000000000000000e+00 0.000000000000000000e+00 0.000000000000000000e+00
0.000000000000000000e+00 0.000000000000000000e+00 0.000000000000000000e+00 0.000000000000000000e+00 0.000000000000000000e+00 0.000000000000000000e+00 0.000000000000000000e+00
0.000000000000000000e+00 0.000000000000000000e+00 0.000000000000000000e+00 0.000000000000000000e+00 0.000000000000000000e+00 0.000000000000000000e+00 0.000000000000000000e+00
0.000000000000000000e+00 0.000000000000000000e+00 0.000000000000000000e+00 0.000000000000000000e+00 0.000000000000000000e+00 0.000000000000000000e+00 0.000000000000000000e+00
0.000000000000000000e+00 0.000000000000000000e+00 0.000000000000000000e+00 0.000000000000000000e+00 0.000000000000000000e+00 0.000000000000000000e+00 0.000000000000000000e+00
0.000000000000000000e+00 0.000000000000000000e+00 0.000000000000000000e+00 0.000000000000000000e+00 0.000000000000000000e+00 0.000000000000000000e+00 0.000000000000000000e+00
0.000000000000000000e+00 0.000000000000000000e+00 0.000000000000000000e+00 0.000000000000000000e+00 0.000000000000000000e+00 0.000000000000000000e+00 0.000000000000000000e+00
0.000000000000000000e+00 0.000000000000000000e+00 0.000000000000000000e+00 0.000000000000000000e+00 0.000000000000000000e+00 0.000000000000000000e+00 0.000000000000000000e+00
0.000000000000000000e+00 0.000000000000000000e+00 0.000000000000000000e+00 0.000000000000000000e+00 0.000000000000000000e+00 0.000000000000000000e+00 0.000000000000000000e+00
0.000000000000000000e+00 0.000000000000000000e+00 0.000000000000000000e+00 0.000000000000000000e+00 0.000000000000000000e+00 0.000000000000000000e+00 0.000000000000000000e+00
