7.434980905072224866e-01 5.162084075762741753e-01 4.286808651267771664e-01 2.027434621436354778e-01 2.275934007804831238e-01 3.000775566758292490e-01 7.545047837494996967e-01
9.654999509276761538e-01 9.673118828660266511e-01 9.625829165923014408e-01 9.429562956891278658e-01 9.561192829033581253e-01 8.669968231112985535e-01 4.870793145399167634e-01
9.233709104059859563e-01 9.170485433455562996e-01 8.919888741117496522e-01 8.599673916236731941e-01 8.147187721733692989e-01 8.566530607776610129e-01 9.361131102014537131e-01
9.801753464918309122e-01 9.853252716212848039e-01 9.860080652863062456e-01 9.749597644917971095e-01 9.815762294538407096e-01 9.488734106457921147e-01 9.381177964588849338e-01
9.821660719357415692e-01 9.707706358232096600e-01 9.571076929863632232e-01 9.179740865875201106e-01 9.233284469773402892e-01 5.060817129385575264e-01 9.278093424383112575e-01
9.669337398081748747e-01 9.706997427548590407e-01 9.774008447138172739e-01 9.822724244740996813e-01 9.813649076716906006e-01 9.648031712532975090e-01 9.605828247885461746e-01
9.883541593253595270e-01 9.892655006114999816e-01 9.836878860737753305e-01 9.712219855686636816e-01 7.845341867191745200e-01 7.724091779166066818e-01 9.338127585795187313e-01
9.906150808274015729e-01 9.889895130077861474e-01 9.787552584519326748e-01 9.263193476938242910e-01 7.357759109698590594e-01 6.833496459879424556e-01 7.356432698449153484e-01
0.000000000000000000e+00 0.000000000000000000e+00 0.000000000000000000e+00 0.000000000000000000e+00 0.000000000000000000e+00 0.000000000000000000e+00 0.000000000000000000e+00
8.894717974395801585e-01 8.668736976727601240e-01 7.508402028769404213e-01 8.280831599650532171e-01 8.331877241132809031e-01 7.731991516731462344e-01 8.738952228411417389e-01
9.797543668542291195e-01 9.836565759791147112e-01 9.823077252384951885e-01 9.692228103270559281e-01 9.497661161348064374e-01 4.653358077609170418e-01 4.601671743811519555e-01
7.221455770750658809e-01 7.093606895170658788e-01 7.076402609853230663e-01 5.271951615785246403e-01 5.961480554290392586e-01 5.548120835977131682e-01 4.463581494369363578e-01
9.788641824277038994e-01 9.664613081822304164e-01 9.004477744359082880e-01 8.198112575494708176e-01 7.028145914852608200e-01 6.519907819050539954e-01 7.695446048254580562e-01
0.000000000000000000e+00 0.000000000000000000e+00 0.000000000000000000e+00 0.000000000000000000e+00 0.000000000000000000e+00 0.000000000000000000e+00 0.000000000000000000e+00
9.603870531470841687e-01 9.629163465360049967e-01 9.659594529287170994e-01 9.698039556859485710e-01 9.740333872351734090e-01 9.797509816585933118e-01 9.866083393980406013e-01
0.000000000000000000e+00 0.000000000000000000e+00 0.000000000000000000e+00 0.000000000000000000e+00 0.000000000000000000e+00 0.000000000000000000e+00 0.000000000000000000e+00
0.000000000000000000e+00 0.000000000000000000e+00 0.000000000000000000e+00 0.000000000000000000e+00 0.000000000000000000e+00 0.000000000000000000e+00 0.000000000000000000e+00
0.000000000000000000e+00 0.000000000000000000e+00 0.000000000000000000e+00 0.000000000000000000e+00 0.000000000000000000e+00 0.000000000000000000e+00 0.000000000000000000e+00
0.000000000000000000e+00 0.000000000000000000e+00 0.000000000000000000e+00 0.000000000000000000e+00 0.000000000000000000e+00 0.000000000000000000e+00 0.000000000000000000e+00
0.000000000000000000e+00 0.000000000000000000e+00 0.000000000000000000e+00 0.000000000000000000e+00 0.000000000000000000e+00 0.000000000000000000e+00 0.000000000000000000e+00
9.863479852006387105e-01 9.858466375191516917e-01 9.738092194325645989e-01 9.525825480637363230e-01 9.599477208669763284e-01 9.455991701435900731e-01 8.309607541591363944e-01
9.672576881427862316e-01 9.777968756624584312e-01 9.817735113835240890e-01 9.834239034697438431e-01 9.791117131492984571e-01 5.371246969200830224e-01 9.481838098083983368e-01
9.425523635203229000e-01 9.487499879220256949e-01 9.043352477229229525e-01 8.568512339790107513e-01 9.361793542056910944e-01 9.714681925058087364e-01 9.309998304960142024e-01
9.886672808782837052e-01 9.867695089136809816e-01 9.839062348719109785e-01 9.808402010475387733e-01 9.783931372507657098e-01 9.769648257435722405e-01 9.420728264967949128e-01
6.825060272901048997e-01 6.113992798888496782e-01 6.847544804518411743e-01 8.203736057511071822e-01 8.797872503582647719e-01 8.605907315745130459e-01 9.357767168756977449e-01
9.594273425101942365e-01 9.524711096434692603e-01 8.370943667226250495e-01 9.485776396816353317e-01 9.545378572088806246e-01 9.126016714672791075e-01 8.262316339109618823e-01
9.614996718334664072e-01 9.546271670701859113e-01 9.542694870576232669e-01 9.454182524616537853e-01 9.416026807603271598e-01 9.577039702103050667e-01 9.639414240282588864e-01
0.000000000000000000e+00 0.000000000000000000e+00 0.000000000000000000e+00 0.000000000000000000e+00 0.000000000000000000e+00 0.000000000000000000e+00 0.000000000000000000e+00
9.338809870174001881e-01 9.529748071064816362e-01 9.606914991736287268e-01 9.683297853509107433e-01 9.751323470458056475e-01 9.754865382362785109e-01 9.640268535562196428e-01
8.981947071711482433e-01 7.859915340424534769e-01 7.025247891295557379e-01 5.937825234114774142e-01 5.525817522931684156e-01 4.934066312173892577e-01 4.895130427203990831e-01
9.787596646939922262e-01 9.752885589403073041e-01 9.528213230870213879e-01 9.096954143020834493e-01 9.059663787022487202e-01 7.220517133242256858e-01 8.907237120523653351e-01
8.995931448404980157e-01 9.244401311786571984e-01 9.154096231750274981e-01 8.697481849025431311e-01 8.516296987115590245e-01 8.903416970878222925e-01 8.760652296736664013e-01
0.000000000000000000e+00 0.000000000000000000e+00 0.000000000000000000e+00 0.000000000000000000e+00 0.000000000000000000e+00 0.000000000000000000e+00 0.000000000000000000e+00
8.629760789264958598e-01 7.977346150368402888e-01 8.687108794049317462e-01 9.311264687577359700e-01 9.719342550182812346e-01 9.828159715863353796e-01 9.759696726038114001e-01
9.569783970598280121e-01 9.518635801018400233e-01 9.543223879145323885e-01 9.392930138751682811e-01 7.869339626275860811e-01 7.610572307714369433e-01 8.648968217898281852e-01
2.454696630555014136e-01 1.198472887519892172e-01 2.393325690391393257e-01 2.989857869604408691e-01 8.455481888107040378e-01 7.903278935106997638e-01 4.815175120380960072e-01
0.000000000000000000e+00 0.000000000000000000e+00 0.000000000000000000e+00 0.000000000000000000e+00 0.000000000000000000e+00 0.000000000000000000e+00 0.000000000000000000e+00
0.000000000000000000e+00 0.000000000000000000e+00 0.000000000000000000e+00 0.000000000000000000e+00 0.000000000000000000e+00 0.000000000000000000e+00 0.000000000000000000e+00
0.000000000000000000e+00 0.000000000000000000e+00 0.000000000000000000e+00 0.000000000000000000e+00 0.000000000000000000e+00 0.000000000000000000e+00 0.000000000000000000e+00
0.000000000000000000e+00 0.000000000000000000e+00 0.000000000000000000e+00 0.000000000000000000e+00 0.000000000000000000e+00 0.000000000000000000e+00 0.000000000000000000e+00
0.000000000000000000e+00 0.000000000000000000e+00 0.000000000000000000e+00 0.000000000000000000e+00 0.000000000000000000e+00 0.000000000000000000e+00 0.000000000000000000e+00
0.000000000000000000e+00 0.000000000000000000e+00 0.000000000000000000e+00 0.000000000000000000e+00 0.000000000000000000e+00 0.000000000000000000e+00 0.000000000000000000e+00
0.000000000000000000e+00 0.000000000000000000e+00 0.000000000000000000e+00 0.000000000000000000e+00 0.000000000000000000e+00 0.000000000000000000e+00 0.000000000000000000e+00
0.000000000000000000e+00 0.000000000000000000e+00 0.000000000000000000e+00 0.000000000000000000e+00 0.000000000000000000e+00 0.000000000000000000e+00 0.000000000000000000e+00
0.000000000000000000e+00 0.000000000000000000e+00 0.000000000000000000e+00 0.000000000000000000e+00 0.000000000000000000e+00 0.000000000000000000e+00 0.000000000000000000e+00
0.000000000000000000e+00 0.000000000000000000e+00 0.000000000000000000e+00 0.000000000000000000e+00 0.000000000000000000e+00 0.000000000000000000e+00 0.000000000000000000e+00
0.000000000000000000e+00 0.000000000000000000e+00 0.000000000000000000e+00 0.000000000000000000e+00 0.000000000000000000e+00 0.000000000000000000e+00 0.000000000000000000e+00
0.000000000000000000e+00 0.000000000000000000e+00 0.000000000000000000e+00 0.000000000000000000e+00 0.000000000000000000e+00 0.000000000000000000e+00 0.000000000000000000e+00
0.000000000000000000e+00 0.000000000000000000e+00 0.000000000000000000e+00 0.000000000000000000e+00 0.000000000000000000e+00 0.000000000000000000e+00 0.000000000000000000e+00
0.000000000000000000e+00 0.000000000000000000e+00 0.000000000000000000e+00 0.000000000000000000e+00 0.000000000000000000e+00 0.000000000000000000e+00 0.000000000000000000e+00
0.000000000000000000e+00 0.000000000000000000e+00 0.000000000000000000e+00 0.000000000000000000e+00 0.000000000000000000e+00 0.000000000000000000e+00 0.000000000000000000e+00
0.000000000000000000e+00 0.000000000000000000e+00 0.000000000000000000e+00 0.000000000000000000e+00 0.000000000000000000e+00 0.000000000000000000e+00 0.000000000000000000e+00
0.000000000000000000e+00 0.000000000000000000e+00 0.000000000000000000e+00 0.000000000000000000e+00 0.000000000000000000e+00 0.000000000000000000e+00 0.000000000000000000e+00
0.000000000000000000e+00 0.000000000000000000e+00 0.000000000000000000e+00 0.000000000000000000e+00 0.000000000000000000e+00 0.000000000000000000e+00 0.000000000000000000e+00
0.000000000000000000e+00 0.000000000000000000e+00 0.000000000000000000e+00 0.000000000000000000e+00 0.000000000000000000e+00 0.000000000000000000e+00 0.000000000000000000e+00
0.000000000000000000e+00 0.000000000000000000e+00 0.000000000000000000e+00 0.000000000000000000e+00 0.000000000000000000e+00 0.000000000000000000e+00 0.000000000000000000e+00
0.000000000000000000e+00 0.000000000000000000e+00 0.000000000000000000e+00 0.000000000000000000e+00 0.000000000000000000e+00 0.000000000000000000e+00 0.000000000000000000e+00
0.000000000000000000e+00 0.000000000000000000e+00 0.000000000000000000e+00 0.000000000000000000e+00 0.000000000000000000e+00 0.000000000000000000e+00 0.000000000000000000e+00
0.000000000000000000e+00 0.000000000000000000e+00 0.000000000000000000e+00 0.000000000000000000e+00 0.000000000000000000e+00 0.000000000000000000e+00 0.000000000000000000e+00
0.000000000000000000e+00 0.000000000000000000e+00 0.000000000000000000e+00 0.000000000000000000e+00 0.000000000000000000e+00 0.000000000000000000e+00 0.000000000000000000e+00
0.000000000000000000e+00 0.000000000000000000e+00 0.000000000000000000e+00 0.000000000000000000e+00 0.000000000000000000e+00 0.000000000000000000e+00 0.000000000000000000e+00
0.000000000000000000e+00 0.000000000000000000e+00 0.000000000000000000e+00 0.000000000000000000e+00 0.000000000000000000e+00 0.000000000000000000e+00 0.000000000000000000e+00
0.000000000000000000e+00 0.000000000000000000e+00 0.000000000000000000e+00 0.000000000000000000e+00 0.000000000000000000e+00 0.000000000000000000e+00 0.000000000000000000e+00
0.000000000000000000e+00 0.000000000000000000e+00 0.000000000000000000e+00 0.000000000000000000e+00 0.000000000000000000e+00 0.000000000000000000e+00 0.000000000000000000e+00
0.000000000000000000e+00 0.000000000000000000e+00 0.000000000000000000e+00 0.000000000000000000e+00 0.000000000000000000e+00 0.000000000000000000e+00 0.000000000000000000e+00
0.000000000000000000e+00 0.000000000000000000e+00 0.000000000000000000e+00 0.000000000000000000e+00 0.000000000000000000e+00 0.000000000000000000e+00 0.000000000000000000e+00
0.000000000000000000e+00 0.000000000000000000e+00 0.000000000000000000e+00 0.000000000000000000e+00 0.000000000000000000e+00 0.000000000000000000e+00 0.000000000000000000e+00
0.000000000000000000e+00 0.000000000000000000e+00 0.000000000000000000e+00 0.000000000000000000e+00 0.000000000000000000e+00 0.000000000000000000e+00 0.000000000000000000e+00
