9.183812338946898413e-01 8.496886282057172224e-01 7.430470917335482151e-01 3.706014992661114116e-01 4.364936293000107881e-01 1.550076687368296680e-01 4.335552951566240543e-01
8.660595354713435112e-01 9.044059239794640659e-01 8.958595992199079872e-01 9.324599650968584674e-01 8.868363402478566249e-01 8.016393505287765509e-01 8.507197940388863122e-01
7.859946233887580291e-01 7.358127136808656488e-01 5.897475553112233593e-01 6.493602778643592366e-01 8.230337554820209567e-01 8.991025938329050282e-01 9.513729937091268685e-01
8.255541466378474302e-01 8.879666550959898208e-01 8.986927515177810522e-01 8.946741757711559329e-01 9.173688483368014346e-01 6.499735210082752124e-01 3.591906683845459969e-01
8.273503175022880463e-01 9.020897598284323138e-01 8.671455296412363678e-01 8.922689210662325676e-01 9.405556146576217191e-01 8.329694969366798762e-01 5.437785596051984971e-01
9.449081443686456749e-01 8.631948799905868608e-01 7.865131933926070573e-01 8.552304483493228249e-01 8.701902304324411475e-01 7.815935357310626053e-01 6.483523737880431126e-01
0.000000000000000000e+00 0.000000000000000000e+00 0.000000000000000000e+00 0.000000000000000000e+00 0.000000000000000000e+00 0.000000000000000000e+00 0.000000000000000000e+00
8.050280209231180928e-01 9.094941786141922391e-01 8.720637594512291590e-01 7.812499062564218777e-01 5.562705325531971390e-01 7.369379340749737661e-01 8.871885604931040170e-01
0.000000000000000000e+00 0.000000000000000000e+00 0.000000000000000000e+00 0.000000000000000000e+00 0.000000000000000000e+00 0.000000000000000000e+00 0.000000000000000000e+00
8.749074391022284569e-01 8.137990170723305994e-01 8.525251553768434798e-01 8.166259513938237680e-01 8.440033712764745122e-01 9.217628896290648299e-01 9.647408446997025600e-01
6.162414079753451013e-01 6.526312342503985953e-01 5.476301839169951391e-01 5.617692769464490699e-01 2.356594751079839900e-01 3.736431044856331485e-01 3.916604495143049536e-01
2.449889708767147012e-01 2.484166367343500492e-01 1.378420218059296931e-01 2.433965569213659974e-01 5.365948935459180502e-01 2.975642717815975002e-01 5.444898816428224153e-01
7.733679209682093880e-01 7.422621840734322518e-01 6.225749683631335296e-01 8.418373667403751259e-01 8.590832889772822556e-01 8.692779281104653366e-01 9.545184599608822484e-01
0.000000000000000000e+00 0.000000000000000000e+00 0.000000000000000000e+00 0.000000000000000000e+00 0.000000000000000000e+00 0.000000000000000000e+00 0.000000000000000000e+00
8.185933899793756963e-01 9.167638490028188203e-01 9.602987411065542211e-01 9.689914320893262545e-01 9.359932690203686123e-01 8.957263998065377875e-01 9.478856373710821126e-01
0.000000000000000000e+00 0.000000000000000000e+00 0.000000000000000000e+00 0.000000000000000000e+00 0.000000000000000000e+00 0.000000000000000000e+00 0.000000000000000000e+00
0.000000000000000000e+00 0.000000000000000000e+00 0.000000000000000000e+00 0.000000000000000000e+00 0.000000000000000000e+00 0.000000000000000000e+00 0.000000000000000000e+00
0.000000000000000000e+00 0.000000000000000000e+00 0.000000000000000000e+00 0.000000000000000000e+00 0.000000000000000000e+00 0.000000000000000000e+00 0.000000000000000000e+00
0.000000000000000000e+00 0.000000000000000000e+00 0.000000000000000000e+00 0.000000000000000000e+00 0.000000000000000000e+00 0.000000000000000000e+00 0.000000000000000000e+00
0.000000000000000000e+00 0.000000000000000000e+00 0.000000000000000000e+00 0.000000000000000000e+00 0.000000000000000000e+00 0.000000000000000000e+00 0.000000000000000000e+00
6.920441578543516936e-01 8.788784523142851857e-01 7.983974595878599034e-01 1.745619189056669129e-01 3.027955941187208122e-01 2.061875821790610241e-01 4.861299156815325206e-01
8.864712865029806821e-01 8.784091933882666181e-01 8.602869196166736954e-01 9.242185670462476077e-01 9.552993644599531153e-01 9.462534257212221744e-01 7.952076781742772882e-01
8.417964794072396728e-01 8.787577499958054705e-01 9.312105003437103345e-01 7.907868334668142207e-01 9.104619432338730833e-01 9.297309078368395374e-01 9.203222236667747413e-01
9.310953650533423387e-01 9.466826948184298152e-01 9.256942719968133115e-01 7.139593543784039653e-01 7.290695468507903954e-01 6.415242941171795943e-01 5.614365185171293904e-01
8.167051251852427418e-01 8.948268648654277291e-01 9.306408841995279513e-01 8.547242904527593277e-01 8.954305659444714571e-01 8.395371994704309282e-01 8.589755166611123816e-01
9.131720021066018766e-01 9.375381258288520980e-01 9.140087351171140018e-01 8.809259292279099096e-01 8.886761824527198428e-01 8.793382407073927487e-01 6.407865887668916516e-01
8.396684956742549444e-01 8.461990636129366194e-01 8.723233850713785209e-01 9.021015341380675956e-01 9.233578863687391669e-01 9.293322411110490622e-01 9.769414604574242489e-01
0.000000000000000000e+00 0.000000000000000000e+00 0.000000000000000000e+00 0.000000000000000000e+00 0.000000000000000000e+00 0.000000000000000000e+00 0.000000000000000000e+00
9.370691335142500300e-01 9.090548180967629177e-01 9.164232892996294622e-01 8.282883047114932840e-01 8.661629217209176890e-01 8.075180789625632238e-01 7.349176832391369762e-01
2.557639547115780898e-01 6.744194502945103364e-01 8.510537823391123302e-01 7.370747897912214297e-01 3.315395437792238442e-01 3.499045191297183721e-01 5.527073092717493807e-01
9.075098798619575247e-01 8.953887837829062057e-01 8.925724790073451542e-01 7.082045703372997769e-01 8.839716780439309529e-01 9.177652021015287875e-01 9.641683297116908635e-01
9.119414632144198229e-01 9.161025149612176399e-01 8.801882214962154505e-01 6.693841797383287551e-01 6.291124810585090321e-01 7.274748690912770099e-01 6.686316741710028877e-01
0.000000000000000000e+00 0.000000000000000000e+00 0.000000000000000000e+00 0.000000000000000000e+00 0.000000000000000000e+00 0.000000000000000000e+00 0.000000000000000000e+00
8.509839180813711934e-01 8.886838663111583658e-01 8.942040228778816990e-01 9.259928286817471488e-01 9.757031685168547908e-01 9.861667973719987490e-01 9.924667018226441817e-01
9.009505726302222683e-01 8.348040767650397598e-01 7.116134515649394920e-01 6.199748935017722618e-01 7.449753714132558713e-01 8.638465814068908566e-01 9.343901386134844111e-01
8.984842500120364672e-01 8.437626889281536480e-01 7.499578640494203308e-01 6.042506665819915579e-01 6.010694837124510581e-01 5.967344522937676476e-01 4.830322136389176291e-01
7.522936656723757665e-01 5.847815743356328255e-01 3.186485359147869234e-01 1.596215944622271510e-01 7.089737050968860643e-01 7.889695421834006517e-01 7.666170408590542440e-01
6.013484417838660390e-01 5.275209751576905859e-01 5.291739731666987856e-01 4.971545746282930445e-01 3.775863534527370002e-01 4.220006885100212601e-01 7.128437723589835517e-01
6.088626178196442362e-01 6.149176652809211774e-01 7.254456292905320236e-01 8.165919465269018129e-01 7.986088982024850402e-01 7.279703349904583787e-01 8.943025587158281997e-01
