5.726278198834135191e-02 7.096552623412198668e-02 2.620307705453643263e-02 1.580204624557653426e-01 5.471644523878640420e-01 4.849972348654373877e-01 2.229262712250990597e-01
9.115162147721995664e-03 9.121704971600623491e-02 3.004366413548817949e-01 4.691239859177576688e-01 5.403434827438848842e-01 1.451254305800312450e-01 1.482430268252806493e-01
0.000000000000000000e+00 0.000000000000000000e+00 0.000000000000000000e+00 0.000000000000000000e+00 0.000000000000000000e+00 0.000000000000000000e+00 0.000000000000000000e+00
0.000000000000000000e+00 0.000000000000000000e+00 0.000000000000000000e+00 0.000000000000000000e+00 0.000000000000000000e+00 0.000000000000000000e+00 0.000000000000000000e+00
1.312984776866380487e-01 1.869600861729054098e-01 8.459172571369538707e-02 1.544559501651482092e-01 1.173525595362351903e-01 8.086303572162339970e-02 3.201729856736603153e-01
0.000000000000000000e+00 0.000000000000000000e+00 0.000000000000000000e+00 0.000000000000000000e+00 0.000000000000000000e+00 0.000000000000000000e+00 0.000000000000000000e+00
7.295565492986169631e-02 3.154423118165788908e-01 4.613001639512223084e-01 3.937508983021449915e-01 4.175817900614919864e-01 4.800331631966806567e-01 1.328710429388114955e-01
1.646229789686488865e-01 1.341878219666117478e-01 1.229099615438681431e-01 1.404656257242884072e-02 5.502545230566925627e-02 8.728239885753974470e-02 2.888718298479834301e-01
0.000000000000000000e+00 0.000000000000000000e+00 0.000000000000000000e+00 0.000000000000000000e+00 0.000000000000000000e+00 0.000000000000000000e+00 0.000000000000000000e+00
0.000000000000000000e+00 0.000000000000000000e+00 0.000000000000000000e+00 0.000000000000000000e+00 0.000000000000000000e+00 0.000000000000000000e+00 0.000000000000000000e+00
6.502521746787547074e-02 8.977599265662310202e-02 1.228336363814384359e-02 2.370048638485625428e-02 1.005798344190183963e-01 1.485624950451801818e-01 4.725391901171013126e-02
2.098650828375289989e-01 3.047431901652594144e-01 6.141961603845953743e-03 5.088556100560086559e-01 3.916757805041322094e-01 3.351953810973480330e-01 3.774585743317561137e-01
1.572236612611037920e-01 7.645789506919019318e-02 4.021905658217022478e-02 7.272901576067718199e-02 4.202536009041876047e-02 1.254473095682042683e-01 1.912911074085880125e-01
2.530739756586029010e-01 4.025691204718678251e-01 3.348309934045941572e-01 8.241912465162051782e-02 1.016010722321950832e-01 4.626961366591124114e-01 1.587707490997916915e-01
3.633923563381147859e-01 2.406279248823034178e-01 1.419101065355851954e-01 1.804332048496177787e-01 1.589627538605339341e-01 2.389579678176848368e-02 2.015679905122731430e-01
0.000000000000000000e+00 0.000000000000000000e+00 0.000000000000000000e+00 0.000000000000000000e+00 0.000000000000000000e+00 0.000000000000000000e+00 0.000000000000000000e+00
0.000000000000000000e+00 0.000000000000000000e+00 0.000000000000000000e+00 0.000000000000000000e+00 0.000000000000000000e+00 0.000000000000000000e+00 0.000000000000000000e+00
9.358198447011571719e-02 1.328069060896981957e-01 2.805887223542285688e-02 6.467915531825471631e-02 1.231190312071670234e-01 7.011331995868941291e-02 1.010751859162864752e-01
1.875619191136902175e-01 3.509184504407411587e-02 1.613004761425164413e-01 2.830800921126591096e-01 2.081737298045538975e-01 2.618326215310582405e-01 4.938141377624477579e-01
0.000000000000000000e+00 0.000000000000000000e+00 0.000000000000000000e+00 0.000000000000000000e+00 0.000000000000000000e+00 0.000000000000000000e+00 0.000000000000000000e+00
0.000000000000000000e+00 0.000000000000000000e+00 0.000000000000000000e+00 0.000000000000000000e+00 0.000000000000000000e+00 0.000000000000000000e+00 0.000000000000000000e+00
6.425859333662986561e-02 7.163688715727020706e-03 1.783435326681872823e-01 1.968660229603081402e-01 1.592118500686251770e-01 1.886158973929103755e-01 3.141657493287269287e-01
2.090847892499205288e-02 6.159625879904966766e-02 1.557187923361951221e-01 1.319364848349498520e-01 1.824345750528723609e-01 1.643942104762143031e-02 2.321749280729398096e-02
0.000000000000000000e+00 0.000000000000000000e+00 0.000000000000000000e+00 0.000000000000000000e+00 0.000000000000000000e+00 0.000000000000000000e+00 0.000000000000000000e+00
3.709850203496302401e-02 7.249197139180640903e-02 1.798772598618159635e-01 1.294679394284264096e-01 9.329094121007404372e-02 1.249277266093963418e-01 3.167783376339608492e-02
1.465569039674850804e-01 1.948731756291400274e-01 3.168597723114121578e-01 9.138770050187597360e-02 8.902344847370632919e-02 1.618318141706796831e-01 1.577239289378883635e-01
0.000000000000000000e+00 0.000000000000000000e+00 0.000000000000000000e+00 0.000000000000000000e+00 0.000000000000000000e+00 0.000000000000000000e+00 0.000000000000000000e+00
0.000000000000000000e+00 0.000000000000000000e+00 0.000000000000000000e+00 0.000000000000000000e+00 0.000000000000000000e+00 0.000000000000000000e+00 0.000000000000000000e+00
1.056530152921378168e-01 5.515521037366780815e-02 1.270216780234619813e-01 7.560232410552951421e-02 7.037455248295798604e-02 1.799831370944186826e-02 1.005228187848716120e-01
8.509412333721322330e-02 1.794151061382629475e-01 1.176510382827152812e-01 1.949606800840920362e-01 8.656934910226030122e-02 1.889132913253277757e-01 1.159525740513219910e-01
0.000000000000000000e+00 0.000000000000000000e+00 0.000000000000000000e+00 0.000000000000000000e+00 0.000000000000000000e+00 0.000000000000000000e+00 0.000000000000000000e+00
8.055934269016219729e-02 1.298425860945833232e-01 2.993254934745858131e-01 4.332602179908552897e-01 2.677092783267557841e-01 3.252739724206653027e-01 2.261025986493053197e-01
0.000000000000000000e+00 0.000000000000000000e+00 0.000000000000000000e+00 0.000000000000000000e+00 0.000000000000000000e+00 0.000000000000000000e+00 0.000000000000000000e+00
1.951123774492709989e-02 4.698099717096104744e-02 1.137899444452391932e-02 1.409027872313680652e-01 3.381109885665346121e-02 1.460961648308853333e-01 1.962100556221744729e-01
2.560260719775858673e-02 2.063783818043407603e-02 4.380811262529706041e-02 2.097566370739182284e-01 6.673048563008929235e-02 2.008937561591462029e-01 1.152389002099989956e-01
8.845351109006129031e-02 2.256294634827231416e-01 3.426061602308539400e-01 4.784179016202153578e-01 3.718083951296137779e-01 4.725007592515187427e-02 3.061302936722564705e-01
2.006360358480696604e-01 5.337894350457662168e-02 8.788778254886356334e-02 1.836390188499265330e-01 1.862763309186716287e-01 1.763868827712295265e-02 1.828885171481160199e-01
1.979358883820495629e-01 2.563258009256291214e-01 3.929377876081602827e-01 9.596824402749709604e-02 3.595414524137530710e-01 6.108561793746364321e-01 4.991691116768641190e-01
8.112775811476399812e-02 9.932759688233552819e-02 1.477155005538235144e-01 2.803609200326255269e-01 1.358807033187423852e-01 1.147875566238033690e-01 3.479597570817011265e-02
0.000000000000000000e+00 0.000000000000000000e+00 0.000000000000000000e+00 0.000000000000000000e+00 0.000000000000000000e+00 0.000000000000000000e+00 0.000000000000000000e+00
3.238742719700916095e-01 2.434860163891485185e-01 3.022921772914695659e-01 4.124304909397014662e-01 2.092204218760430195e-02 3.345704049112819822e-01 2.594286107946691122e-01
0.000000000000000000e+00 0.000000000000000000e+00 0.000000000000000000e+00 0.000000000000000000e+00 0.000000000000000000e+00 0.000000000000000000e+00 0.000000000000000000e+00
0.000000000000000000e+00 0.000000000000000000e+00 0.000000000000000000e+00 0.000000000000000000e+00 0.000000000000000000e+00 0.000000000000000000e+00 0.000000000000000000e+00
2.808375038042590019e-02 4.648728987898434473e-02 1.968029570902097083e-02 1.212745255841391617e-01 2.239649735053954593e-01 3.755744897583531555e-02 7.226501588569025913e-02
3.204215642142381193e-01 2.575004008230473151e-01 2.116449120240071480e-01 4.697194277567003362e-01 6.092268919909374914e-01 3.593386326643487338e-01 4.484758547279919794e-02
2.349101334678698194e-01 1.720290277236696530e-01 6.123148344624586813e-03 1.164059490590291061e-02 1.836447099242961289e-01 2.343104215744700597e-02 1.446948772858350218e-01
1.648760471116941101e-02 1.280886365179980009e-02 2.386905732086857385e-02 1.683133993026507749e-02 2.541753682024643357e-01 1.306557774545375195e-01 2.669438171086607192e-01
3.605624821050259360e-02 1.187248736308369607e-01 1.823788806007278773e-01 1.081497077610630436e-01 2.574154463881992427e-01 1.625402211521938811e-01 8.959741668960118088e-02
1.429432473076304444e-01 7.605730001756447201e-02 1.487931756567796859e-01 3.464225285813428701e-01 1.018764782434638250e-01 7.787434229996982593e-02 6.992186527870589141e-02
0.000000000000000000e+00 0.000000000000000000e+00 0.000000000000000000e+00 0.000000000000000000e+00 0.000000000000000000e+00 0.000000000000000000e+00 0.000000000000000000e+00
7.011208717612565922e-02 7.457069637122684669e-02 1.445206471440743934e-01 5.279795980883320722e-02 1.088310501342437848e-02 2.411495225701788467e-02 1.752090020148658889e-01
9.647237152754833955e-02 1.291067663806552412e-01 1.914962126081650173e-01 1.297201212695815453e-01 3.232110752640151019e-01 9.756115750259565511e-02 2.015895057433345072e-01
4.613294734635967065e-01 2.155994043805028459e-01 4.592127209406399180e-01 5.244622801399678735e-01 1.758914671961703258e-01 5.387554300124423046e-01 3.608588754479128413e-01
2.040298609545582453e-01 2.909091008680406709e-01 2.206678822720305466e-01 1.919541432796386532e-02 1.088548004708248113e-01 2.270457477980296068e-01 3.516997344021365879e-01
2.083721601365359777e-01 2.661662995756404748e-01 2.273486994807322470e-01 2.066395467647322015e-01 2.159559339315028359e-01 1.156542164834736125e-01 1.926331362131930569e-01
8.827900325718439356e-02 6.359836908565942581e-02 2.838108470959787577e-01 1.567530271213112558e-01 8.979364147692396603e-02 2.817624735543871606e-01 7.152949533789480785e-02
2.235332606531055255e-01 1.602131365896870829e-01 7.826220275284763439e-02 4.344462462921408474e-01 6.014741372438580091e-01 3.656120140433094523e-01 1.541219363210042936e-01
2.238993628388727120e-01 1.591995725870761769e-01 7.898205240255500026e-02 4.345313765053650523e-01 6.011759352449076443e-01 3.675784660952337579e-01 1.511415185783578363e-01
0.000000000000000000e+00 0.000000000000000000e+00 0.000000000000000000e+00 0.000000000000000000e+00 0.000000000000000000e+00 0.000000000000000000e+00 0.000000000000000000e+00
1.883328793178198624e-01 1.391452791092889496e-01 1.506402465132613833e-01 1.820100942729312998e-01 5.359953646157999962e-02 1.087299375775706012e-01 1.798468403320680753e-01
0.000000000000000000e+00 0.000000000000000000e+00 0.000000000000000000e+00 0.000000000000000000e+00 0.000000000000000000e+00 0.000000000000000000e+00 0.000000000000000000e+00
3.686052022966402886e-01 3.447255344081982531e-01 2.417565341852653260e-01 1.818015906914798724e-02 6.209663645533076287e-02 2.639735985926969786e-01 4.007772713439297640e-01
0.000000000000000000e+00 0.000000000000000000e+00 0.000000000000000000e+00 0.000000000000000000e+00 0.000000000000000000e+00 0.000000000000000000e+00 0.000000000000000000e+00
1.822612154651992444e-02 1.175637672429442476e-01 1.577651346427897672e-01 6.724349278036189682e-03 1.495442953695535204e-01 8.446485465183772856e-02 1.853200014348896085e-01
0.000000000000000000e+00 0.000000000000000000e+00 0.000000000000000000e+00 0.000000000000000000e+00 0.000000000000000000e+00 0.000000000000000000e+00 0.000000000000000000e+00
0.000000000000000000e+00 0.000000000000000000e+00 0.000000000000000000e+00 0.000000000000000000e+00 0.000000000000000000e+00 0.000000000000000000e+00 0.000000000000000000e+00
3.080383115321239096e-01 2.889189302130659720e-01 8.903126461626371946e-02 2.117907945000579648e-02 2.961330864723388800e-01 3.265736103874202628e-02 7.002794002359223613e-02
2.459689347847297813e-01 2.985907105326224831e-01 4.011083940102542350e-02 9.133647871768042770e-02 2.529789778871914252e-01 1.862237487047776752e-01 3.653272682700830359e-02
3.022391546231717116e-02 4.781586278014184760e-02 1.860929813116547760e-01 1.850584996229147072e-01 2.240258834170980595e-01 5.366294481218818468e-01 2.281308624261274842e-01
0.000000000000000000e+00 0.000000000000000000e+00 0.000000000000000000e+00 0.000000000000000000e+00 0.000000000000000000e+00 0.000000000000000000e+00 0.000000000000000000e+00
3.370948180175504238e-01 2.201988042675091239e-01 1.353439304198469084e-01 2.242862747889813949e-02 3.150443205679068909e-02 2.942288623849534726e-02 5.113301339899066489e-02
0.000000000000000000e+00 0.000000000000000000e+00 0.000000000000000000e+00 0.000000000000000000e+00 0.000000000000000000e+00 0.000000000000000000e+00 0.000000000000000000e+00
0.000000000000000000e+00 0.000000000000000000e+00 0.000000000000000000e+00 0.000000000000000000e+00 0.000000000000000000e+00 0.000000000000000000e+00 0.000000000000000000e+00
2.421679373883092734e-01 3.755736972974816346e-01 1.890063951647613927e-01 2.945192277009989756e-01 2.524381407847420267e-01 1.530455457153301890e-01 7.835701353383769940e-02
0.000000000000000000e+00 0.000000000000000000e+00 0.000000000000000000e+00 0.000000000000000000e+00 0.000000000000000000e+00 0.000000000000000000e+00 0.000000000000000000e+00
5.234520035070533428e-02 2.108141985253144945e-01 9.169885761977134009e-02 2.016586200404110046e-02 5.849009964449555787e-02 1.959203175648117079e-01 3.308666783797559185e-02
5.565679428267462231e-02 5.817657937703090039e-03 1.839477434000131584e-01 2.611779798383466189e-01 5.406754443243087793e-02 5.193280311803229188e-02 1.957931626474595233e-01
1.791204215870093319e-01 1.505088941102869782e-01 2.738721079567627177e-03 2.039676273672847706e-01 2.236658761691976294e-03 2.060074536329122852e-01 1.620438474772290804e-01
1.825843483308433809e-02 1.177448844819134061e-01 1.724688678761487071e-01 3.099699562936404362e-01 1.024200221260550131e-01 8.466996189200118317e-02 2.383496506553089700e-01
3.429267407468092332e-01 2.608366309613519007e-01 1.444882983849641034e-01 1.617741916179219960e-02 3.995285105399988823e-01 1.585036370942205231e-01 1.814297428794038602e-01
0.000000000000000000e+00 0.000000000000000000e+00 0.000000000000000000e+00 0.000000000000000000e+00 0.000000000000000000e+00 0.000000000000000000e+00 0.000000000000000000e+00
2.004815261249529856e-01 8.547245672678117911e-02 2.550694565151013227e-01 6.562341619988466823e-02 3.333410144844926593e-01 5.342928712339640729e-01 4.904083675528826403e-01
3.281889281777257694e-01 2.710168439607643087e-01 1.304745768849966403e-01 2.855483901560897930e-01 4.662727115982115422e-01 1.741357823153062701e-01 2.697958842823625636e-01
5.565578879492941861e-02 5.999589117167649505e-02 1.740207085845664747e-01 3.769959993507803753e-01 4.767516626020558701e-01 7.179969084978849066e-03 2.234566008981744845e-01
1.810809354975247837e-02 7.193521394412752401e-02 1.544595881588960717e-01 9.319479311172443325e-02 3.350571910115396901e-01 2.455345142324996677e-01 2.167797217433640455e-01
1.997241030536344997e-01 6.648708229485701671e-02 1.299669366273466520e-01 2.333696920082431736e-01 3.753445262174001096e-01 2.802403452479896306e-01 9.944735632935659819e-02
1.945811548701879556e-01 6.972519185011613607e-02 1.379519371411232209e-01 2.151615269987681434e-01 3.603845145762819002e-01 2.724319448519957332e-01 9.658224552923380668e-02
3.167563497652738369e-01 1.129850003146050802e-01 2.485453953975892694e-01 5.472558536225555770e-01 5.275300352664393788e-01 1.253942477833409341e-01 2.343309056666690038e-01
0.000000000000000000e+00 0.000000000000000000e+00 0.000000000000000000e+00 0.000000000000000000e+00 0.000000000000000000e+00 0.000000000000000000e+00 0.000000000000000000e+00
0.000000000000000000e+00 0.000000000000000000e+00 0.000000000000000000e+00 0.000000000000000000e+00 0.000000000000000000e+00 0.000000000000000000e+00 0.000000000000000000e+00
0.000000000000000000e+00 0.000000000000000000e+00 0.000000000000000000e+00 0.000000000000000000e+00 0.000000000000000000e+00 0.000000000000000000e+00 0.000000000000000000e+00
9.860031065333384193e-02 1.068848494461108883e-01 1.691955007532224553e-01 1.086114245591303651e-01 1.984824777470420021e-01 2.038888054742555300e-01 2.202457025906720267e-01
3.206890875483415365e-02 8.170376982710679525e-02 6.461220811483747717e-02 3.771133571004595120e-02 2.606462929166966300e-02 7.439566975383658798e-02 6.958304216088607996e-02
5.077711454690277959e-01 5.273984490629690658e-01 2.751003276028314848e-01 2.447105235640084295e-02 2.226968265450086082e-01 3.557607181066042012e-01 4.057978058299865354e-01
0.000000000000000000e+00 0.000000000000000000e+00 0.000000000000000000e+00 0.000000000000000000e+00 0.000000000000000000e+00 0.000000000000000000e+00 0.000000000000000000e+00
7.974640108032610489e-03 1.955465832804700529e-02 4.919631067704280381e-02 2.038394563533577064e-02 3.414577401217254449e-02 2.265505948955202631e-01 1.970386628023401698e-01
1.330607302854040497e-01 3.288150517265536754e-02 5.137413432426658766e-02 1.064872184355290380e-01 2.039425898159095696e-01 5.653954625112766336e-02 1.945300893697931022e-01
1.193759939402732617e-01 8.670088613977060266e-02 2.937001111236441364e-01 4.207891751398766256e-01 3.917263529263752542e-01 2.003325692746865394e-01 4.248556434405112991e-01
1.275907505954511634e-01 6.531891259162328489e-02 9.993912334912727347e-02 1.787988156151996966e-01 1.628500737515223840e-01 2.538903446828250088e-01 1.482482079730229330e-01
1.079946633415893031e-01 1.761005346572987185e-01 2.042874043059889066e-01 8.360981424618743607e-02 3.368570033884834558e-01 4.619494841658340900e-01 3.984017619588584580e-01
1.702188399114010764e-01 1.998558857319352178e-01 2.245806610775652745e-01 4.352099987081915755e-02 4.256117730492555706e-01 3.662501169636888654e-01 3.022845075011991178e-01
9.484185284325385989e-02 1.799906738702646003e-01 2.553144182064123746e-01 2.049622910199849074e-02 3.735739491347537383e-02 3.697079999724077193e-01 1.087110916519623549e-01
1.812566129389055480e-01 1.132365384631204841e-01 2.274922868570189438e-01 2.497866555349903261e-01 5.896942341061632564e-02 8.904206058598171381e-02 1.109350744808591388e-01
2.714049191364290015e-02 1.749036266877466439e-01 4.384990457448101342e-01 4.131595714193310731e-01 1.874991110627320379e-01 5.948303835132464495e-02 6.236491613273185963e-02
1.196483768687289506e-01 9.071153833904788133e-02 1.278968295485510553e-01 1.468124013136737072e-01 5.368751193483164985e-02 2.192996901070061455e-03 6.538115771207639315e-02
0.000000000000000000e+00 0.000000000000000000e+00 0.000000000000000000e+00 0.000000000000000000e+00 0.000000000000000000e+00 0.000000000000000000e+00 0.000000000000000000e+00
3.692565700990709798e-01 2.114994410916835599e-01 4.838143380476578326e-02 1.985388639446994952e-01 8.450329826015191836e-02 1.474658921909124398e-01 2.345463454224664679e-01
5.544464618307808068e-02 1.155209068481105744e-01 2.472929677069388987e-01 2.529643814827367901e-02 2.572797326341050850e-01 3.646670065136127792e-01 2.121266184138984601e-01
2.168164103601786519e-01 3.186919762097357722e-01 3.421003415689149452e-01 2.577807051424544915e-01 4.928359719447687054e-02 3.137071443167698814e-01 9.082175836466885310e-02
2.201309692542341434e-01 2.273640013530402737e-01 4.484787141835298863e-02 3.178452886889451823e-02 1.065701634333430653e-01 9.307827611943248966e-03 3.039669771355044681e-01
3.475403111526813998e-02 2.635527439333804622e-01 2.396655881949865952e-01 2.652095882596027243e-01 9.907174364219824281e-02 2.061607931772115598e-01 6.289168034791617345e-02
0.000000000000000000e+00 0.000000000000000000e+00 0.000000000000000000e+00 0.000000000000000000e+00 0.000000000000000000e+00 0.000000000000000000e+00 0.000000000000000000e+00
0.000000000000000000e+00 0.000000000000000000e+00 0.000000000000000000e+00 0.000000000000000000e+00 0.000000000000000000e+00 0.000000000000000000e+00 0.000000000000000000e+00
2.227844349066329943e-01 3.377192995106645945e-01 2.432814859739230728e-01 1.070787307331217686e-01 1.932555155594929686e-02 2.779483288470679381e-01 4.260823272756387725e-01
0.000000000000000000e+00 0.000000000000000000e+00 0.000000000000000000e+00 0.000000000000000000e+00 0.000000000000000000e+00 0.000000000000000000e+00 0.000000000000000000e+00
2.895501510283988722e-01 3.068367728396967364e-01 3.738696211048846418e-01 3.563391627561825481e-01 2.706125550546212843e-01 3.490497457305304363e-01 2.816763549449157744e-01
1.592757660195568692e-01 2.390436146745268942e-01 1.484240009384608372e-01 1.837646273528559249e-01 3.503274838595855645e-01 9.014823455587919754e-02 2.127211764179418318e-01
1.555572860833883964e-01 7.784552069327474455e-02 2.582654102448981304e-01 2.973547554791992620e-01 2.403754260439285029e-01 4.899628514191212147e-01 1.900945996377093883e-01
0.000000000000000000e+00 0.000000000000000000e+00 0.000000000000000000e+00 0.000000000000000000e+00 0.000000000000000000e+00 0.000000000000000000e+00 0.000000000000000000e+00
3.053286055116536946e-01 1.150067979005183066e-01 1.095852553634092119e-01 1.497662508393083625e-01 1.020374750035567546e-01 8.935984063037918923e-02 6.537356895509101144e-03
7.925029808818283283e-02 3.658309271355292269e-02 1.897944772808707881e-01 3.478500227302394610e-02 9.519685076367127852e-02 5.423146722370054962e-02 8.828762858411805248e-02
9.551356488999084016e-02 2.005001735254035786e-02 6.201485055816458730e-03 4.363868741313652738e-02 3.905422301108204750e-03 3.090470388210819208e-01 4.048989298490526800e-01
1.497478337040432372e-01 2.329440261646824883e-01 1.140853635307145647e-01 1.225035928594131324e-01 4.402841738136907546e-02 8.739537940449093600e-02 5.139336706263568366e-02
3.202864826796075204e-01 2.910360181455353690e-01 1.094371119830896827e-01 1.679289122469994344e-01 3.185949632977516099e-01 8.333411637126797444e-02 9.275247040728000492e-02
3.322837475942634344e-01 3.477482820435405797e-01 1.946827969888167698e-01 6.644505906701529685e-02 7.964214893360369030e-02 2.723850219366749092e-01 1.460302366726271839e-01
3.543551685815611862e-01 2.535284217301850274e-01 4.007929318859122098e-02 9.994254044104444734e-02 2.915981931477165667e-01 2.174823686729712713e-01 2.339634430958738853e-01
2.521097998617389258e-01 2.248888517732954700e-02 3.198870980169731815e-01 1.175762139033274672e-01 2.347638208997721021e-01 2.955993270586233512e-01 1.033567054752148329e-01
4.184805954162763159e-02 1.612938203877666843e-01 7.147253893440870531e-02 1.004144167369965535e-01 1.284424123563828735e-01 3.714967774337458312e-03 2.691561380894313404e-01
2.674790018141618431e-01 3.536245578093780151e-01 1.628719247551213556e-01 3.440888816086397073e-01 4.510856863032435826e-01 3.879183667830497506e-01 3.278435940964436468e-01
5.211241288417348683e-01 4.607606723967860307e-01 3.439551985340256746e-01 1.535475490481520988e-01 2.571557200796540377e-01 4.683713074183781244e-01 3.616903709067011974e-01
8.381069874345356552e-02 1.153575100647477591e-02 7.561109237164358177e-02 1.423573130456050884e-01 4.183835135228696767e-01 3.337803252513133478e-01 2.068813169744232461e-01
1.011607716247687611e-01 1.371103154553004189e-01 1.680315457537481516e-01 1.137168647772063973e-01 7.567433019205799249e-02 2.460390078775227807e-02 1.825606580980590199e-01
4.894578828254494279e-02 9.980474510411671552e-02 1.394357555214628397e-01 1.300859185562054099e-01 5.398990689813844279e-02 2.725543006271936575e-01 1.114178138711680310e-01
4.162116476200667936e-01 2.137168069650671465e-01 4.968793380620028372e-02 1.802162844940444486e-01 5.239889998852811231e-02 1.941426328879369001e-01 1.310595303856462723e-01
2.580727831344955536e-01 2.150440512343628485e-01 2.882969430723579529e-02 8.041058561481638500e-02 4.438826132148764730e-02 1.899305846661661912e-01 1.879787089021697499e-01
0.000000000000000000e+00 0.000000000000000000e+00 0.000000000000000000e+00 0.000000000000000000e+00 0.000000000000000000e+00 0.000000000000000000e+00 0.000000000000000000e+00
2.587778027536641323e-01 4.288159915382833143e-01 3.708910008727147045e-01 1.488003866326408769e-02 7.161102711615655037e-02 3.880040437436290540e-02 3.696766124468296999e-01
2.037083504476867313e-01 2.513647398955026202e-01 7.339277058724057168e-02 1.226041416464128397e-01 2.424814804872374718e-01 5.040319172476218079e-02 1.013284847029572028e-01
1.493988930332618981e-01 2.362990484743976993e-01 2.907601033602025820e-01 1.534652505390773081e-01 5.562994612724481147e-02 1.653085419894668659e-02 2.731615486743380061e-02
0.000000000000000000e+00 0.000000000000000000e+00 0.000000000000000000e+00 0.000000000000000000e+00 0.000000000000000000e+00 0.000000000000000000e+00 0.000000000000000000e+00
1.801657668886691710e-01 1.118500957310347987e-01 9.085004071933905356e-02 9.122508228353251591e-02 2.185376257812825934e-02 1.861766394826535609e-01 1.766146071490121150e-01
0.000000000000000000e+00 0.000000000000000000e+00 0.000000000000000000e+00 0.000000000000000000e+00 0.000000000000000000e+00 0.000000000000000000e+00 0.000000000000000000e+00
9.476881922104397893e-02 2.972324913714829292e-02 1.661149264396611161e-02 5.198844673289242796e-02 2.730340204681126481e-01 3.438481223649229035e-01 2.474705348767068658e-01
2.546916213746935886e-01 1.516691107635905755e-01 3.683152179747181676e-01 6.329737935890469847e-02 6.644530852804775289e-02 2.690759302262976105e-01 2.076027400406152065e-02
0.000000000000000000e+00 0.000000000000000000e+00 0.000000000000000000e+00 0.000000000000000000e+00 0.000000000000000000e+00 0.000000000000000000e+00 0.000000000000000000e+00
8.767010594656035605e-02 2.282996138621820326e-01 1.243516277632853752e-02 3.356641591579806461e-01 8.378018576857033939e-02 3.097102382390349296e-01 1.306841689627805947e-01
0.000000000000000000e+00 0.000000000000000000e+00 0.000000000000000000e+00 0.000000000000000000e+00 0.000000000000000000e+00 0.000000000000000000e+00 0.000000000000000000e+00
6.303375580227645048e-02 1.127309127048794490e-01 8.430452779062512503e-02 2.349378702240449424e-01 8.705308349418049152e-02 7.098332986816235923e-02 2.516472887731110997e-01
0.000000000000000000e+00 0.000000000000000000e+00 0.000000000000000000e+00 0.000000000000000000e+00 0.000000000000000000e+00 0.000000000000000000e+00 0.000000000000000000e+00
1.379924242856503669e-01 1.378506042574193513e-01 2.155023778027776449e-01 3.265120792073052391e-01 8.274680467423525809e-02 2.686619864641011102e-01 3.341856858015258003e-01
0.000000000000000000e+00 0.000000000000000000e+00 0.000000000000000000e+00 0.000000000000000000e+00 0.000000000000000000e+00 0.000000000000000000e+00 0.000000000000000000e+00
1.993297490034904862e-01 2.072481492327859498e-01 3.488499126731051114e-01 2.459753039585984569e-01 3.235169104103301913e-02 1.193041264515752320e-01 1.138405392554694001e-01
3.619656683512565559e-02 3.857168195937029087e-01 7.731893278775392453e-02 3.238072577367195337e-01 2.575653622631677298e-01 3.503365712951190397e-02 4.043015376223544899e-01
8.802353457015595073e-02 2.184440713086217012e-01 2.847699722692694224e-01 2.650438036591450386e-01 3.006518357362247124e-02 3.376185499986750771e-01 3.272670631484297932e-01
5.808230748291678402e-01 4.511655979079760570e-01 2.244938355027695509e-01 5.704201102059364148e-01 2.315441784749565357e-01 7.648322963710540989e-02 1.154267265323626057e-01
5.769599276794448034e-02 4.972565618670435894e-01 5.616057008119849092e-01 1.835940472880752961e-01 7.615026528451321330e-02 1.256087013385846218e-01 8.936852317508926780e-02
2.438892655585838884e-02 5.672106584781741456e-02 7.388069648192845118e-02 1.581486929741541536e-01 2.492765646157349413e-01 2.924283275350961775e-01 1.055794415163572170e-01
2.274919388461189504e-02 9.700914583334199759e-02 1.341776398896284972e-01 2.512244554316315770e-01 3.985470416352758227e-01 5.108812933037937265e-02 2.275885021378144246e-01
0.000000000000000000e+00 0.000000000000000000e+00 0.000000000000000000e+00 0.000000000000000000e+00 0.000000000000000000e+00 0.000000000000000000e+00 0.000000000000000000e+00
0.000000000000000000e+00 0.000000000000000000e+00 0.000000000000000000e+00 0.000000000000000000e+00 0.000000000000000000e+00 0.000000000000000000e+00 0.000000000000000000e+00
1.595573468413064577e-01 9.869234768394935520e-02 3.488949093077463037e-01 3.379909409818464550e-01 2.525016246953147303e-01 1.049934797618353594e-01 2.155246049640922035e-01
3.879024146811171359e-01 1.925034894165099375e-01 3.572772627011138596e-02 1.681448418636241893e-01 1.475555622297071989e-01 6.009984201135665227e-02 4.501973664940708830e-02
2.293844765260763252e-01 9.884339174923557902e-02 3.201832016182664109e-01 4.578020259402664632e-02 2.309499745212066080e-01 1.597306473672362725e-01 2.405020889010431318e-01
1.599622289328806735e-01 8.692283373538034486e-02 2.138661846303641437e-02 7.536311027744134472e-02 3.269612760072938551e-01 4.325927373450071389e-01 1.684196639032838339e-01
0.000000000000000000e+00 0.000000000000000000e+00 0.000000000000000000e+00 0.000000000000000000e+00 0.000000000000000000e+00 0.000000000000000000e+00 0.000000000000000000e+00
6.577910264514717775e-02 1.838717530289769586e-01 6.579857817843789980e-02 7.103957107584063513e-02 2.043705826430085651e-02 3.582215847813172149e-01 9.891940013218608607e-03
8.130172823899816173e-03 2.810451837262155014e-02 1.382999049414740667e-01 2.998757747376780691e-01 4.382505688254789700e-01 3.228357274093691595e-03 5.915056387918049552e-02
1.247277552614909635e-01 2.554250087745161268e-01 3.682598211462756455e-01 3.179566468826355852e-01 3.402376709229140705e-01 2.009082368204090363e-01 8.825786514958003370e-02
0.000000000000000000e+00 0.000000000000000000e+00 0.000000000000000000e+00 0.000000000000000000e+00 0.000000000000000000e+00 0.000000000000000000e+00 0.000000000000000000e+00
1.372684371354517263e-01 2.263036212721369900e-02 1.190574272317123788e-01 2.598842561409776541e-01 1.684719015205386194e-01 1.821060593947523565e-01 2.190655892600637533e-01
2.094297854810600046e-01 7.849816966087341807e-02 3.058361064013411790e-01 3.696693866283756735e-02 2.035817311732310009e-01 1.342417957696280251e-01 1.406061180193004245e-01
1.240438561508548122e-02 1.203272868095305315e-01 2.423536121107583430e-01 2.643595266273983113e-01 4.565144577175688223e-01 2.851206232827879772e-01 7.442714869636932185e-02
0.000000000000000000e+00 0.000000000000000000e+00 0.000000000000000000e+00 0.000000000000000000e+00 0.000000000000000000e+00 0.000000000000000000e+00 0.000000000000000000e+00
0.000000000000000000e+00 0.000000000000000000e+00 0.000000000000000000e+00 0.000000000000000000e+00 0.000000000000000000e+00 0.000000000000000000e+00 0.000000000000000000e+00
1.750173099264154541e-01 1.597425485253818264e-02 1.236038230669558313e-01 2.304532101844890268e-01 6.433714068483508131e-01 4.062150340037101737e-01 1.132964936575073522e-01
1.832986693988738480e-01 9.720726637272220083e-02 1.174811249160511578e-01 1.961140546562974152e-01 2.254638209692675765e-03 6.186099629517480269e-02 1.216066514060167719e-01
1.525227389663102728e-01 2.559078945034180125e-02 3.840238503550996024e-02 6.745949530754591361e-02 1.147827309301681226e-01 2.294671911059904812e-01 5.565723045539712477e-02
1.327666431751866327e-01 3.306295017622969123e-02 3.237276781384715862e-01 2.902081065628283607e-01 2.616161555761174484e-01 3.885442985012135253e-01 3.096858605523634678e-01
0.000000000000000000e+00 0.000000000000000000e+00 0.000000000000000000e+00 0.000000000000000000e+00 0.000000000000000000e+00 0.000000000000000000e+00 0.000000000000000000e+00
2.781246693273257131e-01 2.645756352359139307e-01 2.788223469540329069e-01 2.228433329258708573e-01 9.038654335037542287e-02 7.436203324630166756e-02 1.248337702344842065e-01
2.849429519550475964e-01 1.344791604816461539e-01 1.275547884279142931e-02 1.028347230584703148e-01 4.780531310209547996e-02 3.317945022716713988e-01 9.929375123777392509e-02
0.000000000000000000e+00 0.000000000000000000e+00 0.000000000000000000e+00 0.000000000000000000e+00 0.000000000000000000e+00 0.000000000000000000e+00 0.000000000000000000e+00
0.000000000000000000e+00 0.000000000000000000e+00 0.000000000000000000e+00 0.000000000000000000e+00 0.000000000000000000e+00 0.000000000000000000e+00 0.000000000000000000e+00
4.598211879992134543e-01 2.106001720444668490e-01 2.115979938837149812e-02 1.515500633716099499e-01 1.262893267363219829e-01 1.314749094808547554e-03 7.884535546812995732e-02
4.560594060886067336e-01 1.843181994323134787e-01 8.308768804326610580e-02 2.087653812549408738e-01 1.041407187976703952e-01 8.417339787816112417e-02 1.201564758618186429e-01
2.614192931862895364e-01 3.908482080005007409e-01 2.378355686983501527e-01 2.937750071857776479e-01 3.295107533119318033e-01 1.239693522184290159e-01 7.921586723026173560e-02
8.784892695841541033e-02 5.165543353216895534e-02 9.509345681731282141e-02 1.470797649365915630e-02 1.070407769264758585e-01 2.944974455375462541e-01 1.644774142906709202e-01
1.129629334208991781e-01 5.164690849378009846e-02 2.507083754944565146e-01 4.582110729438607089e-02 1.592628148420946466e-01 3.559989695351906125e-01 3.974788879383080453e-01
0.000000000000000000e+00 0.000000000000000000e+00 0.000000000000000000e+00 0.000000000000000000e+00 0.000000000000000000e+00 0.000000000000000000e+00 0.000000000000000000e+00
0.000000000000000000e+00 0.000000000000000000e+00 0.000000000000000000e+00 0.000000000000000000e+00 0.000000000000000000e+00 0.000000000000000000e+00 0.000000000000000000e+00
