2.371950316051226082e+02 2.394450316051226082e+02 2.514450316051226082e+02 5.119503160512260109e+01 5.244503160512260109e+01 5.269503160512260820e+01 5.269503160512260820e+01
1.953893226518383130e+02 2.261393226518383130e+02 2.266393226518383130e+02 2.263893226518383130e+02 2.261393226518383130e+02 2.263893226518383130e+02 2.261393226518383130e+02
0.000000000000000000e+00 0.000000000000000000e+00 0.000000000000000000e+00 0.000000000000000000e+00 0.000000000000000000e+00 0.000000000000000000e+00 0.000000000000000000e+00
0.000000000000000000e+00 0.000000000000000000e+00 0.000000000000000000e+00 0.000000000000000000e+00 0.000000000000000000e+00 0.000000000000000000e+00 0.000000000000000000e+00
1.190641863288658300e+02 1.198141863288658300e+02 1.198141863288658300e+02 3.005641863288658442e+02 3.005641863288658442e+02 1.193141863288658300e+02 1.200641863288658442e+02
0.000000000000000000e+00 0.000000000000000000e+00 0.000000000000000000e+00 0.000000000000000000e+00 0.000000000000000000e+00 0.000000000000000000e+00 0.000000000000000000e+00
1.406261657603778303e+02 1.368761657603778303e+02 1.366261657603778303e+02 1.363761657603778303e+02 1.363761657603778303e+02 1.366261657603778303e+02 1.366261657603778303e+02
9.037109871307410458e+01 9.087109871307410458e+01 2.688710987130741046e+02 2.783710987130741046e+02 8.862109871307410458e+01 8.962109871307410458e+01 9.012109871307410458e+01
0.000000000000000000e+00 0.000000000000000000e+00 0.000000000000000000e+00 0.000000000000000000e+00 0.000000000000000000e+00 0.000000000000000000e+00 0.000000000000000000e+00
0.000000000000000000e+00 0.000000000000000000e+00 0.000000000000000000e+00 0.000000000000000000e+00 0.000000000000000000e+00 0.000000000000000000e+00 0.000000000000000000e+00
1.121906829842553464e+02 1.136906829842553464e+02 2.894406829842553179e+02 2.899406829842553179e+02 2.931906829842553179e+02 2.934406829842553179e+02 1.119406829842553464e+02
1.231609543051300193e+02 1.231609543051300193e+02 3.041609543051300193e+02 3.026609543051300193e+02 3.026609543051300193e+02 3.026609543051300193e+02 3.026609543051300193e+02
5.965134387868880594e+01 5.915134387868880594e+01 2.394013438786888059e+02 2.391513438786888059e+02 6.015134387868880594e+01 5.965134387868880594e+01 5.965134387868880594e+01
2.423698081672704916e+02 2.401198081672704916e+02 2.398698081672704916e+02 2.401198081672704916e+02 2.396198081672704916e+02 2.396198081672704916e+02 2.398698081672704916e+02
6.212833150601915122e+01 6.087833150601915122e+01 5.912833150601915122e+01 5.887833150601915122e+01 5.937833150601915122e+01 2.396283315060191512e+02 2.393783315060191512e+02
0.000000000000000000e+00 0.000000000000000000e+00 0.000000000000000000e+00 0.000000000000000000e+00 0.000000000000000000e+00 0.000000000000000000e+00 0.000000000000000000e+00
0.000000000000000000e+00 0.000000000000000000e+00 0.000000000000000000e+00 0.000000000000000000e+00 0.000000000000000000e+00 0.000000000000000000e+00 0.000000000000000000e+00
3.025690461432866982e+02 3.070690461432866982e+02 3.103190461432866982e+02 3.043190461432866982e+02 3.053190461432866982e+02 3.055690461432866982e+02 3.055690461432866982e+02
2.273760153413938951e+02 2.266260153413938951e+02 4.812601534139389514e+01 4.787601534139389514e+01 4.787601534139389514e+01 4.737601534139389514e+01 4.737601534139389514e+01
0.000000000000000000e+00 0.000000000000000000e+00 0.000000000000000000e+00 0.000000000000000000e+00 0.000000000000000000e+00 0.000000000000000000e+00 0.000000000000000000e+00
0.000000000000000000e+00 0.000000000000000000e+00 0.000000000000000000e+00 0.000000000000000000e+00 0.000000000000000000e+00 0.000000000000000000e+00 0.000000000000000000e+00
3.126576147845012770e+02 1.406576147845012770e+02 1.341576147845012770e+02 1.339076147845012770e+02 1.339076147845012770e+02 1.344076147845012770e+02 1.346576147845012770e+02
2.257410722143134194e+02 2.592410722143134194e+02 9.199107221431341941e+01 9.099107221431341941e+01 2.704910722143134194e+02 9.099107221431341941e+01 2.699910722143134194e+02
0.000000000000000000e+00 0.000000000000000000e+00 0.000000000000000000e+00 0.000000000000000000e+00 0.000000000000000000e+00 0.000000000000000000e+00 0.000000000000000000e+00
1.261499557494997532e+02 1.261499557494997532e+02 3.068999557494997816e+02 3.073999557494997816e+02 1.261499557494997532e+02 1.268999557494997532e+02 1.273999557494997532e+02
2.294744272085097805e+02 4.547442720850978048e+01 4.647442720850978048e+01 4.747442720850978048e+01 2.252244272085097805e+02 2.262244272085097805e+02 2.262244272085097805e+02
0.000000000000000000e+00 0.000000000000000000e+00 0.000000000000000000e+00 0.000000000000000000e+00 0.000000000000000000e+00 0.000000000000000000e+00 0.000000000000000000e+00
0.000000000000000000e+00 0.000000000000000000e+00 0.000000000000000000e+00 0.000000000000000000e+00 0.000000000000000000e+00 0.000000000000000000e+00 0.000000000000000000e+00
3.485741029005642986e+02 3.508241029005642986e+02 3.500741029005642986e+02 3.468241029005642986e+02 3.443241029005642986e+02 2.535741029005642986e+02 3.490741029005642986e+02
2.010734976907598650e+02 1.582349769075987567e+01 1.557349769075987567e+01 1.757349769075987567e+01 1.807349769075989343e+01 1.832349769075989343e+01 1.857349769075989343e+01
0.000000000000000000e+00 0.000000000000000000e+00 0.000000000000000000e+00 0.000000000000000000e+00 0.000000000000000000e+00 0.000000000000000000e+00 0.000000000000000000e+00
1.772654797714648467e+01 2.007265479771464811e+02 1.992265479771464811e+02 1.987265479771464811e+02 1.982265479771464811e+02 1.847654797714648112e+01 1.872654797714648112e+01
0.000000000000000000e+00 0.000000000000000000e+00 0.000000000000000000e+00 0.000000000000000000e+00 0.000000000000000000e+00 0.000000000000000000e+00 0.000000000000000000e+00
1.409029033925971817e+02 1.069029033925971817e+02 2.986529033925971817e+02 2.861529033925971817e+02 2.856529033925971817e+02 1.061529033925971817e+02 2.861529033925971817e+02
4.454756646201286685e+01 2.797975664620128669e+02 2.827975664620128669e+02 9.579756646201286685e+01 9.754756646201286685e+01 2.760475664620128669e+02 2.765475664620128669e+02
7.630528974635188888e+01 7.005528974635188888e+01 6.855528974635188888e+01 6.805528974635188888e+01 6.780528974635188888e+01 2.483052897463518889e+02 2.480552897463518889e+02
2.367768573322188104e+02 2.407768573322188104e+02 2.375268573322188104e+02 2.352768573322188104e+02 2.342768573322188104e+02 2.325268573322188104e+02 5.427685733221881037e+01
8.122960796252772298e+01 7.972960796252772298e+01 7.847960796252772298e+01 8.047960796252772298e+01 7.672960796252772298e+01 7.647960796252772298e+01 7.647960796252772298e+01
2.979616888098561844e+02 3.007116888098561844e+02 2.997116888098561844e+02 2.994616888098561844e+02 2.989616888098561844e+02 2.989616888098561844e+02 2.987116888098561844e+02
0.000000000000000000e+00 0.000000000000000000e+00 0.000000000000000000e+00 0.000000000000000000e+00 0.000000000000000000e+00 0.000000000000000000e+00 0.000000000000000000e+00
2.321296456425685619e+02 2.318796456425685619e+02 2.313796456425685619e+02 2.311296456425685619e+02 2.316296456425685619e+02 5.087964564256856193e+01 5.087964564256856193e+01
0.000000000000000000e+00 0.000000000000000000e+00 0.000000000000000000e+00 0.000000000000000000e+00 0.000000000000000000e+00 0.000000000000000000e+00 0.000000000000000000e+00
0.000000000000000000e+00 0.000000000000000000e+00 0.000000000000000000e+00 0.000000000000000000e+00 0.000000000000000000e+00 0.000000000000000000e+00 0.000000000000000000e+00
2.998523239426294253e+02 2.971023239426294253e+02 2.968523239426294253e+02 2.993523239426294253e+02 2.996023239426294253e+02 2.996023239426294253e+02 1.196023239426294253e+02
3.087474495423743974e+02 3.087474495423743974e+02 3.087474495423743974e+02 3.082474495423743974e+02 3.082474495423743974e+02 3.079974495423743974e+02 1.287474495423743974e+02
3.240996855609325848e+02 3.240996855609325848e+02 1.525996855609326133e+02 1.468496855609326133e+02 3.235996855609325848e+02 3.223496855609325848e+02 1.438496855609326133e+02
1.279065559710520006e+02 1.306565559710520006e+02 3.149065559710520006e+02 1.314065559710520006e+02 1.341565559710520006e+02 3.141565559710520006e+02 3.141565559710520006e+02
3.188232716502336643e+02 3.148232716502336643e+02 3.143232716502336643e+02 3.140732716502336643e+02 3.140732716502336643e+02 3.138232716502336643e+02 3.138232716502336643e+02
1.232257940946934127e+02 1.214757940946934127e+02 3.054757940946934127e+02 3.054757940946934127e+02 3.062257940946934127e+02 1.252257940946934127e+02 3.052257940946934127e+02
0.000000000000000000e+00 0.000000000000000000e+00 0.000000000000000000e+00 0.000000000000000000e+00 0.000000000000000000e+00 0.000000000000000000e+00 0.000000000000000000e+00
2.364313768208611464e+02 2.404313768208611464e+02 2.419313768208611464e+02 2.421813768208611464e+02 2.399313768208611464e+02 6.193137682086114637e+01 6.118137682086114637e+01
2.659335362262125955e+02 2.646835362262125955e+02 2.669335362262125955e+02 8.643353622621259547e+01 8.693353622621259547e+01 8.718353622621259547e+01 8.693353622621259547e+01
1.434861193361344931e+02 1.437361193361344931e+02 1.434861193361344931e+02 1.432361193361344931e+02 1.429861193361344931e+02 1.429861193361344931e+02 1.429861193361344931e+02
2.661195767959077330e+02 2.656195767959077330e+02 2.656195767959077330e+02 2.668695767959077330e+02 8.486957679590776138e+01 8.561957679590773296e+01 8.561957679590773296e+01
2.269627181653470132e+02 2.272127181653470132e+02 2.272127181653470132e+02 2.264627181653470132e+02 2.262127181653470132e+02 2.262127181653470132e+02 4.621271816534701316e+01
2.995201558599392797e+02 1.215201558599392797e+02 1.207701558599392797e+02 1.205201558599392797e+02 1.210201558599392797e+02 3.017701558599392797e+02 1.217701558599392797e+02
1.741774846432699348e+02 1.739274846432699348e+02 3.541774846432699633e+02 3.539274846432699633e+02 3.539274846432699633e+02 3.539274846432699633e+02 1.739274846432699348e+02
1.737567086618223584e+02 1.735067086618223584e+02 3.537567086618223584e+02 3.535067086618223584e+02 3.535067086618223584e+02 3.535067086618223584e+02 1.735067086618223584e+02
0.000000000000000000e+00 0.000000000000000000e+00 0.000000000000000000e+00 0.000000000000000000e+00 0.000000000000000000e+00 0.000000000000000000e+00 0.000000000000000000e+00
2.377945169062392381e+02 2.390445169062392381e+02 2.392945169062392381e+02 2.387945169062392381e+02 5.879451690623923810e+01 2.387945169062392381e+02 2.387945169062392381e+02
0.000000000000000000e+00 0.000000000000000000e+00 0.000000000000000000e+00 0.000000000000000000e+00 0.000000000000000000e+00 0.000000000000000000e+00 0.000000000000000000e+00
2.194121103757680373e+02 2.191621103757680373e+02 2.196621103757680373e+02 3.291211037576803733e+01 2.201621103757680373e+02 2.191621103757680373e+02 2.191621103757680373e+02
0.000000000000000000e+00 0.000000000000000000e+00 0.000000000000000000e+00 0.000000000000000000e+00 0.000000000000000000e+00 0.000000000000000000e+00 0.000000000000000000e+00
1.217754135728030747e+02 1.202754135728030747e+02 1.205254135728030747e+02 2.982754135728030747e+02 3.002754135728030747e+02 3.002754135728030747e+02 3.002754135728030747e+02
0.000000000000000000e+00 0.000000000000000000e+00 0.000000000000000000e+00 0.000000000000000000e+00 0.000000000000000000e+00 0.000000000000000000e+00 0.000000000000000000e+00
0.000000000000000000e+00 0.000000000000000000e+00 0.000000000000000000e+00 0.000000000000000000e+00 0.000000000000000000e+00 0.000000000000000000e+00 0.000000000000000000e+00
1.244857380343010504e+02 1.249857380343010504e+02 1.257357380343010504e+02 1.307357380343010504e+02 3.054857380343010504e+02 1.249857380343010504e+02 1.249857380343010504e+02
8.839122089705048779e+01 8.789122089705048779e+01 8.514122089705048779e+01 2.683912208970505162e+02 8.889122089705051621e+01 8.864122089705051621e+01 2.686412208970505162e+02
2.864616027242692553e+02 2.924616027242692553e+02 1.284616027242692553e+02 1.269616027242692553e+02 1.259616027242692553e+02 1.257116027242692553e+02 1.257116027242692553e+02
0.000000000000000000e+00 0.000000000000000000e+00 0.000000000000000000e+00 0.000000000000000000e+00 0.000000000000000000e+00 0.000000000000000000e+00 0.000000000000000000e+00
2.994167040086366569e+02 2.999167040086366569e+02 2.996667040086366569e+02 2.974167040086366569e+02 1.181667040086366569e+02 2.994167040086366569e+02 1.204167040086366569e+02
0.000000000000000000e+00 0.000000000000000000e+00 0.000000000000000000e+00 0.000000000000000000e+00 0.000000000000000000e+00 0.000000000000000000e+00 0.000000000000000000e+00
0.000000000000000000e+00 0.000000000000000000e+00 0.000000000000000000e+00 0.000000000000000000e+00 0.000000000000000000e+00 0.000000000000000000e+00 0.000000000000000000e+00
1.257771678786717189e+02 1.257771678786717189e+02 1.260271678786717189e+02 3.052771678786717189e+02 3.052771678786717189e+02 3.052771678786717189e+02 3.052771678786717189e+02
0.000000000000000000e+00 0.000000000000000000e+00 0.000000000000000000e+00 0.000000000000000000e+00 0.000000000000000000e+00 0.000000000000000000e+00 0.000000000000000000e+00
1.133168941372510972e+02 2.935668941372510972e+02 2.923168941372510972e+02 2.953168941372510972e+02 1.128168941372510972e+02 2.938168941372510972e+02 1.140668941372510972e+02
3.127799663572318991e+02 3.035299663572318991e+02 1.327799663572318991e+02 1.325299663572318991e+02 3.120299663572318991e+02 1.322799663572318991e+02 3.117799663572318991e+02
1.336449424080281005e+02 1.333949424080281005e+02 1.441449424080281005e+02 3.123949424080281005e+02 6.364494240802810054e+01 1.321449424080281005e+02 3.121449424080281005e+02
1.928953494105701054e+02 2.339534941057007700e+01 2.264534941057010187e+01 2.289534941057010187e+01 2.036453494105701054e+02 2.036453494105701054e+02 2.033953494105701054e+02
3.287032775783957845e+02 3.287032775783957845e+02 1.489532775783957845e+02 3.219532775783957845e+02 3.282032775783957845e+02 3.277032775783957845e+02 3.282032775783957845e+02
0.000000000000000000e+00 0.000000000000000000e+00 0.000000000000000000e+00 0.000000000000000000e+00 0.000000000000000000e+00 0.000000000000000000e+00 0.000000000000000000e+00
2.790137743067539304e+02 1.045137743067539304e+02 1.015137743067539304e+02 2.787637743067539304e+02 2.805137743067539304e+02 2.805137743067539304e+02 2.805137743067539304e+02
2.135163972977773028e+02 2.135163972977773028e+02 2.132663972977773028e+02 3.401639729777730281e+01 3.401639729777730281e+01 2.135163972977773028e+02 2.137663972977773028e+02
1.232435525746740268e+02 1.232435525746740268e+02 2.989935525746740268e+02 2.989935525746740268e+02 2.992435525746740268e+02 1.274935525746740268e+02 1.194935525746740268e+02
1.094155783523702610e+02 3.086655783523702894e+02 3.059155783523702894e+02 1.249155783523702610e+02 1.249155783523702610e+02 1.249155783523702610e+02 1.251655783523702610e+02
1.204649576264692996e+02 1.214649576264692996e+02 1.234649576264692996e+02 1.229649576264692996e+02 1.227149576264692996e+02 1.227149576264692996e+02 3.037149576264692996e+02
1.203563924177387889e+02 1.216063924177387889e+02 1.233563924177387889e+02 1.228563924177387889e+02 1.226063924177387889e+02 1.226063924177387889e+02 3.036063924177387889e+02
1.406745881645061900e+02 1.384245881645061900e+02 1.406745881645061900e+02 1.414245881645061900e+02 1.414245881645061900e+02 3.216745881645061900e+02 3.214245881645061900e+02
0.000000000000000000e+00 0.000000000000000000e+00 0.000000000000000000e+00 0.000000000000000000e+00 0.000000000000000000e+00 0.000000000000000000e+00 0.000000000000000000e+00
0.000000000000000000e+00 0.000000000000000000e+00 0.000000000000000000e+00 0.000000000000000000e+00 0.000000000000000000e+00 0.000000000000000000e+00 0.000000000000000000e+00
0.000000000000000000e+00 0.000000000000000000e+00 0.000000000000000000e+00 0.000000000000000000e+00 0.000000000000000000e+00 0.000000000000000000e+00 0.000000000000000000e+00
3.003525393141635504e+02 1.213525393141635504e+02 1.208525393141635504e+02 1.203525393141635647e+02 1.203525393141635647e+02 1.203525393141635647e+02 3.008525393141635504e+02
1.336239652420068751e+02 1.301239652420068751e+02 1.301239652420068751e+02 1.308739652420068751e+02 3.128739652420068751e+02 1.301239652420068751e+02 3.101239652420068751e+02
3.236166880506301595e+02 3.236166880506301595e+02 3.233666880506301595e+02 3.213666880506301595e+02 1.438666880506301595e+02 1.438666880506301595e+02 1.438666880506301595e+02
0.000000000000000000e+00 0.000000000000000000e+00 0.000000000000000000e+00 0.000000000000000000e+00 0.000000000000000000e+00 0.000000000000000000e+00 0.000000000000000000e+00
6.074636360242988076e+01 2.439963636024298808e+02 2.469963636024298808e+02 6.774636360242988076e+01 6.674636360242988076e+01 2.479963636024298808e+02 2.477463636024298808e+02
1.424030231313072363e+02 1.431530231313072363e+02 1.426530231313072363e+02 3.211530231313072363e+02 3.216530231313072363e+02 3.221530231313072363e+02 1.414030231313072363e+02
2.804923123217288889e+02 9.949231232172887474e+01 9.974231232172887474e+01 9.974231232172887474e+01 9.999231232172888895e+01 1.002423123217288889e+02 9.999231232172888895e+01
1.373315432002176522e+02 1.375815432002176522e+02 1.383315432002176522e+02 1.380815432002176522e+02 1.378315432002176522e+02 1.388315432002176522e+02 3.190815432002176522e+02
3.230173846652265297e+02 3.240173846652265297e+02 3.235173846652265297e+02 1.437673846652265297e+02 1.437673846652265297e+02 1.437673846652265297e+02 3.237673846652265297e+02
3.215886563890641696e+02 3.215886563890641696e+02 3.220886563890641696e+02 1.413386563890641696e+02 1.418386563890641696e+02 1.418386563890641696e+02 3.218386563890641696e+02
3.207828062721747528e+02 3.212828062721747528e+02 3.207828062721747528e+02 3.225328062721747528e+02 1.395328062721747528e+02 1.407828062721747528e+02 1.407828062721747528e+02
1.355713517587509500e+02 3.213213517587509500e+02 3.198213517587509500e+02 3.190713517587509500e+02 1.410713517587509500e+02 1.395713517587509500e+02 1.395713517587509500e+02
2.701964241654439434e+02 2.966964241654439434e+02 2.986964241654439434e+02 2.989464241654439434e+02 2.999464241654439434e+02 1.174464241654439434e+02 2.989464241654439434e+02
3.015973652872959292e+02 2.998473652872959292e+02 2.985973652872959292e+02 2.995973652872959292e+02 3.010973652872959292e+02 1.000973652872959576e+02 1.203473652872959576e+02
0.000000000000000000e+00 0.000000000000000000e+00 0.000000000000000000e+00 0.000000000000000000e+00 0.000000000000000000e+00 0.000000000000000000e+00 0.000000000000000000e+00
2.362959888777016033e+02 2.365459888777016033e+02 5.479598887770160331e+01 5.654598887770160331e+01 5.654598887770160331e+01 5.654598887770160331e+01 5.654598887770160331e+01
1.510922659167561051e+02 3.275922659167561051e+02 3.295922659167561051e+02 3.373422659167561051e+02 3.290922659167561051e+02 3.285922659167561051e+02 3.285922659167561051e+02
3.495209194317486663e+02 3.497709194317486663e+02 3.497709194317486663e+02 3.495209194317486663e+02 3.487709194317486663e+02 1.702709194317486663e+02 3.497709194317486663e+02
3.057341103292329194e+02 3.069841103292329194e+02 3.097341103292329194e+02 3.102341103292329194e+02 3.079841103292329194e+02 1.267341103292329194e+02 1.282341103292329194e+02
1.515853862247516872e+02 1.603353862247516872e+02 3.408353862247516872e+02 3.408353862247516872e+02 1.605853862247516872e+02 1.610853862247516872e+02 1.610853862247516872e+02
0.000000000000000000e+00 0.000000000000000000e+00 0.000000000000000000e+00 0.000000000000000000e+00 0.000000000000000000e+00 0.000000000000000000e+00 0.000000000000000000e+00
0.000000000000000000e+00 0.000000000000000000e+00 0.000000000000000000e+00 0.000000000000000000e+00 0.000000000000000000e+00 0.000000000000000000e+00 0.000000000000000000e+00
1.392944700685715702e+02 1.387944700685715702e+02 1.382944700685715702e+02 1.377944700685715702e+02 3.250444700685715702e+02 1.392944700685715702e+02 1.392944700685715702e+02
0.000000000000000000e+00 0.000000000000000000e+00 0.000000000000000000e+00 0.000000000000000000e+00 0.000000000000000000e+00 0.000000000000000000e+00 0.000000000000000000e+00
3.073380285278980182e+02 3.075880285278980182e+02 3.070880285278980182e+02 3.068380285278980182e+02 3.065880285278980182e+02 3.063380285278980182e+02 3.063380285278980182e+02
1.361079062665028800e+02 1.368579062665028800e+02 1.366079062665028800e+02 1.363579062665028800e+02 1.363579062665028800e+02 1.363579062665028800e+02 1.361079062665028800e+02
2.299742020020827056e+02 4.547420200208270558e+01 4.747420200208270558e+01 4.722420200208270558e+01 2.269742020020827056e+02 2.272242020020827056e+02 2.272242020020827056e+02
0.000000000000000000e+00 0.000000000000000000e+00 0.000000000000000000e+00 0.000000000000000000e+00 0.000000000000000000e+00 0.000000000000000000e+00 0.000000000000000000e+00
4.454146652358366509e+01 4.429146652358366509e+01 2.245414665235836651e+02 2.242914665235836651e+02 2.240414665235836651e+02 2.237914665235836651e+02 4.429146652358366509e+01
5.085720668825086932e+01 4.960720668825086932e+01 2.293572066882508693e+02 2.308572066882508693e+02 4.835720668825086932e+01 2.286072066882508693e+02 2.288572066882508693e+02
3.076810124637278250e+02 3.136810124637278250e+02 1.001810124637278250e+02 1.234310124637278250e+02 1.269310124637278250e+02 1.259310124637278250e+02 1.256810124637278250e+02
2.394284169835560760e+02 2.389284169835560760e+02 2.391784169835560760e+02 2.391784169835560760e+02 2.389284169835560760e+02 2.389284169835560760e+02 2.389284169835560760e+02
3.413395251066880292e+02 3.410895251066880292e+02 3.395895251066880292e+02 1.620895251066880576e+02 1.613395251066880576e+02 1.610895251066880576e+02 3.415895251066880292e+02
3.322618685996449130e+02 3.320118685996449130e+02 3.317618685996449130e+02 3.310118685996449130e+02 1.535118685996449415e+02 1.527618685996449415e+02 1.527618685996449415e+02
2.871629646008483405e+02 2.871629646008483405e+02 2.859129646008483405e+02 1.086629646008483405e+02 1.076629646008483405e+02 1.079129646008483405e+02 1.076629646008483405e+02
3.361338395664179757e+02 1.568838395664179757e+02 1.558838395664179757e+02 1.558838395664179757e+02 3.356338395664179757e+02 3.358838395664179757e+02 1.553838395664179757e+02
3.229507225326358366e+02 3.257007225326358366e+02 3.259507225326358366e+02 1.469507225326358366e+02 3.262007225326358366e+02 3.167007225326358366e+02 3.264507225326358366e+02
2.048421736786131362e+02 2.055921736786131362e+02 2.060921736786131362e+02 2.534217367861313264e+01 2.559217367861313264e+01 2.584217367861310777e+01 2.584217367861310777e+01
1.366123545164650750e+02 1.368623545164650750e+02 1.368623545164650750e+02 1.366123545164650750e+02 1.371123545164650750e+02 1.373623545164650750e+02 1.373623545164650750e+02
2.701352943642300488e+02 2.901352943642300488e+02 8.638529436423003460e+01 8.888529436423004881e+01 8.763529436423004881e+01 8.713529436423004881e+01 8.738529436423004881e+01
2.626512100250678259e+02 2.679012100250678259e+02 2.679012100250678259e+02 2.671512100250678259e+02 2.681512100250678259e+02 8.765121002506782588e+01 8.790121002506782588e+01
3.115708719867856189e+02 3.148208719867856189e+02 3.158208719867856189e+02 3.163208719867856189e+02 3.168208719867856189e+02 3.173208719867856189e+02 3.175708719867856189e+02
1.373091765398278881e+02 1.373091765398278881e+02 3.145591765398278881e+02 3.168091765398278881e+02 3.173091765398278881e+02 1.370591765398278881e+02 1.373091765398278881e+02
8.901220202552156024e+01 8.976220202552156024e+01 9.576220202552156024e+01 2.672622020255215602e+02 2.672622020255215602e+02 2.690122020255215602e+02 8.901220202552156024e+01
0.000000000000000000e+00 0.000000000000000000e+00 0.000000000000000000e+00 0.000000000000000000e+00 0.000000000000000000e+00 0.000000000000000000e+00 0.000000000000000000e+00
2.989365491264293837e+02 2.991865491264293837e+02 2.999365491264293837e+02 1.269365491264293837e+02 2.999365491264293837e+02 1.181865491264293837e+02 1.199365491264293837e+02
2.999259539245864516e+02 2.999259539245864516e+02 2.984259539245864516e+02 2.996759539245864516e+02 2.999259539245864516e+02 3.011759539245864516e+02 1.196759539245864516e+02
2.953931490286941539e+02 2.948931490286941539e+02 2.963931490286941539e+02 2.968931490286941539e+02 2.971431490286941539e+02 2.963931490286941539e+02 2.941431490286941539e+02
0.000000000000000000e+00 0.000000000000000000e+00 0.000000000000000000e+00 0.000000000000000000e+00 0.000000000000000000e+00 0.000000000000000000e+00 0.000000000000000000e+00
2.691847482614017508e+02 2.734347482614017508e+02 7.918474826140175082e+01 8.368474826140175082e+01 2.654347482614017508e+02 2.649347482614017508e+02 2.649347482614017508e+02
0.000000000000000000e+00 0.000000000000000000e+00 0.000000000000000000e+00 0.000000000000000000e+00 0.000000000000000000e+00 0.000000000000000000e+00 0.000000000000000000e+00
1.291615952458408856e+02 1.251615952458408856e+02 1.231615952458408856e+02 1.261615952458408856e+02 1.261615952458408856e+02 1.261615952458408856e+02 1.261615952458408856e+02
2.258651125609993358e+02 4.411511256099933576e+01 4.486511256099933576e+01 4.386511256099933576e+01 4.386511256099933576e+01 4.486511256099933576e+01 2.248651125609993358e+02
0.000000000000000000e+00 0.000000000000000000e+00 0.000000000000000000e+00 0.000000000000000000e+00 0.000000000000000000e+00 0.000000000000000000e+00 0.000000000000000000e+00
1.304438365109728863e+02 1.316938365109728863e+02 3.026938365109729148e+02 3.114438365109729148e+02 3.116938365109729148e+02 1.316938365109728863e+02 1.316938365109728863e+02
0.000000000000000000e+00 0.000000000000000000e+00 0.000000000000000000e+00 0.000000000000000000e+00 0.000000000000000000e+00 0.000000000000000000e+00 0.000000000000000000e+00
2.584499191600414179e+02 2.566999191600414179e+02 6.469991916004141785e+01 7.019991916004141785e+01 7.069991916004141785e+01 2.501999191600414179e+02 2.504499191600414179e+02
0.000000000000000000e+00 0.000000000000000000e+00 0.000000000000000000e+00 0.000000000000000000e+00 0.000000000000000000e+00 0.000000000000000000e+00 0.000000000000000000e+00
2.785829672989603623e+01 2.810829672989603623e+01 2.785829672989603623e+01 2.835829672989603978e+01 2.885829672989603978e+01 2.835829672989603978e+01 2.835829672989603978e+01
0.000000000000000000e+00 0.000000000000000000e+00 0.000000000000000000e+00 0.000000000000000000e+00 0.000000000000000000e+00 0.000000000000000000e+00 0.000000000000000000e+00
2.375807085046500333e+01 2.375807085046500333e+01 2.275807085046500333e+01 2.225807085046502820e+01 2.035080708504650318e+02 2.025080708504650318e+02 2.025080708504650318e+02
3.194366238091872106e+02 3.109366238091872106e+02 3.104366238091872106e+02 1.306866238091872106e+02 1.306866238091872106e+02 3.106866238091872106e+02 3.106866238091872106e+02
1.279690331883682006e+02 1.294690331883682006e+02 1.302190331883682006e+02 1.304690331883682006e+02 3.072190331883682006e+02 3.099690331883682006e+02 3.099690331883682006e+02
1.032591137874963465e+02 1.030091137874963465e+02 2.825091137874963465e+02 2.825091137874963465e+02 2.825091137874963465e+02 2.825091137874963465e+02 2.830091137874963465e+02
1.351111541980686326e+01 1.972611154198068562e+02 1.970111154198068562e+02 1.967611154198068562e+02 1.957611154198068562e+02 1.965111154198068562e+02 1.960111154198068562e+02
8.854900313768769138e+01 2.942990031376876914e+02 2.902990031376876914e+02 2.905490031376876914e+02 2.905490031376876914e+02 2.905490031376876914e+02 1.107990031376876914e+02
1.046438024181464925e+02 2.863938024181464925e+02 2.858938024181464925e+02 2.858938024181464925e+02 2.856438024181464925e+02 1.056438024181464925e+02 1.056438024181464925e+02
0.000000000000000000e+00 0.000000000000000000e+00 0.000000000000000000e+00 0.000000000000000000e+00 0.000000000000000000e+00 0.000000000000000000e+00 0.000000000000000000e+00
0.000000000000000000e+00 0.000000000000000000e+00 0.000000000000000000e+00 0.000000000000000000e+00 0.000000000000000000e+00 0.000000000000000000e+00 0.000000000000000000e+00
2.859596817448081083e+02 2.847096817448081083e+02 2.907096817448081083e+02 2.909596817448081083e+02 2.907096817448081083e+02 1.104596817448081083e+02 1.107096817448081083e+02
2.907166089372110491e+02 2.924666089372110491e+02 1.067166089372110491e+02 1.109666089372110491e+02 1.109666089372110491e+02 2.907166089372110491e+02 2.904666089372110491e+02
1.417320386304256203e+02 3.254820386304256203e+02 3.234820386304256203e+02 3.232320386304256203e+02 1.427320386304256203e+02 3.232320386304256203e+02 3.229820386304256203e+02
2.899037326550654257e+02 9.790373265506542566e+01 9.790373265506542566e+01 2.799037326550654257e+02 1.001537326550654257e+02 1.001537326550654257e+02 1.004037326550654257e+02
0.000000000000000000e+00 0.000000000000000000e+00 0.000000000000000000e+00 0.000000000000000000e+00 0.000000000000000000e+00 0.000000000000000000e+00 0.000000000000000000e+00
1.443083104561353025e+02 1.438083104561353025e+02 1.425583104561353025e+02 3.250583104561353025e+02 3.255583104561353025e+02 1.440583104561353025e+02 1.415583104561353025e+02
2.680650553918439414e+02 2.193150553918439414e+02 1.145650553918439414e+02 1.133150553918439414e+02 1.133150553918439414e+02 3.130650553918439414e+02 1.140650553918439414e+02
3.231629644127968959e+02 3.219129644127968959e+02 3.216629644127968959e+02 3.214129644127968959e+02 3.214129644127968959e+02 1.421629644127968959e+02 1.416629644127968959e+02
0.000000000000000000e+00 0.000000000000000000e+00 0.000000000000000000e+00 0.000000000000000000e+00 0.000000000000000000e+00 0.000000000000000000e+00 0.000000000000000000e+00
1.007843897711160253e+02 3.207843897711160253e+02 2.860343897711160253e+02 2.832843897711160253e+02 2.830343897711160253e+02 2.827843897711160253e+02 1.027843897711160253e+02
2.729791055388641325e+02 9.847910553886413254e+01 9.172910553886413254e+01 8.972910553886413254e+01 9.122910553886413254e+01 9.172910553886413254e+01 2.712291055388641325e+02
2.923805718059120977e+02 1.046305718059120977e+02 1.041305718059120977e+02 1.046305718059120977e+02 1.048805718059120977e+02 1.048805718059120977e+02 2.846305718059120977e+02
0.000000000000000000e+00 0.000000000000000000e+00 0.000000000000000000e+00 0.000000000000000000e+00 0.000000000000000000e+00 0.000000000000000000e+00 0.000000000000000000e+00
0.000000000000000000e+00 0.000000000000000000e+00 0.000000000000000000e+00 0.000000000000000000e+00 0.000000000000000000e+00 0.000000000000000000e+00 0.000000000000000000e+00
4.910981881656167047e+01 2.223598188165616705e+02 2.281098188165616705e+02 4.710981881656167047e+01 4.710981881656167047e+01 4.710981881656167047e+01 4.710981881656167047e+01
1.213720275482914133e+02 1.206220275482914133e+02 3.018720275482913848e+02 3.013720275482913848e+02 1.113720275482914133e+02 1.211220275482914133e+02 3.011220275482913848e+02
3.036403715829354724e+02 1.366403715829354724e+02 2.961403715829354724e+02 3.033903715829354724e+02 3.051403715829354724e+02 3.048903715829354724e+02 3.046403715829354724e+02
2.629583717154297346e+02 8.920837171542973465e+01 8.520837171542973465e+01 8.520837171542973465e+01 2.652083717154297346e+02 2.652083717154297346e+02 8.520837171542973465e+01
0.000000000000000000e+00 0.000000000000000000e+00 0.000000000000000000e+00 0.000000000000000000e+00 0.000000000000000000e+00 0.000000000000000000e+00 0.000000000000000000e+00
2.294106880081916131e+02 2.286606880081916131e+02 2.276606880081916131e+02 2.276606880081916131e+02 2.274106880081916131e+02 4.791068800819161311e+01 2.281606880081916131e+02
2.835706887483866581e+02 2.838206887483866581e+02 1.070706887483866581e+02 1.040706887483866581e+02 1.038206887483866581e+02 1.053206887483866581e+02 2.850706887483866581e+02
0.000000000000000000e+00 0.000000000000000000e+00 0.000000000000000000e+00 0.000000000000000000e+00 0.000000000000000000e+00 0.000000000000000000e+00 0.000000000000000000e+00
0.000000000000000000e+00 0.000000000000000000e+00 0.000000000000000000e+00 0.000000000000000000e+00 0.000000000000000000e+00 0.000000000000000000e+00 0.000000000000000000e+00
1.240398376576783903e+02 1.245398376576783903e+02 2.965398376576783903e+02 3.032898376576783903e+02 3.037898376576783903e+02 1.177898376576783903e+02 1.235398376576783903e+02
3.031537038278098635e+02 3.034037038278098635e+02 1.229037038278098635e+02 1.231537038278098635e+02 1.234037038278098635e+02 3.024037038278098635e+02 3.026537038278098635e+02
1.245200067816010687e+02 1.250200067816010687e+02 1.245200067816010687e+02 1.245200067816010687e+02 1.247700067816010687e+02 3.042700067816010687e+02 1.245200067816010687e+02
1.397217903003974584e+02 1.384717903003974584e+02 3.187217903003974584e+02 3.177217903003974584e+02 1.382217903003974584e+02 1.382217903003974584e+02 1.384717903003974584e+02
7.406750237038033902e+01 7.881750237038033902e+01 7.081750237038033902e+01 7.281750237038033902e+01 2.490675023703803390e+02 6.931750237038033902e+01 6.931750237038033902e+01
0.000000000000000000e+00 0.000000000000000000e+00 0.000000000000000000e+00 0.000000000000000000e+00 0.000000000000000000e+00 0.000000000000000000e+00 0.000000000000000000e+00
0.000000000000000000e+00 0.000000000000000000e+00 0.000000000000000000e+00 0.000000000000000000e+00 0.000000000000000000e+00 0.000000000000000000e+00 0.000000000000000000e+00
