3.816252910835756040e+01 2.791252910835756040e+01 3.576625291083575462e+02 2.871625291083575462e+02 2.649125291083575462e+02 6.841252910835756040e+01 4.591252910835756040e+01
3.518325604129497606e+02 3.505825604129497606e+02 3.383325604129497606e+02 3.398325604129497606e+02 3.325604129497605754e-01 2.832560412949760575e+00 3.325604129497605754e-01
3.349470581534195617e+02 3.379470581534195617e+02 3.411970581534195617e+02 3.426970581534195617e+02 3.421970581534195617e+02 1.369705815341956168e+01 9.447058153419561677e+00
1.734750901823304048e+00 2.984750901823304048e+00 5.984750901823304048e+00 8.234750901823304048e+00 1.734750901823304048e+00 3.567347509018233040e+02 3.537347509018233040e+02
1.305541748785117306e+00 3.805541748785117306e+00 7.555541748785117306e+00 6.305541748785117306e+00 3.555555417487851173e+02 1.355554174878511731e+01 3.475555417487851173e+02
3.505586906672676832e+02 3.550586906672676832e+02 3.568086906672676832e+02 3.580586906672676832e+02 6.308690667267683239e+00 1.830869066726768324e+01 1.405869066726768324e+01
2.709436381840646391e+00 2.709436381840646391e+00 1.709436381840646391e+00 2.709436381840646391e+00 2.209436381840646391e+00 4.594363818406463906e-01 3.089594363818406464e+02
1.434834772922937418e+01 1.134834772922937418e+01 7.848347729229374181e+00 3.598347729229374181e+00 1.348347729229374181e+00 3.284834772922937418e+01 2.134834772922937418e+01
0.000000000000000000e+00 0.000000000000000000e+00 0.000000000000000000e+00 0.000000000000000000e+00 0.000000000000000000e+00 0.000000000000000000e+00 0.000000000000000000e+00
3.340887533670702965e+02 3.415887533670702965e+02 3.513387533670702965e+02 3.413387533670702965e+02 3.260887533670702965e+02 3.495887533670702965e+02 6.338753367070296463e+00
1.023472853340553002e+01 8.734728533405530015e+00 7.484728533405530015e+00 4.234728533405530015e+00 8.984728533405530015e+00 4.398472853340553002e+01 4.323472853340553002e+01
5.375034249269674547e+00 3.586250342492696745e+02 3.593750342492696745e+02 1.837503424926967455e+01 1.062503424926967455e+01 3.466250342492696745e+02 3.591250342492696745e+02
1.187941726654014474e+01 1.337941726654014474e+01 1.462941726654014474e+01 1.162941726654014474e+01 5.879417266540144738e+00 3.451294172665401447e+02 3.411294172665401447e+02
0.000000000000000000e+00 0.000000000000000000e+00 0.000000000000000000e+00 0.000000000000000000e+00 0.000000000000000000e+00 0.000000000000000000e+00 0.000000000000000000e+00
3.524225700565759212e+02 3.524225700565759212e+02 3.514225700565759212e+02 3.474225700565759212e+02 3.451725700565759212e+02 3.484225700565759212e+02 3.489225700565759212e+02
0.000000000000000000e+00 0.000000000000000000e+00 0.000000000000000000e+00 0.000000000000000000e+00 0.000000000000000000e+00 0.000000000000000000e+00 0.000000000000000000e+00
0.000000000000000000e+00 0.000000000000000000e+00 0.000000000000000000e+00 0.000000000000000000e+00 0.000000000000000000e+00 0.000000000000000000e+00 0.000000000000000000e+00
0.000000000000000000e+00 0.000000000000000000e+00 0.000000000000000000e+00 0.000000000000000000e+00 0.000000000000000000e+00 0.000000000000000000e+00 0.000000000000000000e+00
0.000000000000000000e+00 0.000000000000000000e+00 0.000000000000000000e+00 0.000000000000000000e+00 0.000000000000000000e+00 0.000000000000000000e+00 0.000000000000000000e+00
0.000000000000000000e+00 0.000000000000000000e+00 0.000000000000000000e+00 0.000000000000000000e+00 0.000000000000000000e+00 0.000000000000000000e+00 0.000000000000000000e+00
1.666898279980705411e+01 1.166898279980705411e+01 3.418982799807054107e+00 3.594189827998070541e+02 1.716898279980705411e+01 2.416898279980705411e+01 3.506689827998070541e+02
3.543185651815480242e+02 3.578185651815480242e+02 8.185651815480241567e-01 3.588185651815480242e+02 3.520685651815480242e+02 3.433185651815480242e+02 3.490685651815480242e+02
3.356709812474222190e+02 3.434209812474222190e+02 3.536709812474222190e+02 3.466709812474222190e+02 3.356709812474222190e+02 3.379209812474222190e+02 3.459209812474222190e+02
3.483892132911499289e+02 3.518892132911499289e+02 3.536392132911499289e+02 3.508892132911499289e+02 3.558892132911499289e+02 1.889213291149928864e+00 3.593892132911499289e+02
3.379633410425871602e+02 3.559633410425871602e+02 1.496334104258716025e+01 3.321334104258716025e+01 3.921334104258716025e+01 3.594633410425871602e+02 3.497133410425871602e+02
5.890379731725943202e-01 3.583390379731725943e+02 3.560890379731725943e+02 3.513390379731725943e+02 3.470890379731725943e+02 3.470890379731725943e+02 8.903797317259432020e-02
3.533287181221982109e+02 3.525787181221982109e+02 3.538287181221982109e+02 3.500787181221982109e+02 3.473287181221982109e+02 3.523287181221982109e+02 3.420787181221982109e+02
0.000000000000000000e+00 0.000000000000000000e+00 0.000000000000000000e+00 0.000000000000000000e+00 0.000000000000000000e+00 0.000000000000000000e+00 0.000000000000000000e+00
3.506151926856721275e+02 3.538651926856721275e+02 3.561151926856721275e+02 3.583651926856721275e+02 3.581151926856721275e+02 3.548651926856721275e+02 8.365192685672127482e+00
5.310965790199638548e+00 1.056096579019963855e+01 4.256096579019963855e+01 6.131096579019964565e+01 7.031096579019964565e+01 7.006096579019964565e+01 3.181096579019963855e+01
8.810164231175008354e-01 1.631016423117500835e+00 2.631016423117500835e+00 3.881016423117500835e+00 3.568810164231175008e+02 3.343810164231175008e+02 3.553810164231175008e+02
3.567590220226824158e+02 3.555090220226824158e+02 6.009022022682444231e+00 1.575902202268244423e+01 1.125902202268244423e+01 8.759022022682444231e+00 2.009022022682444231e+00
0.000000000000000000e+00 0.000000000000000000e+00 0.000000000000000000e+00 0.000000000000000000e+00 0.000000000000000000e+00 0.000000000000000000e+00 0.000000000000000000e+00
3.437757570469624397e+02 2.152575704696243974e+01 8.025757046962439745e+00 3.587757570469624397e+02 3.542757570469624397e+02 3.572757570469624397e+02 3.592757570469624397e+02
4.083179908553603354e+00 5.583179908553603354e+00 5.333179908553603354e+00 4.833179908553603354e+00 3.568331799085535749e+02 3.338331799085535749e+02 8.083179908553603354e+00
2.383106576977547775e+01 2.708106576977547775e+01 1.108106576977545643e+01 3.503310657697754777e+02 3.468310657697754777e+02 3.585810657697754777e+02 3.958106576977547775e+01
3.378485880855703272e+01 2.528485880855703272e+01 1.803485880855703272e+01 9.034858808557032717e+00 3.540348588085570327e+02 3.575348588085570327e+02 4.534858808557032717e+00
1.212637581748089133e+01 8.876375817480891328e+00 5.126375817480891328e+00 3.578763758174808913e+02 3.418763758174808913e+02 3.548763758174808913e+02 1.262637581748089133e+01
2.664201757888383781e+01 2.314201757888383781e+01 3.014201757888383781e+01 3.414201757888383781e+01 6.589201757888383781e+01 7.564201757888383781e+01 7.014201757888383781e+01
9.429347964470139232e+00 3.394293479644701392e+02 3.141793479644701392e+02 3.174293479644701392e+02 3.194293479644701392e+02 3.266793479644701392e+02 3.466793479644701392e+02
3.540049132567567653e+02 3.552549132567567653e+02 3.550049132567567653e+02 3.552549132567567653e+02 3.567549132567567653e+02 3.597549132567567653e+02 4.754913256756765350e+00
0.000000000000000000e+00 0.000000000000000000e+00 0.000000000000000000e+00 0.000000000000000000e+00 0.000000000000000000e+00 0.000000000000000000e+00 0.000000000000000000e+00
3.537817387697764389e+02 3.542817387697764389e+02 3.550317387697764389e+02 3.537817387697764389e+02 3.437817387697764389e+02 3.095317387697764389e+02 2.875317387697764389e+02
1.097381563307573060e+01 1.472381563307573060e+01 2.223815633075730602e+00 3.349738156330757306e+02 3.312238156330757306e+02 3.223815633075730602e+00 4.223815633075730602e+00
2.064637194854412883e-01 3.587064637194854413e+02 3.592064637194854413e+02 7.064637194854412883e-01 3.574564637194854413e+02 8.206463719485441288e+00 2.064637194854412883e-01
3.413374895788439289e+02 3.543374895788439289e+02 2.933748957884392894e+01 5.158748957884392894e+01 5.958748957884392894e+01 2.033748957884392894e+01 3.198374895788439289e+02
2.716611123051933419e+00 4.716611123051933419e+00 5.716611123051933419e+00 3.716611123051933419e+00 1.466611123051933419e+00 5.216611123051933419e+00 3.579666111230519618e+02
0.000000000000000000e+00 0.000000000000000000e+00 0.000000000000000000e+00 0.000000000000000000e+00 0.000000000000000000e+00 0.000000000000000000e+00 0.000000000000000000e+00
0.000000000000000000e+00 0.000000000000000000e+00 0.000000000000000000e+00 0.000000000000000000e+00 0.000000000000000000e+00 0.000000000000000000e+00 0.000000000000000000e+00
1.106012301345811011e+01 4.060123013458110108e+00 3.550601230134581101e+02 3.400601230134581101e+02 3.278101230134581101e+02 3.455601230134581101e+02 1.206012301345811011e+01
9.337808958799428183e+00 9.087808958799428183e+00 9.337808958799428183e+00 9.087808958799428183e+00 3.575878089587994282e+02 4.008780895879942818e+01 1.683780895879942818e+01
6.038951269618351603e+01 6.488951269618351603e+01 5.763951269618351603e+01 3.413951269618351603e+01 1.538951269618351603e+01 1.139512696183516027e+00 5.639512696183516027e+00
0.000000000000000000e+00 0.000000000000000000e+00 0.000000000000000000e+00 0.000000000000000000e+00 0.000000000000000000e+00 0.000000000000000000e+00 0.000000000000000000e+00
3.183061251762683241e+02 3.428061251762683241e+02 2.130612517626835256e+01 5.180612517626835256e+01 7.105612517626835256e+01 3.730612517626835256e+01 1.055612517626835256e+01
6.912559313869451216e+00 3.534125593138694512e+02 3.479125593138694512e+02 8.662559313869451216e+00 3.441255931386945122e+01 2.316255931386945122e+01 2.412559313869451216e+00
0.000000000000000000e+00 0.000000000000000000e+00 0.000000000000000000e+00 0.000000000000000000e+00 0.000000000000000000e+00 0.000000000000000000e+00 0.000000000000000000e+00
0.000000000000000000e+00 0.000000000000000000e+00 0.000000000000000000e+00 0.000000000000000000e+00 0.000000000000000000e+00 0.000000000000000000e+00 0.000000000000000000e+00
0.000000000000000000e+00 0.000000000000000000e+00 0.000000000000000000e+00 0.000000000000000000e+00 0.000000000000000000e+00 0.000000000000000000e+00 0.000000000000000000e+00
0.000000000000000000e+00 0.000000000000000000e+00 0.000000000000000000e+00 0.000000000000000000e+00 0.000000000000000000e+00 0.000000000000000000e+00 0.000000000000000000e+00
9.016733648135300427e+00 9.266733648135300427e+00 8.766733648135300427e+00 1.401673364813530043e+01 1.651673364813530043e+01 3.051673364813530043e+01 3.520167336481353004e+02
4.404397396376424467e+00 2.404397396376424467e+00 3.599043973963764529e+02 3.599043973963764529e+02 2.404397396376424467e+00 1.365439739637642447e+01 1.215439739637642447e+01
3.478908741544958048e+02 3.491408741544958048e+02 3.511408741544958048e+02 3.566408741544958048e+02 8.890874154495804760e+00 1.640874154495804760e+00 4.640874154495804760e+00
4.207348172144520504e-02 4.042073481721445205e+00 1.129207348172144521e+01 7.792073481721445205e+00 3.792073481721445205e+00 3.547920734817214452e+02 4.207348172144520504e-02
0.000000000000000000e+00 0.000000000000000000e+00 0.000000000000000000e+00 0.000000000000000000e+00 0.000000000000000000e+00 0.000000000000000000e+00 0.000000000000000000e+00
2.427725871391658075e+01 2.602725871391658075e+01 2.527725871391658075e+01 1.152725871391658075e+01 3.572772587139165807e+02 3.570272587139165807e+02 2.772587139165807457e-01
0.000000000000000000e+00 0.000000000000000000e+00 0.000000000000000000e+00 0.000000000000000000e+00 0.000000000000000000e+00 0.000000000000000000e+00 0.000000000000000000e+00
9.430514986839170888e+00 1.043051498683917089e+01 1.068051498683917089e+01 1.143051498683917089e+01 1.043051498683917089e+01 4.930514986839170888e+00 2.930514986839170888e+00
8.833415481335180175e+00 1.858341548133518017e+01 1.808341548133518017e+01 4.833415481335180175e+00 8.583415481335180175e+00 2.408341548133518017e+01 1.808341548133518017e+01
