3.448719420248048095e+02 4.121942024804823745e+00 2.812194202480482375e+01 4.862194202480482375e+01 3.037194202480482375e+01 3.443719420248048095e+02 4.262194202480482375e+01
8.095475119498587446e+00 4.845475119498587446e+00 3.428454751194985874e+02 3.233454751194985874e+02 3.108454751194985874e+02 2.968454751194985874e+02 2.923454751194985874e+02
7.884698772508613729e-02 3.578846987725086137e+00 3.578846987725086137e+00 3.540788469877251146e+02 3.350788469877251146e+02 3.560788469877251146e+02 2.082884698772508614e+01
1.886735589323279783e+01 1.486735589323279783e+01 9.867355893232797825e+00 5.867355893232797825e+00 4.367355893232797825e+00 3.518673558932327978e+02 3.576173558932327978e+02
1.768874489516986159e+01 1.368874489516986159e+01 8.938744895169861593e+00 5.688744895169861593e+00 9.938744895169861593e+00 3.344387448951698616e+02 3.376887448951698616e+02
7.819020074110198948e+00 9.069020074110198948e+00 9.319020074110198948e+00 5.819020074110198948e+00 3.590690200741101989e+02 3.565690200741101989e+02 1.506902007411019895e+01
2.238580931889265457e+01 2.438580931889265457e+01 2.788580931889265457e+01 2.888580931889265457e+01 3.963580931889265457e+01 3.888580931889265457e+01 1.113580931889265457e+01
2.205652523643192353e+01 2.055652523643192353e+01 1.955652523643192353e+01 2.305652523643192353e+01 2.905652523643192353e+01 2.730652523643192353e+01 3.880652523643192353e+01
0.000000000000000000e+00 0.000000000000000000e+00 0.000000000000000000e+00 0.000000000000000000e+00 0.000000000000000000e+00 0.000000000000000000e+00 0.000000000000000000e+00
9.671895553474598728e-01 3.967189555347459873e+00 4.467189555347459873e+00 3.562171895553474315e+02 3.349671895553474315e+02 3.414671895553474315e+02 2.271718955534745987e+01
2.684068202430984229e+01 2.909068202430984229e+01 3.084068202430984229e+01 3.109068202430984229e+01 2.884068202430984229e+01 4.709068202430984229e+01 5.734068202430984229e+01
2.938946521311902416e+01 3.338946521311902416e+01 3.638946521311902416e+01 3.738946521311902416e+01 5.463946521311902416e+01 2.613946521311902416e+01 3.393894652131190242e+02
2.612461262618171531e+01 2.362461262618171531e+01 1.112461262618171531e+01 3.343746126261817153e+02 3.301246126261817153e+02 3.421246126261817153e+02 3.511246126261817153e+02
0.000000000000000000e+00 0.000000000000000000e+00 0.000000000000000000e+00 0.000000000000000000e+00 0.000000000000000000e+00 0.000000000000000000e+00 0.000000000000000000e+00
3.529159251203809617e+02 3.546659251203809617e+02 3.551659251203809617e+02 3.554159251203809617e+02 3.566659251203809617e+02 3.589159251203809617e+02 3.594159251203809617e+02
0.000000000000000000e+00 0.000000000000000000e+00 0.000000000000000000e+00 0.000000000000000000e+00 0.000000000000000000e+00 0.000000000000000000e+00 0.000000000000000000e+00
0.000000000000000000e+00 0.000000000000000000e+00 0.000000000000000000e+00 0.000000000000000000e+00 0.000000000000000000e+00 0.000000000000000000e+00 0.000000000000000000e+00
0.000000000000000000e+00 0.000000000000000000e+00 0.000000000000000000e+00 0.000000000000000000e+00 0.000000000000000000e+00 0.000000000000000000e+00 0.000000000000000000e+00
0.000000000000000000e+00 0.000000000000000000e+00 0.000000000000000000e+00 0.000000000000000000e+00 0.000000000000000000e+00 0.000000000000000000e+00 0.000000000000000000e+00
0.000000000000000000e+00 0.000000000000000000e+00 0.000000000000000000e+00 0.000000000000000000e+00 0.000000000000000000e+00 0.000000000000000000e+00 0.000000000000000000e+00
2.088531699137047326e+01 2.713531699137047326e+01 3.738531699137047326e+01 2.413531699137047326e+01 1.338531699137047326e+01 3.488531699137047326e+01 8.885316991370473261e+00
1.625970579675902172e+01 1.425970579675902172e+01 1.025970579675902172e+01 3.580097057967590217e+02 4.759705796759021723e+00 3.442597057967590217e+02 3.542597057967590217e+02
0.000000000000000000e+00 0.000000000000000000e+00 0.000000000000000000e+00 0.000000000000000000e+00 0.000000000000000000e+00 0.000000000000000000e+00 0.000000000000000000e+00
0.000000000000000000e+00 0.000000000000000000e+00 0.000000000000000000e+00 0.000000000000000000e+00 0.000000000000000000e+00 0.000000000000000000e+00 0.000000000000000000e+00
0.000000000000000000e+00 0.000000000000000000e+00 0.000000000000000000e+00 0.000000000000000000e+00 0.000000000000000000e+00 0.000000000000000000e+00 0.000000000000000000e+00
0.000000000000000000e+00 0.000000000000000000e+00 0.000000000000000000e+00 0.000000000000000000e+00 0.000000000000000000e+00 0.000000000000000000e+00 0.000000000000000000e+00
0.000000000000000000e+00 0.000000000000000000e+00 0.000000000000000000e+00 0.000000000000000000e+00 0.000000000000000000e+00 0.000000000000000000e+00 0.000000000000000000e+00
0.000000000000000000e+00 0.000000000000000000e+00 0.000000000000000000e+00 0.000000000000000000e+00 0.000000000000000000e+00 0.000000000000000000e+00 0.000000000000000000e+00
0.000000000000000000e+00 0.000000000000000000e+00 0.000000000000000000e+00 0.000000000000000000e+00 0.000000000000000000e+00 0.000000000000000000e+00 0.000000000000000000e+00
0.000000000000000000e+00 0.000000000000000000e+00 0.000000000000000000e+00 0.000000000000000000e+00 0.000000000000000000e+00 0.000000000000000000e+00 0.000000000000000000e+00
0.000000000000000000e+00 0.000000000000000000e+00 0.000000000000000000e+00 0.000000000000000000e+00 0.000000000000000000e+00 0.000000000000000000e+00 0.000000000000000000e+00
0.000000000000000000e+00 0.000000000000000000e+00 0.000000000000000000e+00 0.000000000000000000e+00 0.000000000000000000e+00 0.000000000000000000e+00 0.000000000000000000e+00
0.000000000000000000e+00 0.000000000000000000e+00 0.000000000000000000e+00 0.000000000000000000e+00 0.000000000000000000e+00 0.000000000000000000e+00 0.000000000000000000e+00
0.000000000000000000e+00 0.000000000000000000e+00 0.000000000000000000e+00 0.000000000000000000e+00 0.000000000000000000e+00 0.000000000000000000e+00 0.000000000000000000e+00
0.000000000000000000e+00 0.000000000000000000e+00 0.000000000000000000e+00 0.000000000000000000e+00 0.000000000000000000e+00 0.000000000000000000e+00 0.000000000000000000e+00
0.000000000000000000e+00 0.000000000000000000e+00 0.000000000000000000e+00 0.000000000000000000e+00 0.000000000000000000e+00 0.000000000000000000e+00 0.000000000000000000e+00
0.000000000000000000e+00 0.000000000000000000e+00 0.000000000000000000e+00 0.000000000000000000e+00 0.000000000000000000e+00 0.000000000000000000e+00 0.000000000000000000e+00
0.000000000000000000e+00 0.000000000000000000e+00 0.000000000000000000e+00 0.000000000000000000e+00 0.000000000000000000e+00 0.000000000000000000e+00 0.000000000000000000e+00
0.000000000000000000e+00 0.000000000000000000e+00 0.000000000000000000e+00 0.000000000000000000e+00 0.000000000000000000e+00 0.000000000000000000e+00 0.000000000000000000e+00
