3.544052624739619546e+02 3.464052624739619546e+02 3.471552624739619546e+02 3.464052624739619546e+02 3.364052624739619546e+02 5.965526247396195458e+01 6.090526247396195458e+01
3.594035483248322862e+02 3.566535483248322862e+02 3.561535483248322862e+02 1.535483248322861982e-01 6.153548324832286198e+00 6.535483248322861982e-01 9.035483248322861982e-01
0.000000000000000000e+00 0.000000000000000000e+00 0.000000000000000000e+00 0.000000000000000000e+00 0.000000000000000000e+00 0.000000000000000000e+00 0.000000000000000000e+00
0.000000000000000000e+00 0.000000000000000000e+00 0.000000000000000000e+00 0.000000000000000000e+00 0.000000000000000000e+00 0.000000000000000000e+00 0.000000000000000000e+00
1.758504128326757154e+01 1.633504128326757154e+01 8.585041283267571544e+00 1.308504128326757154e+01 2.058504128326757154e+01 3.165850412832675715e+02 3.083350412832675715e+02
0.000000000000000000e+00 0.000000000000000000e+00 0.000000000000000000e+00 0.000000000000000000e+00 0.000000000000000000e+00 0.000000000000000000e+00 0.000000000000000000e+00
1.354944717778863605e+01 9.549447177788636054e+00 1.404944717778863605e+01 2.299447177788636054e+00 1.504944717778863605e+01 3.450494471777886361e+02 3.555494471777886361e+02
7.517656481963967963e+00 1.001765648196396796e+01 9.267656481963967963e+00 3.315176564819639680e+02 2.317676564819639680e+02 2.512676564819639680e+02 3.551765648196396796e+01
0.000000000000000000e+00 0.000000000000000000e+00 0.000000000000000000e+00 0.000000000000000000e+00 0.000000000000000000e+00 0.000000000000000000e+00 0.000000000000000000e+00
0.000000000000000000e+00 0.000000000000000000e+00 0.000000000000000000e+00 0.000000000000000000e+00 0.000000000000000000e+00 0.000000000000000000e+00 0.000000000000000000e+00
3.532656619180688722e+02 1.976566191806887218e+01 1.551566191806887218e+01 1.276566191806887218e+01 3.407656619180688722e+02 3.270156619180688722e+02 2.827656619180688722e+02
7.635583201074763338e+01 6.360583201074763338e+01 6.635583201074763338e+01 1.660583201074763338e+01 3.466058320107476334e+02 3.566058320107476334e+02 3.468558320107476334e+02
3.398940344401956963e+02 3.466440344401956963e+02 3.578940344401956963e+02 3.588940344401956963e+02 3.566440344401956963e+02 3.418940344401956963e+02 3.356440344401956963e+02
7.615543698213343760e+00 2.365543698213343760e+00 3.561155436982133438e+02 3.518655436982133438e+02 3.538655436982133438e+02 3.563655436982133438e+02 3.365543698213343760e+00
1.637128715821785363e+01 1.087128715821785363e+01 2.121287158217853630e+00 3.541212871582178536e+02 3.526212871582178536e+02 3.556212871582178536e+02 1.371287158217853630e+00
0.000000000000000000e+00 0.000000000000000000e+00 0.000000000000000000e+00 0.000000000000000000e+00 0.000000000000000000e+00 0.000000000000000000e+00 0.000000000000000000e+00
0.000000000000000000e+00 0.000000000000000000e+00 0.000000000000000000e+00 0.000000000000000000e+00 0.000000000000000000e+00 0.000000000000000000e+00 0.000000000000000000e+00
2.912917290244615742e+01 1.737917290244615742e+01 1.712917290244615742e+01 1.962917290244615742e+01 1.637917290244615742e+01 1.512917290244615742e+01 3.593791729024461574e+02
1.900183578942227314e+01 7.251835789422273137e+00 3.575018357894222731e+02 3.490018357894222731e+02 6.251835789422273137e+00 3.567518357894222731e+02 3.245018357894222731e+02
0.000000000000000000e+00 0.000000000000000000e+00 0.000000000000000000e+00 0.000000000000000000e+00 0.000000000000000000e+00 0.000000000000000000e+00 0.000000000000000000e+00
0.000000000000000000e+00 0.000000000000000000e+00 0.000000000000000000e+00 0.000000000000000000e+00 0.000000000000000000e+00 0.000000000000000000e+00 0.000000000000000000e+00
3.241643137046406764e+02 8.664313704640676406e+00 2.391431370464067641e+01 1.716431370464067641e+01 2.091431370464067641e+01 1.366431370464067641e+01 2.384143137046406764e+02
3.546151899952977260e+02 7.115189995297726000e+00 3.115189995297726000e+00 3.563651899952977260e+02 3.548651899952977260e+02 3.548651899952977260e+02 1.511518999529772600e+01
0.000000000000000000e+00 0.000000000000000000e+00 0.000000000000000000e+00 0.000000000000000000e+00 0.000000000000000000e+00 0.000000000000000000e+00 0.000000000000000000e+00
7.088080651367363316e+00 1.458808065136736332e+01 1.233808065136736332e+01 1.633808065136736332e+01 7.733808065136736332e+01 4.183808065136736332e+01 1.355880806513673633e+02
3.523137560971032372e+02 3.465637560971032372e+02 3.506375609710323715e+01 2.181375609710323715e+01 3.488137560971032372e+02 4.681375609710323715e+01 1.556375609710323715e+01
0.000000000000000000e+00 0.000000000000000000e+00 0.000000000000000000e+00 0.000000000000000000e+00 0.000000000000000000e+00 0.000000000000000000e+00 0.000000000000000000e+00
0.000000000000000000e+00 0.000000000000000000e+00 0.000000000000000000e+00 0.000000000000000000e+00 0.000000000000000000e+00 0.000000000000000000e+00 0.000000000000000000e+00
3.569076935978223446e+02 3.584076935978223446e+02 1.657693597822344600e+00 3.514076935978223446e+02 3.534076935978223446e+02 3.599076935978223446e+02 1.565769359782234460e+01
3.434520109846605465e+02 3.472020109846605465e+02 9.520109846605748771e-01 3.594520109846605465e+02 2.020109846605748771e-01 4.202010984660574877e+00 8.952010984660574877e+00
0.000000000000000000e+00 0.000000000000000000e+00 0.000000000000000000e+00 0.000000000000000000e+00 0.000000000000000000e+00 0.000000000000000000e+00 0.000000000000000000e+00
3.388247393991272816e+02 3.410747393991272816e+02 6.074739399127281558e+00 1.182473939912728156e+01 1.074739399127281558e+00 3.448247393991272816e+02 3.535747393991272816e+02
0.000000000000000000e+00 0.000000000000000000e+00 0.000000000000000000e+00 0.000000000000000000e+00 0.000000000000000000e+00 0.000000000000000000e+00 0.000000000000000000e+00
2.472248159538821710e+01 1.597248159538821710e+01 3.532224815953882171e+02 3.282224815953882171e+02 3.317224815953882171e+02 3.492224815953882171e+02 3.422224815953882171e+02
6.355814733387376236e+00 8.105814733387376236e+00 6.105814733387376236e+00 3.581058147333873762e+02 3.578558147333873762e+02 3.586058147333873762e+02 3.593558147333873762e+02
3.556793923687500296e+02 4.293923687500296182e-01 3.561793923687500296e+02 3.536793923687500296e+02 3.514293923687500296e+02 3.436793923687500296e+02 3.396793923687500296e+02
8.219905776572204559e+00 8.969905776572204559e+00 3.474699057765722046e+02 3.487199057765722046e+02 3.584699057765722046e+02 1.846990577657220456e+01 2.346990577657220456e+01
3.715302210244203707e+00 2.465302210244203707e+00 3.574653022102442037e+02 3.504653022102442037e+02 3.397153022102442037e+02 3.399653022102442037e+02 3.474653022102442037e+02
3.502072389278316678e+01 3.877072389278316678e+01 2.702072389278316678e+01 5.770723892783166775e+00 3.545207238927831668e+02 5.020723892783166775e+00 1.027072389278316678e+01
0.000000000000000000e+00 0.000000000000000000e+00 0.000000000000000000e+00 0.000000000000000000e+00 0.000000000000000000e+00 0.000000000000000000e+00 0.000000000000000000e+00
4.450393492142097784e+00 1.245039349214209778e+01 3.549503934921420978e+02 3.482003934921420978e+02 1.700393492142097784e+00 3.572003934921420978e+02 3.597003934921420978e+02
0.000000000000000000e+00 0.000000000000000000e+00 0.000000000000000000e+00 0.000000000000000000e+00 0.000000000000000000e+00 0.000000000000000000e+00 0.000000000000000000e+00
0.000000000000000000e+00 0.000000000000000000e+00 0.000000000000000000e+00 0.000000000000000000e+00 0.000000000000000000e+00 0.000000000000000000e+00 0.000000000000000000e+00
3.506428146321110262e+01 2.306428146321110262e+01 4.564281463211102619e+00 3.533142814632111026e+02 3.590642814632111026e+02 4.064281463211102619e+00 1.181428146321110262e+01
1.287575384360775388e+01 1.237575384360775388e+01 1.187575384360775388e+01 2.612575384360775388e+01 3.762575384360775388e+01 3.737575384360775388e+01 4.875753843607753879e+00
7.891200799303248914e+00 3.561412007993032489e+02 1.412007993032489139e-01 1.391200799303248914e+00 3.401412007993032489e+02 3.428912007993032489e+02 3.353912007993032489e+02
3.209567390035527978e+01 1.259567390035527978e+01 3.433456739003552798e+02 6.909567390035527978e+01 2.095673900355279784e+00 2.975956739003552798e+02 3.190956739003552798e+02
0.000000000000000000e+00 0.000000000000000000e+00 0.000000000000000000e+00 0.000000000000000000e+00 0.000000000000000000e+00 0.000000000000000000e+00 0.000000000000000000e+00
3.766876206775572200e+01 2.366876206775572200e+01 3.426687620677557220e+02 3.214187620677557220e+02 1.687620677557220006e-01 7.418762067755722001e+00 2.996687620677557220e+02
0.000000000000000000e+00 0.000000000000000000e+00 0.000000000000000000e+00 0.000000000000000000e+00 0.000000000000000000e+00 0.000000000000000000e+00 0.000000000000000000e+00
3.581276682775231279e+02 6.276682775231279265e-01 3.627668277523127927e+00 1.276682775231279265e-01 3.598776682775231279e+02 3.877668277523127927e+00 4.377668277523127927e+00
1.100851327448503980e+01 3.577585132744850398e+02 2.758513274485039801e+00 3.555085132744850398e+02 3.567585132744850398e+02 3.577585132744850398e+02 3.572585132744850398e+02
1.735707949873733469e+01 8.607079498737334688e+00 3.501070794987373347e+02 3.533570794987373347e+02 4.107079498737334688e+00 8.570794987373346885e-01 1.607079498737334688e+00
3.453815145405700378e+02 3.498815145405700378e+02 1.131514540570037752e+00 3.815145405700377523e-01 3.815145405700377523e-01 7.381514540570037752e+00 1.131514540570037752e+00
1.446511780366461153e+01 3.715117803664611529e+00 3.215117803664611529e+00 1.371511780366461153e+01 8.715117803664611529e+00 7.215117803664611529e+00 9.715117803664611529e+00
3.231165381462335517e+01 2.406165381462335517e+01 1.131165381462335517e+01 3.340616538146233552e+02 3.298116538146233552e+02 6.165381462335517426e-02 4.331165381462335517e+01
3.360354769934596106e+02 3.500354769934596106e+02 4.535476993459610640e+00 2.303547699345961064e+01 1.578547699345961064e+01 7.035476993459610640e+00 1.028547699345961064e+01
3.328704796449343348e+02 3.491204796449343348e+02 4.120479644934334829e+00 2.237047964493433483e+01 1.562047964493433483e+01 6.620479644934334829e+00 9.870479644934334829e+00
0.000000000000000000e+00 0.000000000000000000e+00 0.000000000000000000e+00 0.000000000000000000e+00 0.000000000000000000e+00 0.000000000000000000e+00 0.000000000000000000e+00
9.981560672685645841e+00 3.592315606726856458e+02 3.547315606726856458e+02 3.507315606726856458e+02 3.337315606726856458e+02 3.302315606726856458e+02 2.023156067268564584e+01
0.000000000000000000e+00 0.000000000000000000e+00 0.000000000000000000e+00 0.000000000000000000e+00 0.000000000000000000e+00 0.000000000000000000e+00 0.000000000000000000e+00
2.864295897807340907e+01 2.139295897807340907e+01 6.142958978073409071e+00 3.591429589780734091e+02 3.593929589780734091e+02 3.571429589780734091e+02 3.516429589780734091e+02
0.000000000000000000e+00 0.000000000000000000e+00 0.000000000000000000e+00 0.000000000000000000e+00 0.000000000000000000e+00 0.000000000000000000e+00 0.000000000000000000e+00
1.370621026335999204e+01 2.695621026335999204e+01 3.534562102633599920e+02 3.482062102633599920e+02 4.970621026335999204e+01 2.174562102633599920e+02 3.314562102633599920e+02
0.000000000000000000e+00 0.000000000000000000e+00 0.000000000000000000e+00 0.000000000000000000e+00 0.000000000000000000e+00 0.000000000000000000e+00 0.000000000000000000e+00
0.000000000000000000e+00 0.000000000000000000e+00 0.000000000000000000e+00 0.000000000000000000e+00 0.000000000000000000e+00 0.000000000000000000e+00 0.000000000000000000e+00
1.867348109582894722e+01 1.017348109582894722e+01 2.092348109582894722e+01 3.442348109582894722e+01 5.017348109582894722e+01 1.569234810958289472e+02 1.901734810958289472e+02
3.516309300859091422e+02 2.671309300859091422e+02 2.628809300859091422e+02 2.696309300859091422e+02 1.561309300859091422e+02 1.313093008590914224e+01 3.411309300859091422e+02
2.178801041659551174e+01 2.378801041659551174e+01 4.788010416595511742e+00 3.377880104165955117e+02 3.430380104165955117e+02 2.328801041659551174e+01 3.128801041659551174e+01
0.000000000000000000e+00 0.000000000000000000e+00 0.000000000000000000e+00 0.000000000000000000e+00 0.000000000000000000e+00 0.000000000000000000e+00 0.000000000000000000e+00
2.529007847475804738e+01 1.729007847475804738e+01 1.879007847475804738e+01 1.454007847475804738e+01 9.040078474758047378e+00 3.512900784747580474e+02 3.480400784747580474e+02
0.000000000000000000e+00 0.000000000000000000e+00 0.000000000000000000e+00 0.000000000000000000e+00 0.000000000000000000e+00 0.000000000000000000e+00 0.000000000000000000e+00
0.000000000000000000e+00 0.000000000000000000e+00 0.000000000000000000e+00 0.000000000000000000e+00 0.000000000000000000e+00 0.000000000000000000e+00 0.000000000000000000e+00
1.543688128119458725e+01 3.216868812811945872e+02 3.511868812811945872e+02 1.868812811945872454e-01 7.543688128119458725e+01 1.226868812811945872e+02 3.591868812811945872e+02
0.000000000000000000e+00 0.000000000000000000e+00 0.000000000000000000e+00 0.000000000000000000e+00 0.000000000000000000e+00 0.000000000000000000e+00 0.000000000000000000e+00
5.505207215700352208e+00 1.250520721570035221e+01 8.755207215700352208e+00 2.552072157003522079e-01 4.005207215700352208e+00 1.125520721570035221e+01 3.592552072157003522e+02
1.550216675014513612e+01 1.125216675014513612e+01 1.500216675014513612e+01 1.312521667501451361e+02 1.037521667501451361e+02 1.782521667501451361e+02 1.685021667501451361e+02
4.736998231010392146e+01 3.226199823101039215e+02 2.836998231010392146e+01 3.111998231010392146e+01 3.373699823101039215e+02 3.211199823101039215e+02 2.936199823101039215e+02
3.596940408498555826e+02 9.440408498556109862e-01 3.564440408498555826e+02 3.551940408498555826e+02 6.944040849855610986e+00 4.644404084985561099e+01 1.544404084985561099e+01
4.037343095724622799e+00 1.303734309572462280e+01 5.787343095724622799e+00 2.537343095724622799e+00 7.787343095724622799e+00 4.428734309572462280e+01 6.328734309572462280e+01
0.000000000000000000e+00 0.000000000000000000e+00 0.000000000000000000e+00 0.000000000000000000e+00 0.000000000000000000e+00 0.000000000000000000e+00 0.000000000000000000e+00
1.377032465032897335e+01 1.477032465032897335e+01 1.177032465032897335e+01 7.520324650328973348e+00 9.020324650328973348e+00 7.020324650328973348e+00 2.032465032897334822e-02
1.450861838405046456e+01 2.000861838405046456e+01 2.425861838405046456e+01 1.875861838405046456e+01 3.592586183840504646e+02 3.440086183840504646e+02 3.385086183840504646e+02
2.605492752180998650e+01 1.330492752180998650e+01 3.580549275218099865e+02 2.054927521809986501e+00 1.780492752180998650e+01 3.533049275218099865e+02 3.605492752180998650e+01
7.665746046899357680e-02 3.583266574604689936e+02 5.576657460468993577e+00 3.518266574604689936e+02 3.338266574604689936e+02 3.035766574604689936e+02 3.435766574604689936e+02
3.510326953216861057e+01 2.185326953216861057e+01 1.310326953216861057e+01 3.578532695321686106e+02 1.260326953216861057e+01 3.536032695321686106e+02 2.585326953216861057e+01
3.549560364886633579e+01 2.124560364886633579e+01 1.324560364886633579e+01 3.579956036488663358e+02 1.599560364886633579e+01 3.532456036488663358e+02 2.424560364886633579e+01
1.969429503314842123e+01 3.564442950331484212e+02 3.491942950331484212e+02 3.576942950331484212e+02 8.444295033148421226e+00 1.219429503314842123e+01 2.864442950331484212e+02
0.000000000000000000e+00 0.000000000000000000e+00 0.000000000000000000e+00 0.000000000000000000e+00 0.000000000000000000e+00 0.000000000000000000e+00 0.000000000000000000e+00
0.000000000000000000e+00 0.000000000000000000e+00 0.000000000000000000e+00 0.000000000000000000e+00 0.000000000000000000e+00 0.000000000000000000e+00 0.000000000000000000e+00
0.000000000000000000e+00 0.000000000000000000e+00 0.000000000000000000e+00 0.000000000000000000e+00 0.000000000000000000e+00 0.000000000000000000e+00 0.000000000000000000e+00
2.256536697377282508e+01 2.331536697377282508e+01 8.565366973772825077e+00 3.590653669737728251e+02 3.370653669737728251e+02 3.235653669737728251e+02 1.481536697377282508e+01
2.425578360415101997e+01 1.975578360415101997e+01 5.783604151019972051e-03 2.650578360415101997e+01 6.025578360415101997e+01 9.505783604151019972e+00 2.872557836041510200e+02
6.163638306350890161e+00 3.406636383063508902e+02 3.289136383063508902e+02 3.449136383063508902e+02 3.501636383063508902e+02 3.504136383063508902e+02 3.461636383063508902e+02
0.000000000000000000e+00 0.000000000000000000e+00 0.000000000000000000e+00 0.000000000000000000e+00 0.000000000000000000e+00 0.000000000000000000e+00 0.000000000000000000e+00
3.413622839332612102e+02 3.511122839332612102e+02 2.111228393326121022e+01 2.862283933261210223e+00 3.541122839332612102e+02 3.486122839332612102e+02 3.533622839332612102e+02
3.583687540905975766e+02 1.868754090597576578e+00 3.528687540905975766e+02 3.531187540905975766e+02 3.531187540905975766e+02 3.483687540905975766e+02 3.486187540905975766e+02
6.117947513283058925e+01 5.167947513283058925e+01 1.342947513283058925e+01 2.999294751328305892e+02 3.371794751328305892e+02 3.594294751328305892e+02 1.517947513283058925e+01
2.489126627514585834e+02 3.401626627514585834e+02 1.671626627514585834e+02 1.954126627514585834e+02 1.846626627514585834e+02 1.234126627514585834e+02 4.566266275145858344e+01
3.595627740489308621e+02 3.505627740489308621e+02 3.560627740489308621e+02 2.062774048930862136e+00 8.127740489308621363e-01 3.575627740489308621e+02 3.528127740489308621e+02
3.548229220368522761e+02 1.822922036852276051e+00 3.583229220368522761e+02 6.072922036852276051e+00 8.229220368522760509e-01 3.530729220368522761e+02 3.508229220368522761e+02
1.923437789272190912e+01 3.529843778927219091e+02 3.574843778927219091e+02 8.734377892721909120e+00 4.234377892721909120e+00 3.517343778927219091e+02 3.504843778927219091e+02
2.142589865820974637e+01 2.367589865820974637e+01 3.406758986582097464e+02 3.254258986582097464e+02 2.901758986582097464e+02 4.967589865820974637e+01 3.034258986582097464e+02
2.631795718275895979e+01 4.067957182758959789e+00 9.067957182758959789e+00 1.281795718275895979e+01 3.570679571827589598e+02 3.250679571827589598e+02 3.065679571827589598e+02
1.553284385337656204e+01 2.428284385337656204e+01 3.550328438533765620e+02 5.803284385337656204e+01 3.528284385337656204e+01 4.678284385337656204e+01 2.930328438533765620e+02
0.000000000000000000e+00 0.000000000000000000e+00 0.000000000000000000e+00 0.000000000000000000e+00 0.000000000000000000e+00 0.000000000000000000e+00 0.000000000000000000e+00
3.411820652175898658e+02 1.932065217589865824e+00 1.218206521758986582e+01 1.168206521758986582e+01 3.386820652175898658e+02 3.932065217589865824e+00 1.218206521758986582e+01
4.566395869074551683e+01 2.891395869074551683e+01 1.091395869074551683e+01 1.291395869074551683e+01 2.016395869074551683e+01 1.816395869074551683e+01 8.413958690745516833e+00
3.382222582916025431e+02 3.229722582916025431e+02 2.972225829160254307e+01 1.622225829160254307e+01 3.447222582916025431e+02 3.504722582916025431e+02 9.622225829160254307e+01
3.362116765242581096e+02 1.646167652425810957e+01 1.621167652425810957e+01 3.711676524258109566e+00 3.592116765242581096e+02 3.579616765242581096e+02 1.771167652425810957e+01
8.564444769274098235e+01 7.789444769274098235e+01 7.664444769274098235e+01 6.814444769274098235e+01 2.614444769274098235e+01 3.566444476927409823e+02 3.588944476927409823e+02
0.000000000000000000e+00 0.000000000000000000e+00 0.000000000000000000e+00 0.000000000000000000e+00 0.000000000000000000e+00 0.000000000000000000e+00 0.000000000000000000e+00
0.000000000000000000e+00 0.000000000000000000e+00 0.000000000000000000e+00 0.000000000000000000e+00 0.000000000000000000e+00 0.000000000000000000e+00 0.000000000000000000e+00
3.446229993244808725e+02 3.458729993244808725e+02 3.443729993244808725e+02 3.413729993244808725e+02 3.526229993244808725e+02 3.478729993244808725e+02 3.536229993244808725e+02
0.000000000000000000e+00 0.000000000000000000e+00 0.000000000000000000e+00 0.000000000000000000e+00 0.000000000000000000e+00 0.000000000000000000e+00 0.000000000000000000e+00
3.546652728125204703e+02 3.579152728125204703e+02 9.915272812520470325e+00 3.539152728125204703e+02 3.489152728125204703e+02 3.114152728125204703e+02 3.576652728125204703e+02
3.418721557479706803e+02 3.226221557479706803e+02 3.536221557479706803e+02 3.721557479706802951e-01 5.872155747970680295e+00 3.318721557479706803e+02 3.391221557479706803e+02
3.535762877025040893e+02 3.508262877025040893e+02 3.483262877025040893e+02 3.548262877025040893e+02 7.628770250408933862e-02 3.578262877025040893e+02 1.157628770250408934e+01
0.000000000000000000e+00 0.000000000000000000e+00 0.000000000000000000e+00 0.000000000000000000e+00 0.000000000000000000e+00 0.000000000000000000e+00 0.000000000000000000e+00
1.549735981512560556e+01 9.497359815125605564e+00 2.997359815125605564e+00 3.512473598151256056e+02 3.554973598151256056e+02 1.374735981512560556e+01 1.999735981512560556e+01
3.469874772154691414e+02 3.469874772154691414e+02 3.402374772154691414e+02 2.423747721546914136e+01 2.248747721546914136e+01 1.769874772154691414e+02 3.499874772154691414e+02
1.675530491459676341e+01 1.925530491459676341e+01 6.755304914596763410e+00 3.500053049145967634e+02 3.592553049145967634e+02 3.400053049145967634e+02 1.600530491459676341e+01
1.213734521987817061e+01 3.546373452198781706e+02 3.516373452198781706e+02 3.553873452198781706e+02 3.548873452198781706e+02 3.873452198781706102e-01 1.038734521987817061e+01
3.522547112138579450e+02 3.557547112138579450e+02 2.175471121385794504e+01 1.754711213857945040e+00 3.435047112138579450e+02 3.585047112138579450e+02 2.125471121385794504e+01
3.407475461744384688e+02 3.509975461744384688e+02 3.592475461744384688e+02 4.747546174438468825e+00 4.997546174438468825e+00 9.975461744384688245e-01 3.574975461744384688e+02
2.141164321138364812e+01 8.161643211383648122e+00 3.429116432113836481e+02 3.391616432113836481e+02 3.456616432113836481e+02 3.599116432113836481e+02 1.661643211383648122e+00
3.545262852175121679e+02 3.577762852175121679e+02 3.595262852175121679e+02 5.276285217512167947e+00 6.152628521751216795e+01 3.152628521751216795e+01 6.152628521751216795e+01
3.595452483315874588e+02 1.054524833158745878e+01 9.045248331587458779e+00 3.480452483315874588e+02 2.804524833158745878e+01 3.329524833158745878e+01 3.435452483315874588e+02
3.590473815102359936e+02 5.473815102359935736e-01 4.738151023599357359e-02 4.738151023599357359e-02 1.547381510235993574e+00 7.973815102359935736e-01 3.565473815102359936e+02
3.260777686016851931e+02 3.478277686016851931e+02 3.413277686016851931e+02 3.313277686016851931e+02 3.210777686016851931e+02 2.773277686016851931e+02 2.382776860168519306e+01
1.362392430747036087e+00 1.862392430747036087e+00 2.862392430747036087e+00 3.612392430747036087e+00 1.112392430747036087e+00 2.362392430747036087e+00 1.186239243074703609e+01
6.370029038193706583e+00 2.620029038193706583e+00 3.553700290381937066e+02 3.516200290381937066e+02 3.581200290381937066e+02 3.370029038193706583e+00 3.870029038193706583e+00
3.329877880676749555e+02 3.432377880676749555e+02 3.342377880676749555e+02 6.923778806767495553e+01 8.073778806767495553e+01 8.398778806767495553e+01 4.773778806767495553e+01
3.159756144805622853e+02 2.256144805622852800e-01 1.872561448056228528e+01 5.475614480562285280e+00 3.584756144805622853e+02 4.797561448056228528e+01 3.572256144805622853e+02
3.533331855315342409e+02 3.545831855315342409e+02 3.580831855315342409e+02 1.408318553153424091e+01 3.058318553153424091e+01 3.453331855315342409e+02 2.823331855315342409e+02
0.000000000000000000e+00 0.000000000000000000e+00 0.000000000000000000e+00 0.000000000000000000e+00 0.000000000000000000e+00 0.000000000000000000e+00 0.000000000000000000e+00
3.196086961076088073e+01 2.621086961076088073e+01 1.996086961076088073e+01 6.210869610760880732e+00 6.210869610760880732e+00 4.710869610760880732e+00 6.210869610760880732e+00
2.720583122841730983e+01 2.320583122841730983e+01 3.595583122841730983e+01 2.695583122841730983e+01 3.567058312284173098e+02 9.558312284173098305e-01 4.558312284173098305e-01
2.876744215744065514e+01 2.001744215744065514e+01 2.301744215744065514e+01 2.951744215744065514e+01 4.476744215744065514e+01 3.577674421574406551e+02 3.002674421574406551e+02
0.000000000000000000e+00 0.000000000000000000e+00 0.000000000000000000e+00 0.000000000000000000e+00 0.000000000000000000e+00 0.000000000000000000e+00 0.000000000000000000e+00
3.545103468813746304e+02 3.500103468813746304e+02 3.560103468813746304e+02 3.542603468813746304e+02 2.510346881374630357e+00 9.260346881374630357e+00 6.510346881374630357e+00
0.000000000000000000e+00 0.000000000000000000e+00 0.000000000000000000e+00 0.000000000000000000e+00 0.000000000000000000e+00 0.000000000000000000e+00 0.000000000000000000e+00
2.945001828653659004e+01 1.995001828653659004e+01 2.595001828653659004e+01 3.579500182865365900e+02 7.395001828653659004e+01 1.617000182865365900e+02 3.069500182865365900e+02
8.106087841716998810e+00 3.458560878417169988e+02 3.591060878417169988e+02 1.610608784171699881e+01 7.260608784171699881e+01 1.521060878417169988e+02 3.418560878417169988e+02
0.000000000000000000e+00 0.000000000000000000e+00 0.000000000000000000e+00 0.000000000000000000e+00 0.000000000000000000e+00 0.000000000000000000e+00 0.000000000000000000e+00
4.892384915591776462e+01 4.342384915591776462e+01 3.549238491559177646e+02 3.524238491559177646e+02 3.571738491559177646e+02 2.173849155917764620e+00 6.173849155917764620e+00
0.000000000000000000e+00 0.000000000000000000e+00 0.000000000000000000e+00 0.000000000000000000e+00 0.000000000000000000e+00 0.000000000000000000e+00 0.000000000000000000e+00
3.547498018380009626e+02 3.592498018380009626e+02 1.499801838000962562e+00 3.527498018380009626e+02 3.459998018380009626e+02 3.444998018380009626e+02 3.454998018380009626e+02
0.000000000000000000e+00 0.000000000000000000e+00 0.000000000000000000e+00 0.000000000000000000e+00 0.000000000000000000e+00 0.000000000000000000e+00 0.000000000000000000e+00
3.554275091073434396e+02 3.584275091073434396e+02 5.427509107343439609e+00 5.927509107343439609e+00 3.177509107343439609e+00 2.427509107343439609e+00 1.427509107343439609e+00
0.000000000000000000e+00 0.000000000000000000e+00 0.000000000000000000e+00 0.000000000000000000e+00 0.000000000000000000e+00 0.000000000000000000e+00 0.000000000000000000e+00
3.284996341236011403e+02 3.202496341236011403e+02 1.499634123601111924e+00 6.999634123601111924e+00 1.199963412360111192e+01 7.249963412360111192e+01 3.362496341236011403e+02
3.285020223623286029e+01 1.460020223623286029e+01 1.410020223623286029e+01 3.660020223623286029e+01 1.585020223623286029e+01 4.850202236232860287e+00 1.600202236232860287e+00
3.379748596382137293e+02 1.097485963821372934e+01 5.597485963821372934e+01 5.647485963821372934e+01 5.072485963821372934e+01 6.122485963821372934e+01 4.747485963821372934e+01
3.541621792214995139e+02 4.912179221499513915e+00 8.662179221499513915e+00 2.854121792214995139e+02 2.949121792214995139e+02 3.259121792214995139e+02 3.544121792214995139e+02
3.466467620954389304e+02 3.456467620954389304e+02 3.523967620954389304e+02 1.314676209543890195e+01 1.789676209543890195e+01 2.889676209543890195e+01 3.048967620954389304e+02
2.854004255815857505e+01 1.129004255815857505e+01 3.290042558158575048e+00 1.129004255815857505e+01 8.790042558158575048e+00 1.754004255815857505e+01 3.297900425581585750e+02
6.756520790222225514e+00 3.580065207902222255e+02 3.272565207902222255e+02 1.756520790222225514e+00 1.300652079022222551e+01 7.506520790222225514e+00 8.256520790222225514e+00
0.000000000000000000e+00 0.000000000000000000e+00 0.000000000000000000e+00 0.000000000000000000e+00 0.000000000000000000e+00 0.000000000000000000e+00 0.000000000000000000e+00
0.000000000000000000e+00 0.000000000000000000e+00 0.000000000000000000e+00 0.000000000000000000e+00 0.000000000000000000e+00 0.000000000000000000e+00 0.000000000000000000e+00
2.394504754214744935e+01 1.819504754214744935e+01 1.969504754214744935e+01 1.469504754214744935e+01 1.319504754214744935e+01 3.436950475421474493e+02 2.766950475421474493e+02
2.445861432965290305e+01 2.170861432965290305e+01 2.570861432965290305e+01 9.958614329652903052e+00 3.569586143296529031e+02 8.708614329652903052e+00 3.594586143296529031e+02
3.275893241223474774e+02 3.348393241223474774e+02 3.340893241223474774e+02 3.395893241223474774e+02 3.758932412234747744e+01 3.318393241223474774e+02 2.940893241223474774e+02
2.138351172695524838e+01 2.063351172695524838e+01 1.588351172695524838e+01 2.363351172695524838e+01 1.513351172695524838e+01 4.633511726955248378e+00 1.538351172695524838e+01
0.000000000000000000e+00 0.000000000000000000e+00 0.000000000000000000e+00 0.000000000000000000e+00 0.000000000000000000e+00 0.000000000000000000e+00 0.000000000000000000e+00
0.000000000000000000e+00 0.000000000000000000e+00 0.000000000000000000e+00 0.000000000000000000e+00 0.000000000000000000e+00 0.000000000000000000e+00 0.000000000000000000e+00
0.000000000000000000e+00 0.000000000000000000e+00 0.000000000000000000e+00 0.000000000000000000e+00 0.000000000000000000e+00 0.000000000000000000e+00 0.000000000000000000e+00
0.000000000000000000e+00 0.000000000000000000e+00 0.000000000000000000e+00 0.000000000000000000e+00 0.000000000000000000e+00 0.000000000000000000e+00 0.000000000000000000e+00
0.000000000000000000e+00 0.000000000000000000e+00 0.000000000000000000e+00 0.000000000000000000e+00 0.000000000000000000e+00 0.000000000000000000e+00 0.000000000000000000e+00
0.000000000000000000e+00 0.000000000000000000e+00 0.000000000000000000e+00 0.000000000000000000e+00 0.000000000000000000e+00 0.000000000000000000e+00 0.000000000000000000e+00
0.000000000000000000e+00 0.000000000000000000e+00 0.000000000000000000e+00 0.000000000000000000e+00 0.000000000000000000e+00 0.000000000000000000e+00 0.000000000000000000e+00
0.000000000000000000e+00 0.000000000000000000e+00 0.000000000000000000e+00 0.000000000000000000e+00 0.000000000000000000e+00 0.000000000000000000e+00 0.000000000000000000e+00
0.000000000000000000e+00 0.000000000000000000e+00 0.000000000000000000e+00 0.000000000000000000e+00 0.000000000000000000e+00 0.000000000000000000e+00 0.000000000000000000e+00
0.000000000000000000e+00 0.000000000000000000e+00 0.000000000000000000e+00 0.000000000000000000e+00 0.000000000000000000e+00 0.000000000000000000e+00 0.000000000000000000e+00
0.000000000000000000e+00 0.000000000000000000e+00 0.000000000000000000e+00 0.000000000000000000e+00 0.000000000000000000e+00 0.000000000000000000e+00 0.000000000000000000e+00
0.000000000000000000e+00 0.000000000000000000e+00 0.000000000000000000e+00 0.000000000000000000e+00 0.000000000000000000e+00 0.000000000000000000e+00 0.000000000000000000e+00
0.000000000000000000e+00 0.000000000000000000e+00 0.000000000000000000e+00 0.000000000000000000e+00 0.000000000000000000e+00 0.000000000000000000e+00 0.000000000000000000e+00
0.000000000000000000e+00 0.000000000000000000e+00 0.000000000000000000e+00 0.000000000000000000e+00 0.000000000000000000e+00 0.000000000000000000e+00 0.000000000000000000e+00
0.000000000000000000e+00 0.000000000000000000e+00 0.000000000000000000e+00 0.000000000000000000e+00 0.000000000000000000e+00 0.000000000000000000e+00 0.000000000000000000e+00
0.000000000000000000e+00 0.000000000000000000e+00 0.000000000000000000e+00 0.000000000000000000e+00 0.000000000000000000e+00 0.000000000000000000e+00 0.000000000000000000e+00
0.000000000000000000e+00 0.000000000000000000e+00 0.000000000000000000e+00 0.000000000000000000e+00 0.000000000000000000e+00 0.000000000000000000e+00 0.000000000000000000e+00
0.000000000000000000e+00 0.000000000000000000e+00 0.000000000000000000e+00 0.000000000000000000e+00 0.000000000000000000e+00 0.000000000000000000e+00 0.000000000000000000e+00
0.000000000000000000e+00 0.000000000000000000e+00 0.000000000000000000e+00 0.000000000000000000e+00 0.000000000000000000e+00 0.000000000000000000e+00 0.000000000000000000e+00
0.000000000000000000e+00 0.000000000000000000e+00 0.000000000000000000e+00 0.000000000000000000e+00 0.000000000000000000e+00 0.000000000000000000e+00 0.000000000000000000e+00
0.000000000000000000e+00 0.000000000000000000e+00 0.000000000000000000e+00 0.000000000000000000e+00 0.000000000000000000e+00 0.000000000000000000e+00 0.000000000000000000e+00
0.000000000000000000e+00 0.000000000000000000e+00 0.000000000000000000e+00 0.000000000000000000e+00 0.000000000000000000e+00 0.000000000000000000e+00 0.000000000000000000e+00
0.000000000000000000e+00 0.000000000000000000e+00 0.000000000000000000e+00 0.000000000000000000e+00 0.000000000000000000e+00 0.000000000000000000e+00 0.000000000000000000e+00
0.000000000000000000e+00 0.000000000000000000e+00 0.000000000000000000e+00 0.000000000000000000e+00 0.000000000000000000e+00 0.000000000000000000e+00 0.000000000000000000e+00
0.000000000000000000e+00 0.000000000000000000e+00 0.000000000000000000e+00 0.000000000000000000e+00 0.000000000000000000e+00 0.000000000000000000e+00 0.000000000000000000e+00
0.000000000000000000e+00 0.000000000000000000e+00 0.000000000000000000e+00 0.000000000000000000e+00 0.000000000000000000e+00 0.000000000000000000e+00 0.000000000000000000e+00
