3.226637293354383473e+02 3.261637293354383473e+02 3.131637293354383473e+02 3.181637293354383473e+02 4.016372933543831891e+01 7.416372933543831891e+01 8.341372933543831891e+01
3.527218018314074470e+02 3.534718018314074470e+02 3.552218018314074470e+02 3.557218018314074470e+02 3.569718018314074470e+02 1.172180183140744703e+01 7.297180183140744703e+01
4.198084007134070816e-01 4.919808400713407082e+00 1.266980840071340708e+01 2.291980840071340708e+01 3.489198084007134071e+02 3.314198084007134071e+02 3.514198084007134071e+02
4.495199086562081447e+00 7.495199086562081447e+00 1.349519908656208145e+01 1.574519908656208145e+01 2.299519908656208145e+01 3.799519908656208145e+01 3.294951990865620814e+02
5.313162575938576992e+00 7.563162575938576992e+00 9.313162575938576992e+00 1.406316257593857699e+01 4.056316257593857699e+01 6.606316257593857699e+01 3.408131625759385770e+02
3.508142690320049155e+02 3.515642690320049155e+02 3.530642690320049155e+02 3.533142690320049155e+02 3.555642690320049155e+02 4.564269032004915516e+00 2.231426903200491552e+01
7.424472530623404509e+00 2.424472530623404509e+00 3.586744725306234045e+02 3.579244725306234045e+02 1.492447253062340451e+01 5.542447253062340451e+01 3.424244725306234045e+02
1.203369910715605329e+01 1.053369910715605329e+01 9.283699107156053287e+00 3.537836991071560533e+02 6.783699107156053287e+00 2.803369910715605329e+01 2.503369910715605329e+01
0.000000000000000000e+00 0.000000000000000000e+00 0.000000000000000000e+00 0.000000000000000000e+00 0.000000000000000000e+00 0.000000000000000000e+00 0.000000000000000000e+00
3.578122540682502404e+02 3.573122540682502404e+02 2.312254068250211958e+00 1.431225406825021196e+01 3.593122540682502404e+02 3.438122540682502404e+02 3.538122540682502404e+02
2.202487967869205931e+01 2.077487967869205931e+01 1.902487967869205931e+01 2.027487967869205931e+01 4.177487967869205931e+01 6.977487967869205931e+01 6.252487967869205931e+01
1.059093431883030689e+01 6.840934318830306893e+00 8.090934318830306893e+00 1.934093431883030689e+01 3.859093431883030689e+01 3.334093431883030689e+01 3.498409343188303069e+02
2.907835165093922569e+01 3.032835165093922569e+01 1.882835165093922569e+01 1.757835165093922569e+01 2.907835165093922569e+01 1.582835165093922569e+01 3.598283516509392257e+02
0.000000000000000000e+00 0.000000000000000000e+00 0.000000000000000000e+00 0.000000000000000000e+00 0.000000000000000000e+00 0.000000000000000000e+00 0.000000000000000000e+00
3.598522116608711485e+02 1.022116608711485242e-01 8.522116608711485242e-01 6.022116608711485242e-01 3.568522116608711485e+02 3.581022116608711485e+02 8.522116608711485242e-01
0.000000000000000000e+00 0.000000000000000000e+00 0.000000000000000000e+00 0.000000000000000000e+00 0.000000000000000000e+00 0.000000000000000000e+00 0.000000000000000000e+00
0.000000000000000000e+00 0.000000000000000000e+00 0.000000000000000000e+00 0.000000000000000000e+00 0.000000000000000000e+00 0.000000000000000000e+00 0.000000000000000000e+00
0.000000000000000000e+00 0.000000000000000000e+00 0.000000000000000000e+00 0.000000000000000000e+00 0.000000000000000000e+00 0.000000000000000000e+00 0.000000000000000000e+00
0.000000000000000000e+00 0.000000000000000000e+00 0.000000000000000000e+00 0.000000000000000000e+00 0.000000000000000000e+00 0.000000000000000000e+00 0.000000000000000000e+00
0.000000000000000000e+00 0.000000000000000000e+00 0.000000000000000000e+00 0.000000000000000000e+00 0.000000000000000000e+00 0.000000000000000000e+00 0.000000000000000000e+00
2.005313485319464917e+01 1.980313485319464917e+01 1.605313485319464917e+01 3.563031348531946492e+02 1.955313485319464917e+01 2.755313485319464917e+01 3.535531348531946492e+02
8.334914498313025888e+00 6.084914498313025888e+00 4.084914498313025888e+00 6.084914498313025888e+00 1.158491449831302589e+01 3.513349144983130259e+02 3.578349144983130259e+02
3.417017224901491659e+02 2.451722490149165878e+00 1.745172249014916588e+01 3.145172249014916588e+01 2.495172249014916588e+01 1.320172249014916588e+01 8.201722490149165878e+00
3.491284319764355928e+02 3.483784319764355928e+02 3.516284319764355928e+02 3.576284319764355928e+02 2.128431976435592787e+00 1.878431976435592787e+00 3.558784319764355928e+02
3.468251916910808177e+02 3.460751916910808177e+02 3.493251916910808177e+02 3.528251916910808177e+02 3.353251916910808177e+02 3.423251916910808177e+02 1.232519169108084611e+01
3.555607754102784384e+02 3.505607754102784384e+02 3.490607754102784384e+02 3.523107754102784384e+02 3.518107754102784384e+02 5.607754102784667793e-01 3.478107754102784384e+02
3.433480244258490757e+02 3.475980244258490757e+02 3.505980244258490757e+02 3.473480244258490757e+02 3.518480244258490757e+02 3.565980244258490757e+02 3.578480244258490757e+02
0.000000000000000000e+00 0.000000000000000000e+00 0.000000000000000000e+00 0.000000000000000000e+00 0.000000000000000000e+00 0.000000000000000000e+00 0.000000000000000000e+00
3.534532247710893671e+02 3.564532247710893671e+02 3.597032247710893671e+02 3.587032247710893671e+02 3.534532247710893671e+02 3.457032247710893671e+02 3.579532247710893671e+02
3.547079243126383403e+02 2.120792431263833322e+01 2.395792431263833322e+01 5.045792431263834033e+01 8.320792431263834033e+01 7.695792431263834033e+01 3.467079243126383403e+02
3.533355204961797540e+02 3.530855204961797540e+02 3.548355204961797540e+02 3.553355204961797540e+02 3.393355204961797540e+02 3.408355204961797540e+02 3.545855204961797540e+02
1.174037064465557023e+01 1.449037064465557023e+01 2.149037064465557023e+01 1.224037064465557023e+01 3.599903706446555702e+02 3.597403706446555702e+02 3.490370644655570231e+00
0.000000000000000000e+00 0.000000000000000000e+00 0.000000000000000000e+00 0.000000000000000000e+00 0.000000000000000000e+00 0.000000000000000000e+00 0.000000000000000000e+00
1.791599602144850678e+01 9.915996021448506781e+00 3.321659960214485068e+02 3.436659960214485068e+02 7.165996021448506781e+00 3.526659960214485068e+02 1.915996021448506781e+00
3.545782031486553478e+02 3.548282031486553478e+02 3.575782031486553478e+02 1.828203148655376253e+00 3.580782031486553478e+02 3.223282031486553478e+02 9.078203148655376253e+00
3.642002070273861136e+01 4.592002070273861136e+01 5.392002070273861136e+01 3.642002070273861136e+01 3.436700207027386114e+02 3.481700207027386114e+02 3.596700207027386114e+02
1.503886542921242153e+01 7.538865429212421532e+00 3.490388654292124215e+02 3.390388654292124215e+02 3.405388654292124215e+02 3.520388654292124215e+02 3.585388654292124215e+02
7.571586358112483595e+00 3.071586358112483595e+00 8.071586358112483595e+00 3.585715863581124836e+02 3.388215863581124836e+02 4.532158635811248359e+01 5.207158635811248359e+01
2.686260367927451398e+01 2.161260367927451398e+01 3.286260367927451398e+01 5.136260367927451398e+01 4.286260367927451398e+01 2.861260367927451398e+01 3.161260367927451398e+01
1.847827477812535335e+01 6.447827477812535335e+01 8.722827477812535335e+01 2.942282747781253534e+02 2.967282747781253534e+02 3.199782747781253534e+02 4.782747781253533503e-01
3.506908642756992549e+02 3.521908642756992549e+02 3.514408642756992549e+02 3.511908642756992549e+02 3.526908642756992549e+02 3.466908642756992549e+02 3.539408642756992549e+02
0.000000000000000000e+00 0.000000000000000000e+00 0.000000000000000000e+00 0.000000000000000000e+00 0.000000000000000000e+00 0.000000000000000000e+00 0.000000000000000000e+00
0.000000000000000000e+00 0.000000000000000000e+00 0.000000000000000000e+00 0.000000000000000000e+00 0.000000000000000000e+00 0.000000000000000000e+00 0.000000000000000000e+00
3.580376548466790609e+02 3.477876548466790609e+02 3.347876548466790609e+02 3.232876548466790609e+02 3.367876548466790609e+02 5.537654846679032516e+00 3.537876548466790609e+02
3.503715583208729640e+02 3.371558320872992454e+00 3.548715583208729640e+02 3.558715583208729640e+02 3.531215583208729640e+02 3.553715583208729640e+02 9.121558320872992454e+00
3.414739110876747645e+02 1.347391108767476453e+01 5.297391108767476453e+01 6.247391108767476453e+01 3.972391108767476453e+01 3.044739110876747645e+02 3.069739110876747645e+02
3.529177485050061023e+02 9.177485050061022775e-01 8.167748505006102278e+00 7.167748505006102278e+00 1.917748505006102278e+00 3.591677485050061023e+02 3.167748505006102278e+00
0.000000000000000000e+00 0.000000000000000000e+00 0.000000000000000000e+00 0.000000000000000000e+00 0.000000000000000000e+00 0.000000000000000000e+00 0.000000000000000000e+00
0.000000000000000000e+00 0.000000000000000000e+00 0.000000000000000000e+00 0.000000000000000000e+00 0.000000000000000000e+00 0.000000000000000000e+00 0.000000000000000000e+00
3.535078902043526341e+02 3.557578902043526341e+02 6.507890204352634100e+00 3.377578902043526341e+02 3.167578902043526341e+02 4.400789020435263410e+01 6.425789020435263410e+01
0.000000000000000000e+00 0.000000000000000000e+00 0.000000000000000000e+00 0.000000000000000000e+00 0.000000000000000000e+00 0.000000000000000000e+00 0.000000000000000000e+00
2.002251179576384743e+01 1.702251179576384743e+01 2.827251179576384743e+01 2.252251179576384743e+01 1.627251179576384743e+01 2.927251179576384743e+01 3.002251179576384743e+01
0.000000000000000000e+00 0.000000000000000000e+00 0.000000000000000000e+00 0.000000000000000000e+00 0.000000000000000000e+00 0.000000000000000000e+00 0.000000000000000000e+00
1.742582081950132533e+00 3.594925820819501041e+02 2.399258208195013253e+01 1.499258208195013253e+01 4.242582081950132533e+00 1.474258208195013253e+01 1.874258208195013253e+01
4.911505446616956760e+00 3.586615054466169568e+02 5.911505446616956760e+00 1.366150544661695676e+01 3.576615054466169568e+02 3.301615054466169568e+02 3.321615054466169568e+02
0.000000000000000000e+00 0.000000000000000000e+00 0.000000000000000000e+00 0.000000000000000000e+00 0.000000000000000000e+00 0.000000000000000000e+00 0.000000000000000000e+00
0.000000000000000000e+00 0.000000000000000000e+00 0.000000000000000000e+00 0.000000000000000000e+00 0.000000000000000000e+00 0.000000000000000000e+00 0.000000000000000000e+00
0.000000000000000000e+00 0.000000000000000000e+00 0.000000000000000000e+00 0.000000000000000000e+00 0.000000000000000000e+00 0.000000000000000000e+00 0.000000000000000000e+00
0.000000000000000000e+00 0.000000000000000000e+00 0.000000000000000000e+00 0.000000000000000000e+00 0.000000000000000000e+00 0.000000000000000000e+00 0.000000000000000000e+00
1.392072012491865962e+01 6.420720124918659621e+00 6.420720124918659621e+00 3.667072012491865962e+01 1.667072012491865962e+01 6.392072012491865962e+01 5.767072012491865962e+01
3.475534504308258761e+02 3.483034504308258761e+02 3.535534504308258761e+02 3.580534504308258761e+02 3.523034504308258761e+02 3.468034504308258761e+02 3.303034504308258761e+02
3.521931034910126073e+02 3.531931034910126073e+02 3.561931034910126073e+02 3.599431034910126073e+02 3.456931034910126073e+02 3.424431034910126073e+02 3.551931034910126073e+02
3.534266351873303620e+02 3.544266351873303620e+02 3.519266351873303620e+02 3.391766351873303620e+02 3.464266351873303620e+02 3.566766351873303620e+02 3.489266351873303620e+02
0.000000000000000000e+00 0.000000000000000000e+00 0.000000000000000000e+00 0.000000000000000000e+00 0.000000000000000000e+00 0.000000000000000000e+00 0.000000000000000000e+00
3.070764593199049841e+01 7.457645931990498411e+00 3.447076459319904984e+02 3.464576459319904984e+02 3.517076459319904984e+02 9.576459319904984113e-01 3.572076459319904984e+02
0.000000000000000000e+00 0.000000000000000000e+00 0.000000000000000000e+00 0.000000000000000000e+00 0.000000000000000000e+00 0.000000000000000000e+00 0.000000000000000000e+00
3.279061475641299239e+00 5.290614756412992392e-01 4.279061475641299239e+00 8.529061475641299239e+00 8.779061475641299239e+00 5.290614756412992392e-01 7.790614756412992392e-01
2.224245718452664278e+01 2.299245718452664278e+01 3.149245718452664278e+01 8.492457184526642777e+00 4.199245718452664278e+01 3.949245718452664278e+01 8.492457184526642777e+00
