4.241322872529236787e-01 2.454938687560039301e-01 3.163183708781219794e-01 2.198925899620703395e-01 1.438722484492986897e-01 2.070920114117477395e-01 3.047066898716853101e-01
8.838699943841179518e-01 7.603342213805527328e-01 6.598607049698277383e-01 6.352391575488611775e-01 3.585104528492838449e-01 2.716266580261261776e-01 4.129838959543668531e-01
9.036010717496001377e-01 8.580770614765668158e-01 8.727002243761536882e-01 9.041447618478081205e-01 9.469547514674854227e-01 9.701849911648955382e-01 9.720229831176296909e-01
8.950869695131615789e-01 9.555234396906366889e-01 9.446843373602600291e-01 7.915190378415499772e-01 7.581210033414187421e-01 4.518853397511251035e-01 5.231479633218569236e-02
9.013001713339980903e-01 9.630601131208471610e-01 9.500398839945189966e-01 8.372701652441335574e-01 8.437959148015997668e-01 7.336098761856352235e-01 6.270619686260696657e-01
9.573782172053539874e-01 8.952998269502814299e-01 6.885764380439927113e-01 7.162976048710019139e-01 6.446283388396198966e-01 5.041213981075861605e-01 3.319373280951308236e-01
8.759087457151304434e-01 7.213738820043086308e-01 8.036685890565381518e-01 7.170137066481717669e-01 4.988607207122404685e-01 5.037645988951842124e-01 4.930144728599805126e-01
8.381613887122703055e-01 8.497581516500631871e-01 7.424237539665256014e-01 8.374165462991411957e-01 6.815906448905344472e-01 6.188189570968362085e-01 8.556892665017492572e-01
0.000000000000000000e+00 0.000000000000000000e+00 0.000000000000000000e+00 0.000000000000000000e+00 0.000000000000000000e+00 0.000000000000000000e+00 0.000000000000000000e+00
7.200132668304123351e-01 8.190889523412874240e-01 8.679087741244960741e-01 9.326975147099332286e-01 9.608883902383693609e-01 9.781640541917870912e-01 9.781726017088393510e-01
6.403478183990917172e-01 7.414421158258891476e-01 7.167154262314507918e-01 6.077426001949397527e-01 2.382738181435164193e-01 2.785125653800255563e-01 6.827709699902364537e-01
4.428338781991267847e-01 3.410985595449369523e-01 4.108853482524756906e-01 5.681720048206100326e-01 2.481208003604203627e-01 2.839949665141365820e-01 6.789161145167691425e-01
8.055487613417358084e-01 8.165844868100593512e-01 9.372216371097381593e-01 9.330506992758973439e-01 8.767405870468979456e-01 8.328866937592371844e-01 9.432079676179411232e-01
0.000000000000000000e+00 0.000000000000000000e+00 0.000000000000000000e+00 0.000000000000000000e+00 0.000000000000000000e+00 0.000000000000000000e+00 0.000000000000000000e+00
7.690500280125809329e-01 8.563426586289641929e-01 8.978860137015806098e-01 9.135361076767751776e-01 9.510920065357179043e-01 9.671769933068872227e-01 9.464905003933917760e-01
0.000000000000000000e+00 0.000000000000000000e+00 0.000000000000000000e+00 0.000000000000000000e+00 0.000000000000000000e+00 0.000000000000000000e+00 0.000000000000000000e+00
0.000000000000000000e+00 0.000000000000000000e+00 0.000000000000000000e+00 0.000000000000000000e+00 0.000000000000000000e+00 0.000000000000000000e+00 0.000000000000000000e+00
0.000000000000000000e+00 0.000000000000000000e+00 0.000000000000000000e+00 0.000000000000000000e+00 0.000000000000000000e+00 0.000000000000000000e+00 0.000000000000000000e+00
0.000000000000000000e+00 0.000000000000000000e+00 0.000000000000000000e+00 0.000000000000000000e+00 0.000000000000000000e+00 0.000000000000000000e+00 0.000000000000000000e+00
0.000000000000000000e+00 0.000000000000000000e+00 0.000000000000000000e+00 0.000000000000000000e+00 0.000000000000000000e+00 0.000000000000000000e+00 0.000000000000000000e+00
7.768305873766390146e-01 8.807052955097338653e-01 3.577680758205892264e-01 2.549519883199632964e-01 6.350698956191203060e-01 4.743978882781229034e-01 1.513749927734786838e-01
8.883688100230248130e-01 9.014708312014467761e-01 8.899681106627925775e-01 9.541639674463319176e-01 9.162999047870343805e-01 6.737814166359366030e-01 3.905988909867758041e-01
8.069604142505716338e-01 7.407494832912410176e-01 8.392722315788699872e-01 9.156948281248861177e-01 8.057631242989419240e-01 8.144170259677542267e-01 3.943864683534751836e-01
9.421632664344518071e-01 9.438686091063807071e-01 9.275851849850934583e-01 9.143155614602422876e-01 8.240098098479764488e-01 8.231766839944648639e-01 7.250090232869159657e-01
7.765710441726803026e-01 8.336024187091068960e-01 8.956378617958236088e-01 8.678766767916361591e-01 7.935892969275198938e-01 8.675077850867577434e-01 9.092999792101785772e-01
8.150049539569338419e-01 8.209367683076801425e-01 7.733964169201815730e-01 7.441085945164159776e-01 9.212110046768772209e-01 9.289172120073638794e-01 8.131062197474848707e-01
8.529955161242894768e-01 8.776344303814511694e-01 8.979332963970457770e-01 9.436755098851806745e-01 9.824409387989051501e-01 9.732910927009364999e-01 8.896173861953858841e-01
0.000000000000000000e+00 0.000000000000000000e+00 0.000000000000000000e+00 0.000000000000000000e+00 0.000000000000000000e+00 0.000000000000000000e+00 0.000000000000000000e+00
9.582928665073641161e-01 9.453965000015834841e-01 8.677503799674886054e-01 5.876302449420462981e-01 7.467938973427844518e-01 3.027421186787154772e-01 4.421534193065820295e-01
3.916496653316146048e-01 4.701189370741159501e-01 4.618905516712318304e-01 2.835775902084658462e-01 4.278584312476318430e-01 5.231544106915919645e-01 2.081084474881856328e-01
8.930175123899004586e-01 7.894980795119375117e-01 7.382739968186280421e-01 7.274686404099721670e-01 8.231335265249194455e-01 7.150498611753273170e-01 8.164437789945467872e-01
8.829917812254401976e-01 8.568611809879103092e-01 7.735926214766988274e-01 8.127820234565706903e-01 7.870790584995934758e-01 4.638093440829693104e-01 2.755810037894038111e-01
0.000000000000000000e+00 0.000000000000000000e+00 0.000000000000000000e+00 0.000000000000000000e+00 0.000000000000000000e+00 0.000000000000000000e+00 0.000000000000000000e+00
8.607474250397784132e-01 8.870316060301967065e-01 7.370024793832194998e-01 7.648629305616896357e-01 9.404127951247068795e-01 9.819839513126318309e-01 9.812391155838514623e-01
8.961096982226983698e-01 8.787429458609605781e-01 7.608241368271847493e-01 5.992879066009616507e-01 6.690698667208228034e-01 7.390817200347494786e-01 8.631871631909370235e-01
7.811973375018427257e-01 6.114871881147160293e-01 7.350887824064177289e-01 6.795283623099458437e-01 5.635403766320030705e-01 6.820898773445853713e-01 4.172812386069928436e-01
5.746389042832690253e-01 7.119814923482886693e-01 5.839126053622418766e-01 6.563345796327235693e-01 6.262169519526148420e-01 6.542934724388186352e-01 8.275129233759038749e-01
8.824655055376363633e-01 8.124853831277011329e-01 5.243072667536307074e-01 4.151697058931123063e-01 1.464456221264751334e-01 1.432872991643830696e-01 2.770549584158742973e-01
4.579165894205109999e-01 5.989711601425711240e-01 6.334303241325567324e-01 5.833681999166843157e-01 6.964801794924854184e-01 7.483674258514231292e-01 6.616578540917384954e-01
2.142970030616153099e-01 3.893566986119187945e-01 2.385907622879327727e-01 3.804841449828687550e-01 5.318439036503476158e-01 4.387627758275809420e-01 1.859899405041592901e-01
8.749504925387019405e-01 9.387280741858694544e-01 8.599566234145062937e-01 7.515834625174698802e-01 5.943320708045406464e-01 3.999322285097963170e-01 3.760166975930843702e-01
0.000000000000000000e+00 0.000000000000000000e+00 0.000000000000000000e+00 0.000000000000000000e+00 0.000000000000000000e+00 0.000000000000000000e+00 0.000000000000000000e+00
0.000000000000000000e+00 0.000000000000000000e+00 0.000000000000000000e+00 0.000000000000000000e+00 0.000000000000000000e+00 0.000000000000000000e+00 0.000000000000000000e+00
5.147659966816096055e-01 3.471305300285959516e-01 1.520240121532681066e-01 8.362347589103436007e-02 1.613832523703984667e-01 2.207727338329149025e-01 2.178434047880198343e-01
6.555464228776229918e-01 7.523008829481117044e-01 7.980721091431750569e-01 3.860316446736269946e-01 3.685506364351837094e-01 2.983484541734063300e-01 3.245954128916507808e-01
6.367160065395885415e-02 6.382595765186925840e-01 5.969432977470771062e-01 7.794771342285271576e-01 4.201647057226854387e-01 2.583281526519872195e-01 4.695448774048229246e-01
8.956732201449491004e-01 8.980646196778940826e-01 9.036460725944992500e-01 8.221323026881685037e-01 5.956345940851959231e-01 6.558901047362649672e-01 9.086794334804505491e-01
0.000000000000000000e+00 0.000000000000000000e+00 0.000000000000000000e+00 0.000000000000000000e+00 0.000000000000000000e+00 0.000000000000000000e+00 0.000000000000000000e+00
0.000000000000000000e+00 0.000000000000000000e+00 0.000000000000000000e+00 0.000000000000000000e+00 0.000000000000000000e+00 0.000000000000000000e+00 0.000000000000000000e+00
7.437876684725165388e-01 7.376506773055666599e-01 7.764319603693394800e-01 7.077772584975012826e-01 5.559163982193678910e-01 3.066865618841350671e-01 5.692473631173669002e-01
0.000000000000000000e+00 0.000000000000000000e+00 0.000000000000000000e+00 0.000000000000000000e+00 0.000000000000000000e+00 0.000000000000000000e+00 0.000000000000000000e+00
6.949919163857847249e-01 6.433347045702081379e-01 6.877631523314380324e-01 5.830046204621441852e-01 6.760106746271182798e-01 5.836752578143128423e-01 7.511131387712032259e-01
0.000000000000000000e+00 0.000000000000000000e+00 0.000000000000000000e+00 0.000000000000000000e+00 0.000000000000000000e+00 0.000000000000000000e+00 0.000000000000000000e+00
7.167142242276688391e-01 6.687992989690467738e-01 5.661011359437361223e-01 7.032824866868911950e-01 8.118919382463564149e-01 7.424520568407750876e-01 9.209940060879139301e-01
7.399336203387495425e-01 7.422222862414843414e-01 5.606307907143619484e-01 3.238125410901456780e-01 2.048946462788385769e-01 4.730906884166768966e-02 2.087335740927208638e-01
0.000000000000000000e+00 0.000000000000000000e+00 0.000000000000000000e+00 0.000000000000000000e+00 0.000000000000000000e+00 0.000000000000000000e+00 0.000000000000000000e+00
0.000000000000000000e+00 0.000000000000000000e+00 0.000000000000000000e+00 0.000000000000000000e+00 0.000000000000000000e+00 0.000000000000000000e+00 0.000000000000000000e+00
0.000000000000000000e+00 0.000000000000000000e+00 0.000000000000000000e+00 0.000000000000000000e+00 0.000000000000000000e+00 0.000000000000000000e+00 0.000000000000000000e+00
0.000000000000000000e+00 0.000000000000000000e+00 0.000000000000000000e+00 0.000000000000000000e+00 0.000000000000000000e+00 0.000000000000000000e+00 0.000000000000000000e+00
7.724839690425038263e-01 8.664639904564228612e-01 8.478514397588314822e-01 8.137586242902531408e-01 8.168813355242564578e-01 6.655057266377097935e-01 7.809836474272546791e-01
2.359470921831840484e-01 3.697629382876979620e-01 8.324819049127035742e-01 6.100941812090184824e-01 4.981607829239571017e-01 7.613075382079116382e-01 6.525561815971550050e-01
9.424711889119194996e-01 9.343698308596407598e-01 8.877827389189685281e-01 8.858660908326432271e-01 7.734765699604534417e-01 4.178875840516754758e-01 3.596304051119042500e-01
8.600984248635505924e-01 8.678907338700539986e-01 9.259450272830749284e-01 7.754848230203716941e-01 6.797030689078706889e-01 2.339038832751107466e-01 1.392556806009432324e-01
0.000000000000000000e+00 0.000000000000000000e+00 0.000000000000000000e+00 0.000000000000000000e+00 0.000000000000000000e+00 0.000000000000000000e+00 0.000000000000000000e+00
8.997237192075487888e-01 8.164603364004802133e-01 8.012533051073641444e-01 6.163477953872344983e-01 4.437212083780947003e-01 6.856221799547868034e-01 5.373294091880298495e-01
0.000000000000000000e+00 0.000000000000000000e+00 0.000000000000000000e+00 0.000000000000000000e+00 0.000000000000000000e+00 0.000000000000000000e+00 0.000000000000000000e+00
7.976942944782838829e-01 8.330095929704243174e-01 8.922756622715831698e-01 7.436765991107733287e-01 3.880894178157492935e-01 5.529208866785298992e-01 3.555322429573851695e-01
7.410883163392320006e-01 7.997777153533239813e-01 5.519453533695543035e-01 5.015825126625209629e-01 2.802733160477819396e-01 2.363724055008400160e-01 6.902423710792503497e-01
