9.013130017073905931e-01 9.282286189530113418e-01 9.329118656654165065e-01 8.992287913764041019e-01 9.077316813925400130e-01 9.216306935389898536e-01 6.715269031973647440e-01
9.895723535550992045e-01 9.898935238211873378e-01 9.890842124778062017e-01 9.895074324596128124e-01 9.880806534700344868e-01 9.647231618584105606e-01 9.433394749337904450e-01
0.000000000000000000e+00 0.000000000000000000e+00 0.000000000000000000e+00 0.000000000000000000e+00 0.000000000000000000e+00 0.000000000000000000e+00 0.000000000000000000e+00
0.000000000000000000e+00 0.000000000000000000e+00 0.000000000000000000e+00 0.000000000000000000e+00 0.000000000000000000e+00 0.000000000000000000e+00 0.000000000000000000e+00
5.956592401504433587e-01 4.616145565991818800e-01 3.760455865262408159e-01 5.002738224135718781e-01 8.320145850854903102e-01 8.584263230855725402e-01 8.695557836325582546e-01
0.000000000000000000e+00 0.000000000000000000e+00 0.000000000000000000e+00 0.000000000000000000e+00 0.000000000000000000e+00 0.000000000000000000e+00 0.000000000000000000e+00
8.597210491269871024e-01 8.246066223061361278e-01 8.465161742369503584e-01 8.638319840224626400e-01 7.658739142018293755e-01 7.312899949249004328e-01 7.622698063507031829e-01
7.556244885129218547e-01 9.281785146073224801e-01 8.779650222352767264e-01 8.260170920982060627e-01 9.508912172187576894e-01 9.743729684812756364e-01 9.575361148903037689e-01
0.000000000000000000e+00 0.000000000000000000e+00 0.000000000000000000e+00 0.000000000000000000e+00 0.000000000000000000e+00 0.000000000000000000e+00 0.000000000000000000e+00
0.000000000000000000e+00 0.000000000000000000e+00 0.000000000000000000e+00 0.000000000000000000e+00 0.000000000000000000e+00 0.000000000000000000e+00 0.000000000000000000e+00
8.258049345091907911e-01 7.990912958510436592e-01 7.498797159171012305e-01 7.336697528800603108e-01 5.669006741617891310e-01 6.736347206344471816e-01 7.094800787704962364e-01
9.186139239060507888e-01 9.075589204119355324e-01 7.016180556284037362e-01 3.150985161915648702e-01 3.184408494947141288e-01 4.956684488347040118e-01 5.486932358406135801e-01
7.487739671869957370e-01 8.675175848711241811e-01 9.309449895215974324e-01 9.537833474093748709e-01 9.541152717447474174e-01 9.411645895894248381e-01 9.530275256463888178e-01
9.646031538925888826e-01 9.701558186483896229e-01 9.830860779345520495e-01 9.914211292360947114e-01 9.936142297100939436e-01 9.861147280772835089e-01 9.822703394330465354e-01
9.729912886959452001e-01 9.833678874797772140e-01 9.894567023694573749e-01 9.950046953614408718e-01 9.901391433114080654e-01 8.958739851542424359e-01 9.835865181418541603e-01
0.000000000000000000e+00 0.000000000000000000e+00 0.000000000000000000e+00 0.000000000000000000e+00 0.000000000000000000e+00 0.000000000000000000e+00 0.000000000000000000e+00
0.000000000000000000e+00 0.000000000000000000e+00 0.000000000000000000e+00 0.000000000000000000e+00 0.000000000000000000e+00 0.000000000000000000e+00 0.000000000000000000e+00
9.257261852870426466e-01 9.382011827720538877e-01 9.234106788430418433e-01 9.019065808478126112e-01 8.570362659897933222e-01 8.318174121421799683e-01 8.983045911885244594e-01
9.928121515090083671e-01 9.930837883796608256e-01 9.893692679564364267e-01 9.832048772311416940e-01 9.663705987878952186e-01 8.536191581934935435e-01 5.365765889308260483e-01
0.000000000000000000e+00 0.000000000000000000e+00 0.000000000000000000e+00 0.000000000000000000e+00 0.000000000000000000e+00 0.000000000000000000e+00 0.000000000000000000e+00
0.000000000000000000e+00 0.000000000000000000e+00 0.000000000000000000e+00 0.000000000000000000e+00 0.000000000000000000e+00 0.000000000000000000e+00 0.000000000000000000e+00
8.256480999902054974e-01 8.571347327635175928e-01 9.370101300017787960e-01 9.743453659006109380e-01 9.888768960439389133e-01 9.837891707813759545e-01 9.672474645817804584e-01
9.196945240752306683e-01 9.296414304076279222e-01 7.842289882840401960e-01 5.947527762644008176e-01 5.988167036085862982e-01 6.477086793411142018e-01 9.645324527509949730e-01
0.000000000000000000e+00 0.000000000000000000e+00 0.000000000000000000e+00 0.000000000000000000e+00 0.000000000000000000e+00 0.000000000000000000e+00 0.000000000000000000e+00
9.097349820011948474e-01 9.452265335577235694e-01 8.579083138986052237e-01 5.217586581149482594e-01 5.383227227123111858e-01 3.783259972636991431e-01 2.686920294060088921e-01
9.931421455199977988e-01 9.838311196056678254e-01 9.902250230098156303e-01 9.900460988536599061e-01 9.615767075373692352e-01 9.185345378769349534e-01 8.467576660281214140e-01
0.000000000000000000e+00 0.000000000000000000e+00 0.000000000000000000e+00 0.000000000000000000e+00 0.000000000000000000e+00 0.000000000000000000e+00 0.000000000000000000e+00
0.000000000000000000e+00 0.000000000000000000e+00 0.000000000000000000e+00 0.000000000000000000e+00 0.000000000000000000e+00 0.000000000000000000e+00 0.000000000000000000e+00
8.803589755844605236e-01 8.530674729081307861e-01 7.459445001320130775e-01 5.984450956415370282e-01 4.502075155790815630e-01 4.847193529920941768e-01 2.789446155244512116e-01
8.942124129053258264e-01 7.979464117087641251e-01 8.395566625424751850e-01 7.358164975452483603e-01 7.871649433405899510e-01 8.760310339513055489e-01 9.348794460639604509e-01
0.000000000000000000e+00 0.000000000000000000e+00 0.000000000000000000e+00 0.000000000000000000e+00 0.000000000000000000e+00 0.000000000000000000e+00 0.000000000000000000e+00
7.286803253958414883e-01 7.338502101662504051e-01 4.332034835951111273e-01 3.771685134264989858e-01 4.933964690191150471e-01 3.452340000366764250e-01 8.193812038105870998e-01
0.000000000000000000e+00 0.000000000000000000e+00 0.000000000000000000e+00 0.000000000000000000e+00 0.000000000000000000e+00 0.000000000000000000e+00 0.000000000000000000e+00
9.315902739782325748e-01 9.343227925094775843e-01 9.353405975775059833e-01 9.463669074260441239e-01 9.463442065236659095e-01 7.764421415695147433e-01 9.020542940123473796e-01
0.000000000000000000e+00 0.000000000000000000e+00 0.000000000000000000e+00 0.000000000000000000e+00 0.000000000000000000e+00 0.000000000000000000e+00 0.000000000000000000e+00
0.000000000000000000e+00 0.000000000000000000e+00 0.000000000000000000e+00 0.000000000000000000e+00 0.000000000000000000e+00 0.000000000000000000e+00 0.000000000000000000e+00
0.000000000000000000e+00 0.000000000000000000e+00 0.000000000000000000e+00 0.000000000000000000e+00 0.000000000000000000e+00 0.000000000000000000e+00 0.000000000000000000e+00
9.124285362622862605e-01 9.248573081142568153e-01 9.502951811542278415e-01 9.442349704243069297e-01 8.850876230083348783e-01 9.721598900215616679e-01 9.798853661949408211e-01
8.407979489248039728e-01 8.351746623859067631e-01 7.801188356087451758e-01 8.793175509461030881e-01 8.863369131420586466e-01 9.131724793544677699e-01 7.507414974186598089e-01
0.000000000000000000e+00 0.000000000000000000e+00 0.000000000000000000e+00 0.000000000000000000e+00 0.000000000000000000e+00 0.000000000000000000e+00 0.000000000000000000e+00
9.873111886797774073e-01 9.870974925455151539e-01 9.871870131851595564e-01 9.857271605671372727e-01 9.836210739499937628e-01 9.372290304530447314e-01 9.454493812773872019e-01
0.000000000000000000e+00 0.000000000000000000e+00 0.000000000000000000e+00 0.000000000000000000e+00 0.000000000000000000e+00 0.000000000000000000e+00 0.000000000000000000e+00
0.000000000000000000e+00 0.000000000000000000e+00 0.000000000000000000e+00 0.000000000000000000e+00 0.000000000000000000e+00 0.000000000000000000e+00 0.000000000000000000e+00
8.720106179961090165e-01 6.428609941695371255e-01 6.133167184965970797e-01 4.941765886066538105e-01 4.432768704305610763e-01 7.660275181833579028e-01 8.900690544059274290e-01
8.915897901517477742e-01 9.325265698628929512e-01 9.442970287170828758e-01 9.118607917506110772e-01 9.689352604897446541e-01 9.473728040125907190e-01 9.782821411141133794e-01
7.783321763476491739e-01 7.721254781320709970e-01 8.583421365679831938e-01 8.847073772810761794e-01 8.251063416723779520e-01 7.250661655762107305e-01 8.685592837417730472e-01
4.511753449107486769e-01 5.317940882323620722e-01 4.862678597466263408e-01 3.769070122701834169e-01 3.517023833875216887e-01 2.940383163060511507e-01 6.632733195937058346e-01
0.000000000000000000e+00 0.000000000000000000e+00 0.000000000000000000e+00 0.000000000000000000e+00 0.000000000000000000e+00 0.000000000000000000e+00 0.000000000000000000e+00
9.266651117073643196e-01 9.266100290709055054e-01 8.956177249917766092e-01 9.002020607889513748e-01 9.342995979229656855e-01 9.547150770900080241e-01 9.860124356492324660e-01
0.000000000000000000e+00 0.000000000000000000e+00 0.000000000000000000e+00 0.000000000000000000e+00 0.000000000000000000e+00 0.000000000000000000e+00 0.000000000000000000e+00
9.237017685052427707e-01 9.207850150512810750e-01 9.646736876761765611e-01 9.822494590222912159e-01 9.794044888494198853e-01 9.755077927433273288e-01 9.746276228214251214e-01
9.136433973442742440e-01 8.989737752135861237e-01 8.266269941109344321e-01 8.460881750655209199e-01 8.269991628967382491e-01 8.873437477342435153e-01 9.516419414876567950e-01
8.889524320814575775e-01 8.199542122462700755e-01 7.944140021480016189e-01 8.255513722650430486e-01 8.777062030922903046e-01 8.806716787408415126e-01 9.661721894879432559e-01
9.644585821089135536e-01 9.329166094264969011e-01 8.892151592009542860e-01 8.661968371197587002e-01 7.669640998542192056e-01 8.889161215022171048e-01 9.660658734473382969e-01
9.942816251805517425e-01 9.961152100544408139e-01 9.954388990438560736e-01 9.902740740011294340e-01 9.861521333258234101e-01 7.508909683502706933e-01 9.408425927842958281e-01
9.701433493677745767e-01 9.671148131595828090e-01 9.573684459535957147e-01 9.598280064012149060e-01 9.750213418615365502e-01 9.301275375335618101e-01 9.575729331392535126e-01
9.882249793443520502e-01 9.929669946887070830e-01 9.946516873021485905e-01 9.926560009747374957e-01 9.885619074318718891e-01 9.832907366979690700e-01 9.850991294101172358e-01
9.881077180308436292e-01 9.929462564632168808e-01 9.945598405663432784e-01 9.925288848377818995e-01 9.885045925164085423e-01 9.833296115435509188e-01 9.850572944441673418e-01
0.000000000000000000e+00 0.000000000000000000e+00 0.000000000000000000e+00 0.000000000000000000e+00 0.000000000000000000e+00 0.000000000000000000e+00 0.000000000000000000e+00
9.768515182516133155e-01 9.848149904174409164e-01 9.867035373028567591e-01 7.886936479775654707e-01 7.379250490279756214e-01 5.021584345092939827e-01 9.366086124445555106e-01
0.000000000000000000e+00 0.000000000000000000e+00 0.000000000000000000e+00 0.000000000000000000e+00 0.000000000000000000e+00 0.000000000000000000e+00 0.000000000000000000e+00
9.831153307513187389e-01 9.844796811679286108e-01 9.842471562208424674e-01 9.817948682791550752e-01 9.876733115642138960e-01 9.688039054385421123e-01 9.763943945555355608e-01
0.000000000000000000e+00 0.000000000000000000e+00 0.000000000000000000e+00 0.000000000000000000e+00 0.000000000000000000e+00 0.000000000000000000e+00 0.000000000000000000e+00
5.263582402597338783e-01 5.414237020816737855e-01 5.989049901743382920e-01 7.179268975620624049e-01 8.402024274709427587e-01 4.691014021297156278e-01 2.302693824356882302e-01
0.000000000000000000e+00 0.000000000000000000e+00 0.000000000000000000e+00 0.000000000000000000e+00 0.000000000000000000e+00 0.000000000000000000e+00 0.000000000000000000e+00
0.000000000000000000e+00 0.000000000000000000e+00 0.000000000000000000e+00 0.000000000000000000e+00 0.000000000000000000e+00 0.000000000000000000e+00 0.000000000000000000e+00
9.777838938919408696e-01 9.778462644116963087e-01 9.703500621800982273e-01 9.516671086414999481e-01 8.918854394326084511e-01 5.266320451383693646e-01 3.310260450499927787e-01
8.477863771658231684e-01 9.038588963005557142e-01 8.982242043425959777e-01 9.190903981900039321e-01 9.314251154939388044e-01 9.194943990327661965e-01 9.518773983866373189e-01
8.592850127811743066e-01 7.347644896280115523e-01 5.612611905330415762e-01 4.386663874485518533e-01 7.035112456526729785e-01 6.086162607143212888e-01 3.087043838688264819e-01
0.000000000000000000e+00 0.000000000000000000e+00 0.000000000000000000e+00 0.000000000000000000e+00 0.000000000000000000e+00 0.000000000000000000e+00 0.000000000000000000e+00
9.209530752834690359e-01 9.012952124976589818e-01 8.691314489431816170e-01 7.808793771581574727e-01 6.388509676780691482e-01 3.115510128047879745e-01 7.071756010091216904e-01
0.000000000000000000e+00 0.000000000000000000e+00 0.000000000000000000e+00 0.000000000000000000e+00 0.000000000000000000e+00 0.000000000000000000e+00 0.000000000000000000e+00
0.000000000000000000e+00 0.000000000000000000e+00 0.000000000000000000e+00 0.000000000000000000e+00 0.000000000000000000e+00 0.000000000000000000e+00 0.000000000000000000e+00
8.479858921123135662e-01 8.086538781835380663e-01 8.487972559782354098e-01 9.436843456921907292e-01 9.082246583952080510e-01 7.804756562780814644e-01 8.548188622190446839e-01
0.000000000000000000e+00 0.000000000000000000e+00 0.000000000000000000e+00 0.000000000000000000e+00 0.000000000000000000e+00 0.000000000000000000e+00 0.000000000000000000e+00
9.788382015992925789e-01 9.701101986222075979e-01 9.540214755289645465e-01 9.589758208302999742e-01 9.406864545823718782e-01 9.252896616799329843e-01 8.762480484576945505e-01
5.738298271151113239e-01 4.083139751910931925e-01 4.573914809201401477e-01 6.179478976455743400e-01 4.360615360491349457e-01 5.216748918829260395e-01 7.356270704507674729e-01
6.412586273654566904e-01 4.806393252299339669e-01 5.594548401724320774e-01 6.576720892800356211e-01 5.118952723665947113e-01 6.635993612890920268e-01 8.124141562209293843e-01
8.294758266265574997e-01 7.331341095484704695e-01 8.369328565031498579e-01 7.797748452819557308e-01 6.851075120663275841e-01 6.552169097090884131e-01 9.115422975684255302e-01
0.000000000000000000e+00 0.000000000000000000e+00 0.000000000000000000e+00 0.000000000000000000e+00 0.000000000000000000e+00 0.000000000000000000e+00 0.000000000000000000e+00
0.000000000000000000e+00 0.000000000000000000e+00 0.000000000000000000e+00 0.000000000000000000e+00 0.000000000000000000e+00 0.000000000000000000e+00 0.000000000000000000e+00
9.562051081198772451e-01 9.526941572430444038e-01 9.642611226691732984e-01 9.663485545462079385e-01 9.779030220660365202e-01 9.737927264036504438e-01 9.879222575145987228e-01
9.231018019968201260e-01 9.123140503451953043e-01 8.324628939481508727e-01 7.499992951170725286e-01 6.630277266315336426e-01 5.095500390766717347e-01 3.352751056535764329e-01
9.643898224449741763e-01 9.460676959312153134e-01 9.593574923651758679e-01 9.740621848149603190e-01 9.728283572233333842e-01 9.856462616623847817e-01 9.904298590198875596e-01
8.018358797262821192e-01 7.836623364245954848e-01 9.028752540646467484e-01 9.575855112271292047e-01 8.750898498854658980e-01 8.661148775251937826e-01 9.603563120206922710e-01
9.428826140966942715e-01 9.320038953963304396e-01 9.151332612710877390e-01 8.944110352920793261e-01 8.807830268439033050e-01 9.248774069023831812e-01 9.656846794824539559e-01
9.427577695733011520e-01 9.319322455085167212e-01 9.150609816677427455e-01 8.945960176382319329e-01 8.807177893714264183e-01 9.242369911214453060e-01 9.646435670229843717e-01
0.000000000000000000e+00 0.000000000000000000e+00 0.000000000000000000e+00 0.000000000000000000e+00 0.000000000000000000e+00 0.000000000000000000e+00 0.000000000000000000e+00
0.000000000000000000e+00 0.000000000000000000e+00 0.000000000000000000e+00 0.000000000000000000e+00 0.000000000000000000e+00 0.000000000000000000e+00 0.000000000000000000e+00
0.000000000000000000e+00 0.000000000000000000e+00 0.000000000000000000e+00 0.000000000000000000e+00 0.000000000000000000e+00 0.000000000000000000e+00 0.000000000000000000e+00
0.000000000000000000e+00 0.000000000000000000e+00 0.000000000000000000e+00 0.000000000000000000e+00 0.000000000000000000e+00 0.000000000000000000e+00 0.000000000000000000e+00
8.256763887605537144e-01 7.343081251934393539e-01 5.661277726092818208e-01 6.368551720804636052e-01 3.218576397765460229e-01 4.321395125356935485e-01 1.986893719422191673e-01
4.983141819343271384e-01 4.724950476488302686e-01 5.311221537790129510e-01 5.519945154657067699e-01 1.998100679790622003e-01 2.957922837406283811e-01 5.902678862756840505e-01
7.527321258395565096e-01 6.893119705785897278e-01 8.489996567797677418e-01 9.278016278737412081e-01 9.494570976849473487e-01 8.139443558212741126e-01 8.834666912332621580e-01
0.000000000000000000e+00 0.000000000000000000e+00 0.000000000000000000e+00 0.000000000000000000e+00 0.000000000000000000e+00 0.000000000000000000e+00 0.000000000000000000e+00
9.342948588281470013e-01 9.540140056009133174e-01 9.717358491955364608e-01 9.670696900944790730e-01 9.498314892185792946e-01 9.528848907608763463e-01 9.015639132726090965e-01
5.357512343101809016e-01 5.972148748690613296e-01 6.205874422493045106e-01 8.277672075391141471e-01 9.026116588852250988e-01 8.487587193809287278e-01 8.440372725706990487e-01
8.918767851750327713e-01 7.723905169452961461e-01 7.652615415111777564e-01 8.736402468443869029e-01 6.594982315338134837e-01 8.194135439345885397e-01 9.316765317505462107e-01
9.661446312625361355e-01 9.528553206906943407e-01 9.547195709725824209e-01 9.392442326407369757e-01 8.751626818578549516e-01 8.805941267281187645e-01 9.241553728615358176e-01
7.852479618346285273e-01 4.506907110849677212e-01 5.993834924967427202e-01 7.619011705217755281e-01 8.024996421314413153e-01 7.815824492495683229e-01 9.688353789019066298e-01
7.915138054890225039e-01 4.382103984487855652e-01 6.572745382679725523e-01 8.526795856124650408e-01 8.892009649972703045e-01 8.483729194223746939e-01 9.709151189714876340e-01
8.376777139460710453e-01 4.020450976405602894e-01 4.434266076267880941e-01 5.202205775916061148e-01 6.489391702874275358e-01 8.310272886619288757e-01 8.926420110192158086e-01
9.497041116570162922e-01 9.584724162274614878e-01 9.742172439848968413e-01 9.534598693041999029e-01 9.170284444559835269e-01 9.014660142135816345e-01 9.205476376577328423e-01
9.323113368211576324e-01 9.235142046419743123e-01 9.455859655503102701e-01 9.806070320245746652e-01 9.853355571781555744e-01 9.280768812451972716e-01 9.117176525335602966e-01
8.235972728010731991e-01 8.416218880694464888e-01 8.263044864366317910e-01 7.882468633368400202e-01 7.937712020509267719e-01 8.363665189080878859e-01 9.830914700241181192e-01
0.000000000000000000e+00 0.000000000000000000e+00 0.000000000000000000e+00 0.000000000000000000e+00 0.000000000000000000e+00 0.000000000000000000e+00 0.000000000000000000e+00
9.563799199534656070e-01 9.577745401490840305e-01 9.544289255486465562e-01 7.037442823898082400e-01 4.248240260043916194e-01 2.943662873541786906e-01 8.985353842543834790e-02
9.283277034982087006e-01 9.584150928378534218e-01 9.324049212460554514e-01 7.030340384786764041e-01 5.078643274883456460e-01 5.589897405844643785e-01 5.718823113955509019e-01
9.785645161362767075e-01 9.681624761683305103e-01 9.658114225653460228e-01 9.306859674515794989e-01 8.175475941364017674e-01 7.160489820068566269e-01 7.422493073172100608e-01
8.508866550957139285e-01 9.144931625770189587e-01 8.215722363225443914e-01 9.029789739623790279e-01 9.180129347534899953e-01 8.521411407586406694e-01 9.088599762523226211e-01
4.540042789490082442e-01 4.195984384465615835e-01 2.559163453495160168e-01 4.238710716888998697e-01 6.921710149750028851e-01 8.137322689958126354e-01 9.648349688913214761e-01
0.000000000000000000e+00 0.000000000000000000e+00 0.000000000000000000e+00 0.000000000000000000e+00 0.000000000000000000e+00 0.000000000000000000e+00 0.000000000000000000e+00
0.000000000000000000e+00 0.000000000000000000e+00 0.000000000000000000e+00 0.000000000000000000e+00 0.000000000000000000e+00 0.000000000000000000e+00 0.000000000000000000e+00
7.433839188341094806e-01 6.841747790537151541e-01 7.129790679170213696e-01 8.229999991163002848e-01 8.880391846530032440e-01 9.091466803841730115e-01 9.491440667666227737e-01
0.000000000000000000e+00 0.000000000000000000e+00 0.000000000000000000e+00 0.000000000000000000e+00 0.000000000000000000e+00 0.000000000000000000e+00 0.000000000000000000e+00
8.470959673848635907e-01 7.114282074487510155e-01 4.391489815501886107e-01 6.281330661755936129e-01 7.780153488714891541e-01 8.839226473095006531e-01 9.407116450431189936e-01
8.072486651456792783e-01 8.711454407650637277e-01 6.867906717800200678e-01 8.046307384886445258e-01 4.863120477193165758e-01 4.744233148156862812e-01 4.657626737454965138e-01
9.904189513158542235e-01 9.926192911996221113e-01 9.887867055200054711e-01 9.695048645691174416e-01 6.909750306698766442e-01 3.655798294456316655e-01 4.610444699771142907e-01
0.000000000000000000e+00 0.000000000000000000e+00 0.000000000000000000e+00 0.000000000000000000e+00 0.000000000000000000e+00 0.000000000000000000e+00 0.000000000000000000e+00
9.968010596533048995e-01 9.966516736355837125e-01 9.923057673519047883e-01 9.822745493599963629e-01 9.706402511492854268e-01 9.436578237826024340e-01 9.210577169650783214e-01
4.219639166064176883e-01 4.169589189867697887e-01 3.401857098026148662e-01 2.003416709988669331e-01 3.620252278886825770e-01 3.221409668567026263e-01 5.006532277367048422e-01
0.000000000000000000e+00 0.000000000000000000e+00 0.000000000000000000e+00 0.000000000000000000e+00 0.000000000000000000e+00 0.000000000000000000e+00 0.000000000000000000e+00
9.633764711423647986e-01 9.707119103545565064e-01 9.539234273309035173e-01 9.082107418696443446e-01 8.309763532973812872e-01 8.412272486133188787e-01 9.743920982177712853e-01
9.635996041567429504e-01 9.489802782457652519e-01 9.337449053760572548e-01 9.045193790234745679e-01 8.618641788295315909e-01 7.436538292913649206e-01 9.675081191040604267e-01
9.796143492845258427e-01 9.716469666637450597e-01 9.527340590265532816e-01 9.426817545116625841e-01 9.452626816336420212e-01 9.431031763056786366e-01 9.352096494020661899e-01
9.655705086435655282e-01 9.694328235603031363e-01 9.860049671582660213e-01 9.887201900225757178e-01 9.888152453246452644e-01 9.882825772015748633e-01 9.847970495907830690e-01
7.788402279257761185e-01 8.713260995235013739e-01 6.591288140079399893e-01 6.684901050317177962e-01 9.183426976881656767e-01 9.218773325148691411e-01 9.173130858251407060e-01
8.950532759527739524e-01 8.303348787618772819e-01 8.350637704482017920e-01 9.261529527929782679e-01 9.666423010230306145e-01 9.500095531372915181e-01 9.693472578855887312e-01
8.828513751353795902e-01 8.239740086169280442e-01 6.552277466983078558e-01 7.921959936527274149e-01 9.279689834480293609e-01 9.820182434422070061e-01 9.734968406793388374e-01
9.591981416415019668e-01 9.391247338508561526e-01 9.361719933827437057e-01 9.644111900972008877e-01 9.468070108414038399e-01 8.815876366333643688e-01 8.992590490771676937e-01
5.057927974119299508e-01 6.979459570674322322e-01 9.443225668033500275e-01 9.802439782867146123e-01 9.861288914638646208e-01 9.890729075156782235e-01 9.797417476620596810e-01
9.366826328658132139e-01 9.199025730838844561e-01 8.971444359860066831e-01 9.021952846770596723e-01 9.318235309947543454e-01 9.588515491606971475e-01 9.701694213122369348e-01
8.243474124724218255e-01 6.460081396896364403e-01 5.389590723975495878e-01 5.362529759957715969e-01 7.849400710660897618e-01 5.686094737790234888e-01 4.331184476321051080e-01
7.743481816187233191e-01 6.293359520360681802e-01 6.343101131695243478e-01 7.867946347194525458e-01 6.321226330802345306e-01 6.833349194712777797e-01 9.142573182246926944e-01
9.250998484221416573e-01 9.093253288152851610e-01 8.865708824906647356e-01 9.161221446670119173e-01 9.570997294550429579e-01 9.242372947937587124e-01 9.469499151058213826e-01
0.000000000000000000e+00 0.000000000000000000e+00 0.000000000000000000e+00 0.000000000000000000e+00 0.000000000000000000e+00 0.000000000000000000e+00 0.000000000000000000e+00
9.127302469175475608e-01 9.178285500968805799e-01 8.698275052042696576e-01 7.959202553059454566e-01 7.023027354846442805e-01 7.474755086775911606e-01 5.165554098768037061e-01
8.837421192075325393e-01 8.349872241110357640e-01 6.164496112510079451e-01 5.038131544345991752e-01 7.425232291154508779e-01 7.916710099364843156e-01 7.629560360334602942e-01
9.580885202397241285e-01 9.461493229163785434e-01 9.111309869607524536e-01 8.710725516871166141e-01 9.223811036423410492e-01 7.074415223848471435e-01 9.544382291766487780e-01
0.000000000000000000e+00 0.000000000000000000e+00 0.000000000000000000e+00 0.000000000000000000e+00 0.000000000000000000e+00 0.000000000000000000e+00 0.000000000000000000e+00
9.628335956132572093e-01 9.744901263341080311e-01 9.852076847139477067e-01 9.932582499897353312e-01 9.954155227445258269e-01 9.845240073530654445e-01 9.889091828203947498e-01
0.000000000000000000e+00 0.000000000000000000e+00 0.000000000000000000e+00 0.000000000000000000e+00 0.000000000000000000e+00 0.000000000000000000e+00 0.000000000000000000e+00
6.216895334425118769e-01 4.595985986866258366e-01 4.658906511800597339e-01 4.502351205961429570e-01 4.598352238874682807e-01 4.350531138448793245e-01 7.474654356986933923e-01
9.953734560348126426e-01 9.941400779598116300e-01 9.930078615527133667e-01 8.252769336715106707e-01 3.622523120187463586e-01 2.263413296677119491e-01 2.505302350111391352e-01
0.000000000000000000e+00 0.000000000000000000e+00 0.000000000000000000e+00 0.000000000000000000e+00 0.000000000000000000e+00 0.000000000000000000e+00 0.000000000000000000e+00
9.059158365645149091e-01 9.258618072621732642e-01 9.442253530905359016e-01 9.420931782050546710e-01 9.460659143930963966e-01 8.634450046145152324e-01 7.920035596177013026e-01
0.000000000000000000e+00 0.000000000000000000e+00 0.000000000000000000e+00 0.000000000000000000e+00 0.000000000000000000e+00 0.000000000000000000e+00 0.000000000000000000e+00
8.908558090699260079e-01 9.460874767644468220e-01 9.691480364766303923e-01 9.741886788939977393e-01 9.710337254930454520e-01 9.637837617818314495e-01 9.369602906331053749e-01
0.000000000000000000e+00 0.000000000000000000e+00 0.000000000000000000e+00 0.000000000000000000e+00 0.000000000000000000e+00 0.000000000000000000e+00 0.000000000000000000e+00
9.394552573231472747e-01 8.068060502598431993e-01 6.985511608492546154e-01 7.869460980161289143e-01 9.626234125126944541e-01 9.647597576082549420e-01 9.688219595111919880e-01
0.000000000000000000e+00 0.000000000000000000e+00 0.000000000000000000e+00 0.000000000000000000e+00 0.000000000000000000e+00 0.000000000000000000e+00 0.000000000000000000e+00
7.156414479602007939e-01 6.731811800190828921e-01 7.973994788005621670e-01 9.084523367669324889e-01 8.488036068813247237e-01 7.962852854960442706e-01 9.309906888893018095e-01
8.917350068140662556e-01 8.980243269806723605e-01 9.267593880913643778e-01 9.372715880218147610e-01 9.495744699578549941e-01 7.946941546226388153e-01 3.931100621875548984e-01
7.378439006582384607e-01 6.339532793061275484e-01 3.461088622434228546e-01 4.545174382922575473e-01 4.619476600248852427e-01 3.850155682387075284e-01 7.926539508683727586e-01
8.086648744280373613e-01 8.806044984448726520e-01 9.019823523150939382e-01 9.417623775828944943e-01 9.837436273315307567e-01 9.567107899599671672e-01 9.762348028294052238e-01
8.163490117047993433e-01 7.073465167796525455e-01 5.451132720264479925e-01 3.018015022249037616e-01 4.780164719486607039e-01 3.996976421511853061e-01 1.594426294258988741e-01
9.113361890472072568e-01 9.104315563729080685e-01 9.320529125014704874e-01 9.175287026651487432e-01 8.687112990394461054e-01 4.427640374351700658e-01 6.470411354152515448e-01
9.582229706127820545e-01 9.660185354592863982e-01 9.756090051936899821e-01 9.832514219535422040e-01 9.782312740650760396e-01 6.637160977160697639e-01 8.937876036735841190e-01
0.000000000000000000e+00 0.000000000000000000e+00 0.000000000000000000e+00 0.000000000000000000e+00 0.000000000000000000e+00 0.000000000000000000e+00 0.000000000000000000e+00
0.000000000000000000e+00 0.000000000000000000e+00 0.000000000000000000e+00 0.000000000000000000e+00 0.000000000000000000e+00 0.000000000000000000e+00 0.000000000000000000e+00
9.464803159099203222e-01 9.329292754822543499e-01 9.578609569919959155e-01 9.341215258257988818e-01 7.643596153622449485e-01 3.563321192284703565e-01 6.090820925578172007e-01
9.158864558634339792e-01 9.134474937373655568e-01 9.222443621400949754e-01 9.032425074858442260e-01 7.583902929192114506e-01 4.474499452996074100e-01 7.916061893820321993e-01
8.439660551058958404e-01 8.095492174696230503e-01 7.261551129099176327e-01 7.088596331128989014e-01 9.099442261292273182e-01 8.838947045591882823e-01 9.433209542287598337e-01
9.429766964620330816e-01 9.504066548926290992e-01 9.677055824958843422e-01 9.629508447878064592e-01 9.247447150410884609e-01 7.476943805936389076e-01 5.522174461464727235e-01
0.000000000000000000e+00 0.000000000000000000e+00 0.000000000000000000e+00 0.000000000000000000e+00 0.000000000000000000e+00 0.000000000000000000e+00 0.000000000000000000e+00
6.610488161040146693e-01 4.861774188964095855e-01 5.431338098526650171e-01 7.937904071388176552e-01 8.884132561804319872e-01 8.047589022277862325e-01 7.841283667613552222e-01
9.451903399352893365e-01 9.452047761423577610e-01 9.295705100590201386e-01 8.963886300747202496e-01 8.381195219130855856e-01 8.622383361729111240e-01 8.670827230661642959e-01
5.065792795090759970e-01 6.408986607641055100e-01 6.600295777690929899e-01 7.962562152398915405e-01 8.459319877748637806e-01 6.118377832499558577e-01 8.984423711377249600e-01
0.000000000000000000e+00 0.000000000000000000e+00 0.000000000000000000e+00 0.000000000000000000e+00 0.000000000000000000e+00 0.000000000000000000e+00 0.000000000000000000e+00
9.493397239158241074e-01 9.510986284899711762e-01 9.636342281748369043e-01 9.739566913743021859e-01 9.687270480265900430e-01 8.812996440027915934e-01 7.781354870364853848e-01
9.171834944340785389e-01 9.212906125071320673e-01 9.010900894362333657e-01 8.216696680053221513e-01 5.738344362504615992e-01 8.048094265991055929e-01 9.445682542205684484e-01
9.270871184721706237e-01 9.770493075339519162e-01 9.897635494488725705e-01 9.841625062848458061e-01 9.597039910557082498e-01 5.522134506392814002e-01 7.848170732971060382e-01
4.756708957225228018e-01 5.318939068251299362e-01 5.939215738556239410e-01 5.494267932342965510e-01 3.979983279283791919e-01 2.115978035824702119e-01 2.321346761443804363e-01
0.000000000000000000e+00 0.000000000000000000e+00 0.000000000000000000e+00 0.000000000000000000e+00 0.000000000000000000e+00 0.000000000000000000e+00 0.000000000000000000e+00
9.910305339715167472e-01 9.855568125247371469e-01 9.755945219641185551e-01 9.572772733306081916e-01 9.539569538832050055e-01 7.975854972372159457e-01 6.551799103538695768e-01
9.080762068763406081e-01 8.414327222839406151e-01 6.493815898092970551e-01 5.675764920603163510e-01 5.408290693815444028e-01 4.258226716144312141e-01 3.917902090401621518e-01
9.114643494576255556e-01 9.484504230038477424e-01 9.707653515025120861e-01 9.901189282025489868e-01 9.696078057060907307e-01 8.470696730366508165e-01 7.691214790056920547e-01
9.421264646180322888e-01 9.523810042177367485e-01 9.585093537256266227e-01 4.630030732303447305e-01 3.055828397555606091e-01 3.133596686321436509e-01 4.162052114691081051e-01
0.000000000000000000e+00 0.000000000000000000e+00 0.000000000000000000e+00 0.000000000000000000e+00 0.000000000000000000e+00 0.000000000000000000e+00 0.000000000000000000e+00
9.762015594926038986e-01 9.715080522061569912e-01 9.589361862832380679e-01 9.459671718077570235e-01 9.339834719773051352e-01 9.096969028961378045e-01 8.840159951380159864e-01
9.516820883152369293e-01 9.540780710059871828e-01 9.550921245391038594e-01 9.314837328225632485e-01 7.302082731652503877e-01 2.786934921954940525e-01 8.931792910133430352e-01
0.000000000000000000e+00 0.000000000000000000e+00 0.000000000000000000e+00 0.000000000000000000e+00 0.000000000000000000e+00 0.000000000000000000e+00 0.000000000000000000e+00
0.000000000000000000e+00 0.000000000000000000e+00 0.000000000000000000e+00 0.000000000000000000e+00 0.000000000000000000e+00 0.000000000000000000e+00 0.000000000000000000e+00
8.612005035410478238e-01 8.687667020179150601e-01 9.084401420448747766e-01 9.568255304034453124e-01 9.580628722327207969e-01 9.373477560819648557e-01 8.909585973865290498e-01
3.567036110147261407e-01 6.092182309096428883e-01 8.730648070888270551e-01 6.403962086356085326e-01 6.201810693602377578e-01 9.426368513135469085e-01 9.094861183500317914e-01
6.732400210147455599e-01 5.764648109049231861e-01 4.963332916883952395e-01 7.020888332811602295e-01 5.631813569945463005e-01 3.056096293250427087e-01 2.622092387060884766e-01
8.853361650329681920e-01 8.970144536752914233e-01 9.065980542908659290e-01 9.436366359592319730e-01 9.681781088889926945e-01 9.507077797571887867e-01 9.436807714700004013e-01
9.497481485531391598e-01 9.521641997704601845e-01 9.639489523075718269e-01 9.692203885297575594e-01 9.561565948367490853e-01 8.738512357669652175e-01 7.169841364777341797e-01
0.000000000000000000e+00 0.000000000000000000e+00 0.000000000000000000e+00 0.000000000000000000e+00 0.000000000000000000e+00 0.000000000000000000e+00 0.000000000000000000e+00
0.000000000000000000e+00 0.000000000000000000e+00 0.000000000000000000e+00 0.000000000000000000e+00 0.000000000000000000e+00 0.000000000000000000e+00 0.000000000000000000e+00
