3.015766778946232796e-01 2.305213615707802505e-02 3.656611083335777751e-02 8.972091982901186924e-02 6.937649375506546590e-02 2.384170427150632265e-01 2.595947343443187338e-01
6.190774654181153969e-02 1.665488260403171217e-01 4.872729445859366043e-02 4.322533490332654965e-02 1.666200512975705428e-01 1.149193596041063609e-01 1.475001104242283922e-01
1.767318411675183609e-01 2.027758879617937993e-01 9.578155812313332573e-02 4.342806013425138389e-01 2.651919195753043579e-01 2.477070968153033681e-01 9.204696442782049626e-02
2.490947458261348613e-01 3.125417671179739898e-01 3.966848023828317693e-01 3.930859177507817215e-01 2.167315560937554120e-01 1.944865632596495808e-02 9.805881312309798481e-02
4.556441603019697334e-02 2.812715191528752934e-01 2.523560153962925434e-01 3.254466857960631732e-01 3.391072793867807023e-01 8.468260712070507790e-02 2.521321376175942805e-02
2.423435153488324445e-01 2.625907242519803786e-01 1.109632396701288465e-01 1.431309022362483030e-01 2.166838124672386956e-01 2.268786227960800372e-01 1.618735332828721563e-01
3.483998685781288795e-01 2.981224823642745214e-01 6.144237273983994135e-02 1.660716073583909103e-01 2.419767975828084894e-01 5.040073309602008389e-02 1.129537041669843866e-01
1.404411903016603291e-01 1.824656307357750418e-01 1.499113856309420845e-01 5.611676217154592389e-02 2.647726662120529206e-01 2.473772308735236458e-01 9.740215531710728902e-02
0.000000000000000000e+00 0.000000000000000000e+00 0.000000000000000000e+00 0.000000000000000000e+00 0.000000000000000000e+00 0.000000000000000000e+00 0.000000000000000000e+00
1.346953087285105710e-01 4.429334023296868650e-02 3.718634438406630965e-02 1.060684232364738355e-01 2.688601227382514391e-01 3.195960987935178577e-01 6.577134605919714161e-02
1.212388793391171588e-01 1.154000912816740242e-02 1.707098623286132655e-01 6.218488713574606835e-02 9.074499735687661939e-02 7.804107323625202042e-02 6.901689297316442040e-02
1.985697949859962230e-01 4.799251278886871863e-01 3.925254599248445553e-01 7.083972528264129154e-02 7.209145581257137003e-02 1.093691929532034784e-01 1.200140888957447610e-01
3.071041831380026954e-01 3.007400474938684565e-01 3.141162804095430916e-01 2.705595797822762383e-01 5.982485159774579564e-02 1.664953878460435910e-01 1.925467097892339663e-01
0.000000000000000000e+00 0.000000000000000000e+00 0.000000000000000000e+00 0.000000000000000000e+00 0.000000000000000000e+00 0.000000000000000000e+00 0.000000000000000000e+00
1.334408863808375090e-01 1.302769261551895430e-01 1.551807524366794477e-01 2.509151335823431306e-01 1.501328870140255789e-01 2.693784631091719062e-01 2.671597622535971106e-01
0.000000000000000000e+00 0.000000000000000000e+00 0.000000000000000000e+00 0.000000000000000000e+00 0.000000000000000000e+00 0.000000000000000000e+00 0.000000000000000000e+00
0.000000000000000000e+00 0.000000000000000000e+00 0.000000000000000000e+00 0.000000000000000000e+00 0.000000000000000000e+00 0.000000000000000000e+00 0.000000000000000000e+00
0.000000000000000000e+00 0.000000000000000000e+00 0.000000000000000000e+00 0.000000000000000000e+00 0.000000000000000000e+00 0.000000000000000000e+00 0.000000000000000000e+00
0.000000000000000000e+00 0.000000000000000000e+00 0.000000000000000000e+00 0.000000000000000000e+00 0.000000000000000000e+00 0.000000000000000000e+00 0.000000000000000000e+00
0.000000000000000000e+00 0.000000000000000000e+00 0.000000000000000000e+00 0.000000000000000000e+00 0.000000000000000000e+00 0.000000000000000000e+00 0.000000000000000000e+00
4.147804271745379467e-01 4.350827558605591117e-01 2.827072342695577389e-01 7.144824185623904755e-02 1.901232466123476128e-01 9.398425694615236692e-02 8.099541053860118134e-02
3.110246326124136429e-01 2.790151784160116999e-01 7.068248685900122008e-02 3.001522674452853923e-01 4.576858988472698453e-01 3.296857351506694012e-01 2.047685897721852610e-01
2.569193929858918368e-01 2.583221866828873114e-01 2.334348454801580819e-01 2.231222141445768081e-01 1.349842247154759978e-01 1.260159202802945133e-01 8.238392027373868387e-02
2.094585326348194845e-02 2.090381805314291686e-01 3.843818221850998085e-01 3.048951539268853761e-01 1.232438018939375629e-01 1.588412625629427033e-01 6.888890135750069983e-03
7.244735532845722470e-02 1.755329134646565689e-02 8.145924786596146772e-02 1.680138178635000035e-01 2.093407374291000600e-01 3.855053591784983191e-01 2.931211808090575244e-01
2.943383454650609909e-01 5.582346726879884591e-02 1.347226437875082561e-01 2.305705415628331867e-01 8.144415263106463687e-02 2.153676433021539383e-01 9.013299306468106065e-02
1.753253097695391671e-01 1.864825375343411307e-01 1.164934280322953430e-01 9.635379595889115301e-02 3.249418270440630058e-02 1.819915973565196798e-01 2.051774558108695676e-02
0.000000000000000000e+00 0.000000000000000000e+00 0.000000000000000000e+00 0.000000000000000000e+00 0.000000000000000000e+00 0.000000000000000000e+00 0.000000000000000000e+00
2.365979858293502103e-01 2.016415790425170329e-01 1.786379321850085564e-02 2.315652620969190223e-01 4.131167141407560695e-01 6.329808190114724620e-02 5.704568187348386249e-02
2.409253898404204730e-01 2.750111112086768839e-01 1.869226862113011201e-01 2.772155502618097178e-01 4.402938011862388978e-01 2.676637749405809119e-01 2.655589162010694726e-01
1.066389554796962208e-01 1.516871461475816363e-01 2.484704140799647298e-01 3.282337361552225552e-01 4.387329119021660118e-01 1.625093308245871004e-01 2.201920084244083364e-01
2.247050383104066268e-03 2.178489171537399682e-01 4.799776514135456473e-01 2.720829925844766017e-01 6.631149346687195689e-02 1.649241384090517071e-01 2.292532187391352894e-01
0.000000000000000000e+00 0.000000000000000000e+00 0.000000000000000000e+00 0.000000000000000000e+00 0.000000000000000000e+00 0.000000000000000000e+00 0.000000000000000000e+00
2.892260915985232494e-01 1.044259954573754368e-01 5.269342272446321251e-01 5.353721736691990918e-01 7.066225982820147078e-02 1.088295692950771443e-01 1.197802099233248596e-01
2.072495175438602844e-01 1.333103260460748174e-01 2.554228247644734773e-01 3.925144871936739333e-01 2.043679548412921376e-01 4.832899972446476344e-02 1.188172582841910130e-01
1.286193569958901384e-01 1.016918566947252467e-01 1.456402401582789496e-01 4.053271054931036760e-02 3.293784313350284904e-02 3.631237335404705058e-01 2.297754150791793404e-01
1.454446886273601247e-01 1.219105470042581262e-02 6.519093860013212838e-02 1.001676364431574734e-01 1.029777773340996155e-01 4.129316562380699884e-01 5.457873733864436749e-01
3.483921515551949843e-01 4.131695765687198874e-01 3.576150149177617088e-01 2.014392816190109792e-01 1.395966610657012053e-01 2.107096707358541154e-01 2.036602254989377248e-01
1.162139828359960991e-01 2.378504690243817832e-01 2.168213031936847002e-01 3.347818559678149009e-01 5.240779482729178429e-02 3.020629051828425671e-01 2.547773513595684158e-01
