1.001169273149534433e+02 9.236692731495344333e+01 9.236692731495344333e+01 2.741169273149534433e+02 2.723669273149534433e+02 9.386692731495344333e+01 9.311692731495344333e+01
2.782511364248061909e+02 2.752511364248061909e+02 9.375113642480619092e+01 9.500113642480619092e+01 2.745011364248061909e+02 9.500113642480619092e+01 2.747511364248061909e+02
1.545912576765832682e+02 1.533412576765832682e+02 3.335912576765832682e+02 3.338412576765832682e+02 1.535912576765832682e+02 1.535912576765832682e+02 1.535912576765832682e+02
1.113831332236810567e+02 1.103831332236810567e+02 2.888831332236810567e+02 2.891331332236810567e+02 1.106331332236810567e+02 1.098831332236810567e+02 2.898831332236810567e+02
2.817073679662782979e+02 2.892073679662782979e+02 1.122073679662782979e+02 2.949573679662782979e+02 1.094573679662782979e+02 1.097073679662782979e+02 2.917073679662782979e+02
8.512574935398515663e+01 8.437574935398515663e+01 2.658757493539851566e+02 2.593757493539851566e+02 2.663757493539851566e+02 2.666257493539851566e+02 2.668757493539851566e+02
2.964472520925106664e+02 2.951972520925106664e+02 2.959472520925106664e+02 1.184472520925106664e+02 2.936972520925106664e+02 1.181972520925106664e+02 2.944472520925106664e+02
1.334628434846546270e+02 3.169628434846546270e+02 3.147128434846546270e+02 1.352128434846546270e+02 1.347128434846546270e+02 1.347128434846546270e+02 1.344628434846546270e+02
0.000000000000000000e+00 0.000000000000000000e+00 0.000000000000000000e+00 0.000000000000000000e+00 0.000000000000000000e+00 0.000000000000000000e+00 0.000000000000000000e+00
1.544789777766183079e+02 1.534789777766183079e+02 3.342289777766183079e+02 3.339789777766183079e+02 3.337289777766183079e+02 1.532289777766183079e+02 1.537289777766183079e+02
1.229164501737463411e+02 1.296664501737463411e+02 1.289164501737463411e+02 1.329164501737463411e+02 3.119164501737463411e+02 3.124164501737463411e+02 3.109164501737463411e+02
3.140233921906698811e+02 3.145233921906698811e+02 1.337733921906698811e+02 1.335233921906698811e+02 3.137733921906698811e+02 3.137733921906698811e+02 1.337733921906698811e+02
2.532719110597604981e+02 1.327719110597604981e+02 1.330219110597604981e+02 3.150219110597604981e+02 3.142719110597604981e+02 1.342719110597604981e+02 1.340219110597604981e+02
0.000000000000000000e+00 0.000000000000000000e+00 0.000000000000000000e+00 0.000000000000000000e+00 0.000000000000000000e+00 0.000000000000000000e+00 0.000000000000000000e+00
2.168502427922454672e+02 3.860024279224546717e+01 3.735024279224546717e+01 3.685024279224546717e+01 3.660024279224546717e+01 3.660024279224546717e+01 2.163502427922454672e+02
0.000000000000000000e+00 0.000000000000000000e+00 0.000000000000000000e+00 0.000000000000000000e+00 0.000000000000000000e+00 0.000000000000000000e+00 0.000000000000000000e+00
0.000000000000000000e+00 0.000000000000000000e+00 0.000000000000000000e+00 0.000000000000000000e+00 0.000000000000000000e+00 0.000000000000000000e+00 0.000000000000000000e+00
0.000000000000000000e+00 0.000000000000000000e+00 0.000000000000000000e+00 0.000000000000000000e+00 0.000000000000000000e+00 0.000000000000000000e+00 0.000000000000000000e+00
0.000000000000000000e+00 0.000000000000000000e+00 0.000000000000000000e+00 0.000000000000000000e+00 0.000000000000000000e+00 0.000000000000000000e+00 0.000000000000000000e+00
0.000000000000000000e+00 0.000000000000000000e+00 0.000000000000000000e+00 0.000000000000000000e+00 0.000000000000000000e+00 0.000000000000000000e+00 0.000000000000000000e+00
1.371147474350133280e+02 1.371147474350133280e+02 1.371147474350133280e+02 1.373647474350133280e+02 1.368647474350133280e+02 3.188647474350133280e+02 1.373647474350133280e+02
8.102340354234200959e+01 9.002340354234200959e+01 9.402340354234200959e+01 2.790234035423420096e+02 2.762734035423420096e+02 9.527340354234200959e+01 2.760234035423420096e+02
3.274116358325559304e+02 3.261616358325559304e+02 1.471616358325559304e+02 3.294116358325559304e+02 1.476616358325559304e+02 3.279116358325559304e+02 1.429116358325559304e+02
8.999030298034159614e+01 2.709903029803415961e+02 2.704903029803415961e+02 2.712403029803415961e+02 2.769903029803415961e+02 9.099030298034159614e+01 8.999030298034159614e+01
3.016722240935966965e+02 3.341722240935966965e+02 3.344222240935966965e+02 3.336722240935966965e+02 3.336722240935966965e+02 3.336722240935966965e+02 3.336722240935966965e+02
4.981314860949868262e+01 3.981314860949868262e+01 1.560631486094986826e+02 2.195631486094986826e+02 3.981314860949868262e+01 4.006314860949868262e+01 3.956314860949868262e+01
2.381048673433525664e+02 5.560486734335256642e+01 5.560486734335256642e+01 5.535486734335256642e+01 2.333548673433525664e+02 2.348548673433525664e+02 2.346048673433525664e+02
0.000000000000000000e+00 0.000000000000000000e+00 0.000000000000000000e+00 0.000000000000000000e+00 0.000000000000000000e+00 0.000000000000000000e+00 0.000000000000000000e+00
1.084373384496031463e+02 2.664373384496031463e+02 8.418733844960314627e+01 2.641873384496031463e+02 2.641873384496031463e+02 8.293733844960314627e+01 2.644373384496031463e+02
2.247235618153775647e+02 2.247235618153775647e+02 2.242235618153775647e+02 2.239735618153775647e+02 2.239735618153775647e+02 2.239735618153775647e+02 2.237235618153775647e+02
2.325654759283376620e+02 2.323154759283376620e+02 5.331547592833766203e+01 5.231547592833766203e+01 5.206547592833766203e+01 5.156547592833766203e+01 2.315654759283376620e+02
8.922362284107566666e+01 8.922362284107566666e+01 8.872362284107566666e+01 4.372362284107566666e+01 8.847362284107566666e+01 8.872362284107566666e+01 8.797362284107566666e+01
0.000000000000000000e+00 0.000000000000000000e+00 0.000000000000000000e+00 0.000000000000000000e+00 0.000000000000000000e+00 0.000000000000000000e+00 0.000000000000000000e+00
1.441723297086510911e+02 3.216723297086510911e+02 3.234223297086510911e+02 3.234223297086510911e+02 3.236723297086510911e+02 3.236723297086510911e+02 3.236723297086510911e+02
4.831526344364277747e+01 2.240652634436427775e+02 2.225652634436427775e+02 4.356526344364277747e+01 4.356526344364277747e+01 4.356526344364277747e+01 4.356526344364277747e+01
1.996434699727210500e+02 1.966434699727210500e+02 2.014346997272105000e+01 1.964346997272105000e+01 1.989346997272105000e+01 1.989346997272105000e+01 2.189346997272105000e+01
1.054097417275062298e+02 2.886597417275062298e+02 2.881597417275062298e+02 1.076597417275062298e+02 1.074097417275062298e+02 1.081597417275062298e+02 1.081597417275062298e+02
1.251773528367849053e+02 1.256773528367849053e+02 1.259273528367849053e+02 1.259273528367849053e+02 1.261773528367849053e+02 1.259273528367849053e+02 1.269273528367849053e+02
1.535381319924897525e+02 1.540381319924897525e+02 1.542881319924897525e+02 1.545381319924897525e+02 1.545381319924897525e+02 1.542881319924897525e+02 3.342881319924897525e+02
