3.540038901118898593e+02 7.253890111889845116e+00 3.472538901118898593e+02 1.450389011188984512e+01 3.275389011188984512e+01 6.400389011188984512e+01 4.100389011188984512e+01
3.581200994120658834e+02 3.593700994120658834e+02 1.870099412065883371e+00 8.120099412065883371e+00 3.491200994120658834e+02 3.576200994120658834e+02 6.200994120658833708e-01
3.440471522589045890e+02 3.470471522589045890e+02 3.797152258904560540e+00 3.129715225890456054e+01 4.229715225890456054e+01 3.754715225890456054e+01 1.704715225890456054e+01
8.334876018967008804e+00 8.334876018967008804e+00 6.834876018967008804e+00 7.084876018967008804e+00 5.584876018967008804e+00 1.834876018967008804e+00 3.435848760189670088e+02
6.654272395327154754e+00 6.404272395327154754e+00 4.904272395327154754e+00 4.904272395327154754e+00 2.154272395327154754e+00 3.040427239532715475e+01 3.494042723953271548e+02
1.778063366462106387e+00 7.278063366462106387e+00 1.177806336646210639e+01 1.102806336646210639e+01 8.528063366462106387e+00 1.278063366462106387e+00 4.278063366462106387e+00
3.590376166858619058e+02 3.597876166858619058e+02 7.876166858619058075e-01 3.580376166858619058e+02 9.787616685861905808e+00 4.778761668586190581e+01 3.362876166858619058e+02
1.594046662918526636e+01 2.444046662918526636e+01 2.619046662918526636e+01 1.694046662918526636e+01 2.569046662918526636e+01 4.319046662918526636e+01 3.169046662918526636e+01
0.000000000000000000e+00 0.000000000000000000e+00 0.000000000000000000e+00 0.000000000000000000e+00 0.000000000000000000e+00 0.000000000000000000e+00 0.000000000000000000e+00
3.431892559701911409e+02 3.469392559701911409e+02 3.439255970191140932e+00 2.343925597019114093e+01 3.843925597019114093e+01 5.318925597019114093e+01 2.393925597019114093e+01
1.587539277195338627e+01 1.037539277195338627e+01 4.125392771953386273e+00 3.566253927719533863e+02 5.625392771953386273e+00 6.462539277195338627e+01 5.962539277195338627e+01
4.448101880933791108e+01 3.648101880933791108e+01 1.948101880933791108e+01 4.981018809337911080e+00 5.481018809337911080e+00 2.498101880933791108e+01 2.598101880933791108e+01
3.497744728006949799e+01 3.647744728006949799e+01 3.522744728006949799e+01 3.247744728006949799e+01 1.997744728006949799e+01 3.544774472800694980e+02 3.464774472800694980e+02
0.000000000000000000e+00 0.000000000000000000e+00 0.000000000000000000e+00 0.000000000000000000e+00 0.000000000000000000e+00 0.000000000000000000e+00 0.000000000000000000e+00
3.526112985695696125e+02 3.521112985695696125e+02 3.531112985695696125e+02 3.516112985695696125e+02 3.551112985695696125e+02 3.576112985695696125e+02 3.591112985695696125e+02
0.000000000000000000e+00 0.000000000000000000e+00 0.000000000000000000e+00 0.000000000000000000e+00 0.000000000000000000e+00 0.000000000000000000e+00 0.000000000000000000e+00
0.000000000000000000e+00 0.000000000000000000e+00 0.000000000000000000e+00 0.000000000000000000e+00 0.000000000000000000e+00 0.000000000000000000e+00 0.000000000000000000e+00
0.000000000000000000e+00 0.000000000000000000e+00 0.000000000000000000e+00 0.000000000000000000e+00 0.000000000000000000e+00 0.000000000000000000e+00 0.000000000000000000e+00
0.000000000000000000e+00 0.000000000000000000e+00 0.000000000000000000e+00 0.000000000000000000e+00 0.000000000000000000e+00 0.000000000000000000e+00 0.000000000000000000e+00
0.000000000000000000e+00 0.000000000000000000e+00 0.000000000000000000e+00 0.000000000000000000e+00 0.000000000000000000e+00 0.000000000000000000e+00 0.000000000000000000e+00
1.903994882446829706e+01 2.328994882446829706e+01 2.278994882446829706e+01 3.539948824468297062e+00 1.153994882446829706e+01 2.653994882446829706e+01 3.550399488244682971e+02
5.294334374305208257e+00 1.154433437430520826e+01 1.704433437430520826e+01 2.304433437430520826e+01 2.229433437430520826e+01 3.507943343743052083e+02 3.525443343743052083e+02
3.373079167631378255e+02 3.470579167631378255e+02 3.598079167631378255e+02 1.807916763137825455e+00 3.555579167631378255e+02 3.578079167631378255e+02 8.057916763137825455e+00
2.851007291604730653e+00 5.351007291604730653e+00 3.351007291604730653e+00 3.573510072916047307e+02 3.566010072916047307e+02 2.101007291604730653e+00 3.591010072916047307e+02
0.000000000000000000e+00 0.000000000000000000e+00 0.000000000000000000e+00 0.000000000000000000e+00 0.000000000000000000e+00 0.000000000000000000e+00 0.000000000000000000e+00
0.000000000000000000e+00 0.000000000000000000e+00 0.000000000000000000e+00 0.000000000000000000e+00 0.000000000000000000e+00 0.000000000000000000e+00 0.000000000000000000e+00
0.000000000000000000e+00 0.000000000000000000e+00 0.000000000000000000e+00 0.000000000000000000e+00 0.000000000000000000e+00 0.000000000000000000e+00 0.000000000000000000e+00
0.000000000000000000e+00 0.000000000000000000e+00 0.000000000000000000e+00 0.000000000000000000e+00 0.000000000000000000e+00 0.000000000000000000e+00 0.000000000000000000e+00
0.000000000000000000e+00 0.000000000000000000e+00 0.000000000000000000e+00 0.000000000000000000e+00 0.000000000000000000e+00 0.000000000000000000e+00 0.000000000000000000e+00
0.000000000000000000e+00 0.000000000000000000e+00 0.000000000000000000e+00 0.000000000000000000e+00 0.000000000000000000e+00 0.000000000000000000e+00 0.000000000000000000e+00
0.000000000000000000e+00 0.000000000000000000e+00 0.000000000000000000e+00 0.000000000000000000e+00 0.000000000000000000e+00 0.000000000000000000e+00 0.000000000000000000e+00
0.000000000000000000e+00 0.000000000000000000e+00 0.000000000000000000e+00 0.000000000000000000e+00 0.000000000000000000e+00 0.000000000000000000e+00 0.000000000000000000e+00
0.000000000000000000e+00 0.000000000000000000e+00 0.000000000000000000e+00 0.000000000000000000e+00 0.000000000000000000e+00 0.000000000000000000e+00 0.000000000000000000e+00
0.000000000000000000e+00 0.000000000000000000e+00 0.000000000000000000e+00 0.000000000000000000e+00 0.000000000000000000e+00 0.000000000000000000e+00 0.000000000000000000e+00
0.000000000000000000e+00 0.000000000000000000e+00 0.000000000000000000e+00 0.000000000000000000e+00 0.000000000000000000e+00 0.000000000000000000e+00 0.000000000000000000e+00
0.000000000000000000e+00 0.000000000000000000e+00 0.000000000000000000e+00 0.000000000000000000e+00 0.000000000000000000e+00 0.000000000000000000e+00 0.000000000000000000e+00
0.000000000000000000e+00 0.000000000000000000e+00 0.000000000000000000e+00 0.000000000000000000e+00 0.000000000000000000e+00 0.000000000000000000e+00 0.000000000000000000e+00
8.076614913617731872e+00 8.826614913617731872e+00 5.082661491361773187e+01 2.807661491361773187e+01 3.388266149136177319e+02 3.425766149136177319e+02 3.807661491361773187e+01
3.047119259589680951e+01 2.172119259589680951e+01 3.097119259589680951e+01 7.172119259589680951e+01 7.922119259589680951e+01 7.397119259589680951e+01 6.772119259589680951e+01
1.869416718651643805e+01 1.444416718651643805e+01 3.514441671865164381e+02 3.119441671865164381e+02 3.046941671865164381e+02 3.159441671865164381e+02 3.344441671865164381e+02
3.515602285093581258e+02 3.535602285093581258e+02 3.518102285093581258e+02 3.503102285093581258e+02 3.545602285093581258e+02 1.560228509358097426e+00 8.060228509358097426e+00
0.000000000000000000e+00 0.000000000000000000e+00 0.000000000000000000e+00 0.000000000000000000e+00 0.000000000000000000e+00 0.000000000000000000e+00 0.000000000000000000e+00
3.576208741407376124e+02 3.708741407376123789e-01 3.620874140737612379e+00 6.208741407376123789e-01 3.393708741407376124e+02 2.983708741407376124e+02 2.861208741407376124e+02
3.573451907982596367e+02 3.443451907982596367e+02 3.083451907982596367e+02 2.963451907982596367e+02 3.218451907982596367e+02 8.345190798259608300e+00 9.519079825960830021e-02
1.121013789331811950e+00 3.598710137893318119e+02 3.516210137893318119e+02 3.513710137893318119e+02 3.563710137893318119e+02 3.548710137893318119e+02 3.591210137893318119e+02
3.509918787309678692e+02 7.241878730967869160e+00 4.374187873096786916e+01 6.549187873096786916e+01 6.749187873096786916e+01 3.222418787309678692e+02 3.069918787309678692e+02
3.549000240450874344e+02 3.541500240450874344e+02 3.536500240450874344e+02 3.561500240450874344e+02 1.900024045087434388e+00 5.150024045087434388e+00 5.650024045087434388e+00
0.000000000000000000e+00 0.000000000000000000e+00 0.000000000000000000e+00 0.000000000000000000e+00 0.000000000000000000e+00 0.000000000000000000e+00 0.000000000000000000e+00
0.000000000000000000e+00 0.000000000000000000e+00 0.000000000000000000e+00 0.000000000000000000e+00 0.000000000000000000e+00 0.000000000000000000e+00 0.000000000000000000e+00
3.550115997237776924e+02 3.477615997237776924e+02 5.826159972377769236e+01 2.701159972377769236e+01 3.305115997237776924e+02 3.355115997237776924e+02 4.101159972377769236e+01
6.674832972395847719e+00 3.674832972395847719e+00 3.924832972395847719e+00 7.424832972395847719e+00 1.767483297239584772e+01 2.492483297239584772e+01 2.674832972395847719e+00
3.509282555058071011e+02 1.592825550580710114e+01 1.517825550580710114e+01 9.678255505807101144e+00 2.167825550580710114e+01 1.992825550580710114e+01 2.142825550580710114e+01
0.000000000000000000e+00 0.000000000000000000e+00 0.000000000000000000e+00 0.000000000000000000e+00 0.000000000000000000e+00 0.000000000000000000e+00 0.000000000000000000e+00
3.431008624470020436e+02 3.351008624470020436e+02 3.306008624470020436e+02 3.391008624470020436e+02 1.410086244700204361e+01 2.960086244700204361e+01 1.910086244700204361e+01
3.516316645079984369e+02 2.381664507998436875e+00 1.388166450799843687e+01 1.963166450799843687e+01 3.038166450799843687e+01 4.381664507998436875e+00 3.483816645079984369e+02
0.000000000000000000e+00 0.000000000000000000e+00 0.000000000000000000e+00 0.000000000000000000e+00 0.000000000000000000e+00 0.000000000000000000e+00 0.000000000000000000e+00
0.000000000000000000e+00 0.000000000000000000e+00 0.000000000000000000e+00 0.000000000000000000e+00 0.000000000000000000e+00 0.000000000000000000e+00 0.000000000000000000e+00
0.000000000000000000e+00 0.000000000000000000e+00 0.000000000000000000e+00 0.000000000000000000e+00 0.000000000000000000e+00 0.000000000000000000e+00 0.000000000000000000e+00
0.000000000000000000e+00 0.000000000000000000e+00 0.000000000000000000e+00 0.000000000000000000e+00 0.000000000000000000e+00 0.000000000000000000e+00 0.000000000000000000e+00
0.000000000000000000e+00 0.000000000000000000e+00 0.000000000000000000e+00 0.000000000000000000e+00 0.000000000000000000e+00 0.000000000000000000e+00 0.000000000000000000e+00
0.000000000000000000e+00 0.000000000000000000e+00 0.000000000000000000e+00 0.000000000000000000e+00 0.000000000000000000e+00 0.000000000000000000e+00 0.000000000000000000e+00
0.000000000000000000e+00 0.000000000000000000e+00 0.000000000000000000e+00 0.000000000000000000e+00 0.000000000000000000e+00 0.000000000000000000e+00 0.000000000000000000e+00
0.000000000000000000e+00 0.000000000000000000e+00 0.000000000000000000e+00 0.000000000000000000e+00 0.000000000000000000e+00 0.000000000000000000e+00 0.000000000000000000e+00
0.000000000000000000e+00 0.000000000000000000e+00 0.000000000000000000e+00 0.000000000000000000e+00 0.000000000000000000e+00 0.000000000000000000e+00 0.000000000000000000e+00
0.000000000000000000e+00 0.000000000000000000e+00 0.000000000000000000e+00 0.000000000000000000e+00 0.000000000000000000e+00 0.000000000000000000e+00 0.000000000000000000e+00
0.000000000000000000e+00 0.000000000000000000e+00 0.000000000000000000e+00 0.000000000000000000e+00 0.000000000000000000e+00 0.000000000000000000e+00 0.000000000000000000e+00
3.824226897574419581e+00 2.824226897574419581e+00 3.824226897574419581e+00 4.574226897574419581e+00 3.074226897574419581e+00 3.242268975744195814e-01 3.595742268975744196e+02
1.864391476125649660e+01 2.514391476125649660e+01 2.314391476125649660e+01 2.143914761256496604e+00 1.239391476125649660e+01 2.564391476125649660e+01 9.893914761256496604e+00
