4.320759202260092025e+00 3.580707592022600920e+02 3.107075920226009202e+01 5.507075920226009202e+01 3.532075920226009202e+01 8.957075920226009202e+01 1.153207592022600920e+02
3.446348717129745296e+02 3.408848717129745296e+02 3.553848717129745296e+02 9.384871712974529601e+00 2.613487171297452960e+01 6.134871712974529601e+00 3.581348717129745296e+02
1.279839060580343357e-01 6.627983906058034336e+00 1.512798390605803434e+01 1.862798390605803434e+01 8.127983906058034336e+00 3.583779839060580343e+02 3.561279839060580343e+02
3.328404722656460990e+02 3.553404722656460990e+02 1.034047226564609900e+01 3.553404722656460990e+02 3.068404722656460990e+02 2.970904722656460990e+02 2.038404722656460990e+02
3.379097629376342979e+02 3.396597629376342979e+02 3.596597629376342979e+02 3.404097629376342979e+02 3.339097629376342979e+02 3.501597629376342979e+02 3.376597629376342979e+02
3.597900948120808948e+02 3.532900948120808948e+02 3.552900948120808948e+02 3.575400948120808948e+02 1.829009481208089483e+01 3.879009481208089483e+01 4.054009481208089483e+01
1.538336106378096702e+00 1.288336106378096702e+00 1.478833610637809670e+01 1.553833610637809670e+01 5.038336106378096702e+00 9.788336106378096702e+00 2.452883361063780967e+02
2.985184697203319502e+02 3.405184697203319502e+02 4.268469720331950157e+00 3.518469720331950157e+00 1.276846972033195016e+01 3.251846972033195016e+01 1.326846972033195016e+01
0.000000000000000000e+00 0.000000000000000000e+00 0.000000000000000000e+00 0.000000000000000000e+00 0.000000000000000000e+00 0.000000000000000000e+00 0.000000000000000000e+00
1.877051104489504496e+01 1.177051104489504496e+01 4.270511044895044961e+00 2.020511044895044961e+00 3.562705110448950450e+02 3.505205110448950450e+02 3.507705110448950450e+02
2.468734386906425016e+01 8.687343869064250157e+00 3.937343869064250157e+00 1.643734386906425016e+01 5.318734386906425016e+01 6.993734386906425016e+01 3.968734386906425016e+01
2.783026923431878004e+02 1.510526923431878004e+02 2.048026923431878004e+02 1.978026923431878004e+02 2.930526923431878004e+02 3.052692343187800361e+00 1.815526923431878004e+02
1.505113401840338838e+01 5.051134018403388382e+00 1.030113401840338838e+01 1.605113401840338838e+01 1.205113401840338838e+01 1.930113401840338838e+01 8.051134018403388382e+00
0.000000000000000000e+00 0.000000000000000000e+00 0.000000000000000000e+00 0.000000000000000000e+00 0.000000000000000000e+00 0.000000000000000000e+00 0.000000000000000000e+00
2.280697683233142925e+00 3.500306976832331429e+02 3.420306976832331429e+02 3.585306976832331429e+02 2.030697683233142925e+00 3.780697683233142925e+00 4.780697683233142925e+00
0.000000000000000000e+00 0.000000000000000000e+00 0.000000000000000000e+00 0.000000000000000000e+00 0.000000000000000000e+00 0.000000000000000000e+00 0.000000000000000000e+00
0.000000000000000000e+00 0.000000000000000000e+00 0.000000000000000000e+00 0.000000000000000000e+00 0.000000000000000000e+00 0.000000000000000000e+00 0.000000000000000000e+00
0.000000000000000000e+00 0.000000000000000000e+00 0.000000000000000000e+00 0.000000000000000000e+00 0.000000000000000000e+00 0.000000000000000000e+00 0.000000000000000000e+00
0.000000000000000000e+00 0.000000000000000000e+00 0.000000000000000000e+00 0.000000000000000000e+00 0.000000000000000000e+00 0.000000000000000000e+00 0.000000000000000000e+00
0.000000000000000000e+00 0.000000000000000000e+00 0.000000000000000000e+00 0.000000000000000000e+00 0.000000000000000000e+00 0.000000000000000000e+00 0.000000000000000000e+00
3.622967751393292701e+01 1.322967751393292701e+01 2.472967751393292701e+01 1.447967751393292701e+01 9.979677513932927013e+00 3.219796775139329270e+02 6.597967751393292701e+01
1.032395391173099597e+01 3.470739539117309960e+02 3.433239539117309960e+02 3.423239539117309960e+02 3.473239539117309960e+02 1.207395391173099597e+01 3.138239539117309960e+02
8.662059681209484552e+00 1.391205968120948455e+01 1.291205968120948455e+01 3.484120596812094846e+02 3.409120596812094846e+02 3.449120596812094846e+02 3.359120596812094846e+02
1.086055418728318500e+01 3.403605541872831850e+02 3.521105541872831850e+02 6.360554187283185001e+00 3.593605541872831850e+02 3.558605541872831850e+02 9.636055418728318500e+01
2.941877906227432504e+00 3.524418779062274325e+02 3.379418779062274325e+02 3.431918779062274325e+02 3.479418779062274325e+02 3.424418779062274325e+02 3.464418779062274325e+02
1.720625411298476592e+01 3.479562541129847659e+02 3.449562541129847659e+02 3.469562541129847659e+02 1.270625411298476592e+01 3.582062541129847659e+02 1.620625411298476592e+01
3.771558619685299618e+01 4.071558619685299618e+01 1.096558619685299618e+01 2.155861968529961814e-01 3.577155861968529962e+02 3.579655861968529962e+02 3.562155861968529962e+02
0.000000000000000000e+00 0.000000000000000000e+00 0.000000000000000000e+00 0.000000000000000000e+00 0.000000000000000000e+00 0.000000000000000000e+00 0.000000000000000000e+00
3.512510026678818349e+02 3.295010026678818349e+02 9.501002667881834896e+00 6.501002667881834896e+00 1.175100266788183490e+01 6.751002667881834896e+00 3.552510026678818349e+02
9.728160677837780668e+01 1.620316067783778067e+02 2.017816067783778067e+02 2.387816067783778067e+02 2.740316067783778067e+02 3.192816067783778067e+02 3.145316067783778067e+02
3.367458120755999857e+02 1.995812075599985747e+00 3.024581207559998575e+01 1.749581207559998575e+01 1.599581207559998575e+01 3.597458120755999857e+02 3.559958120755999857e+02
3.318353641964277472e+02 3.338353641964277472e+02 3.333353641964277472e+02 1.585364196427747174e+00 4.585364196427747174e+00 1.658536419642774717e+01 2.835364196427747174e+00
0.000000000000000000e+00 0.000000000000000000e+00 0.000000000000000000e+00 0.000000000000000000e+00 0.000000000000000000e+00 0.000000000000000000e+00 0.000000000000000000e+00
3.568917365448268697e+02 3.578917365448268697e+02 2.891736544826869704e+00 2.214173654482686970e+01 1.964173654482686970e+01 1.364173654482686970e+01 9.141736544826869704e+00
3.537706872358716055e+02 3.405206872358716055e+02 3.532706872358716055e+02 6.770687235871605480e+00 1.377068723587160548e+01 9.020687235871605480e+00 6.520687235871605480e+00
3.390472680299960189e+02 2.829726802999601887e+01 1.279726802999601887e+01 3.122972680299960189e+02 2.787972680299960189e+02 2.227972680299960189e+02 2.427972680299960189e+02
3.470265449438748533e+02 3.502765449438748533e+02 3.417765449438748533e+02 3.380265449438748533e+02 5.265449438748532884e-01 8.526544943874853288e+00 9.026544943874853288e+00
3.658585486840308931e+01 2.833585486840308931e+01 4.835854868403089313e+00 4.835854868403089313e+00 3.558358548684030893e+02 3.480858548684030893e+02 3.558358548684030893e+02
1.791607108490393330e+01 8.416071084903933297e+00 9.666071084903933297e+00 4.416071084903933297e+00 1.441607108490393330e+01 4.666071084903933297e+00 3.191607108490393330e+01
3.137401811863701369e+02 3.122401811863701369e+02 3.379901811863701369e+02 6.149018118637013686e+01 7.574018118637013686e+01 3.312401811863701369e+02 3.537401811863701369e+02
3.560424795129231939e+02 3.542924795129231939e+02 3.540424795129231939e+02 1.042479512923193852e+00 3.042479512923193852e+00 3.254247951292319385e+01 1.054247951292319385e+01
0.000000000000000000e+00 0.000000000000000000e+00 0.000000000000000000e+00 0.000000000000000000e+00 0.000000000000000000e+00 0.000000000000000000e+00 0.000000000000000000e+00
3.478649811186996885e+02 3.281149811186996885e+02 3.541149811186996885e+02 5.686498111869968852e+01 7.561498111869968852e+01 1.238649811186996885e+02 2.828649811186996885e+02
1.658259221589446497e+00 3.561582592215894465e+02 6.908259221589446497e+00 4.908259221589446497e+00 6.408259221589446497e+00 3.446582592215894465e+02 3.411582592215894465e+02
6.504288792017837295e+01 6.054288792017837295e+01 5.904288792017837295e+01 4.404288792017837295e+01 3.565428879201783730e+02 3.252928879201783730e+02 3.585428879201783730e+02
3.055207524239492614e+02 3.067707524239492614e+02 3.377707524239492614e+02 3.552075242394926136e+01 1.352075242394926136e+01 2.262707524239492614e+02 2.870207524239492614e+02
3.430813615762796189e+02 3.243313615762796189e+02 3.220813615762796189e+02 3.533313615762796189e+02 2.058136157627961893e+01 2.158136157627961893e+01 7.581361576279618930e+00
0.000000000000000000e+00 0.000000000000000000e+00 0.000000000000000000e+00 0.000000000000000000e+00 0.000000000000000000e+00 0.000000000000000000e+00 0.000000000000000000e+00
0.000000000000000000e+00 0.000000000000000000e+00 0.000000000000000000e+00 0.000000000000000000e+00 0.000000000000000000e+00 0.000000000000000000e+00 0.000000000000000000e+00
2.602071037916027763e+01 3.545207103791602776e+02 3.440207103791602776e+02 2.020710379160277625e+00 2.177071037916027763e+01 3.477071037916027763e+01 9.770710379160277625e+00
4.042929259162815470e+01 1.267929259162815470e+01 3.541792925916281547e+02 3.446792925916281547e+02 2.742929259162815470e+01 7.142929259162815470e+01 2.254292925916281547e+02
3.551653842114329223e+02 1.641538421143292226e+01 8.915384211432922257e+00 2.466538421143292226e+01 3.404153842114329223e+02 1.415384211432922257e+00 3.509153842114329223e+02
0.000000000000000000e+00 0.000000000000000000e+00 0.000000000000000000e+00 0.000000000000000000e+00 0.000000000000000000e+00 0.000000000000000000e+00 0.000000000000000000e+00
2.628205562695014805e+02 2.835705562695014805e+02 3.245705562695014805e+02 3.553205562695014805e+02 9.070556269501480529e+00 2.320556269501480529e+00 3.478205562695014805e+02
1.860257502104298055e+01 9.602575021042980552e+00 3.591025750210429806e+02 4.352575021042980552e+00 3.358525750210429806e+02 4.102575021042980552e+00 2.785257502104298055e+01
0.000000000000000000e+00 0.000000000000000000e+00 0.000000000000000000e+00 0.000000000000000000e+00 0.000000000000000000e+00 0.000000000000000000e+00 0.000000000000000000e+00
0.000000000000000000e+00 0.000000000000000000e+00 0.000000000000000000e+00 0.000000000000000000e+00 0.000000000000000000e+00 0.000000000000000000e+00 0.000000000000000000e+00
0.000000000000000000e+00 0.000000000000000000e+00 0.000000000000000000e+00 0.000000000000000000e+00 0.000000000000000000e+00 0.000000000000000000e+00 0.000000000000000000e+00
0.000000000000000000e+00 0.000000000000000000e+00 0.000000000000000000e+00 0.000000000000000000e+00 0.000000000000000000e+00 0.000000000000000000e+00 0.000000000000000000e+00
2.769050915785663847e+01 2.294050915785663847e+01 2.144050915785663847e+01 9.690509157856638467e+00 2.819050915785663847e+01 1.069050915785663847e+01 3.541905091578566385e+02
8.516393680264644672e+01 8.666393680264644672e+01 3.571639368026464467e+02 9.413936802646446722e+00 1.966393680264644672e+01 3.436639368026464467e+02 3.256639368026464467e+02
3.576471328528998015e+02 3.543971328528998015e+02 3.593971328528998015e+02 3.971328528998014917e-01 7.147132852899801492e+00 4.897132852899801492e+00 2.064713285289980149e+01
0.000000000000000000e+00 0.000000000000000000e+00 0.000000000000000000e+00 0.000000000000000000e+00 0.000000000000000000e+00 0.000000000000000000e+00 0.000000000000000000e+00
0.000000000000000000e+00 0.000000000000000000e+00 0.000000000000000000e+00 0.000000000000000000e+00 0.000000000000000000e+00 0.000000000000000000e+00 0.000000000000000000e+00
3.421878112429385510e+02 3.334378112429385510e+02 3.434378112429385510e+02 3.484378112429385510e+02 3.581878112429385510e+02 8.437811242938551004e+00 1.268781124293855100e+01
0.000000000000000000e+00 0.000000000000000000e+00 0.000000000000000000e+00 0.000000000000000000e+00 0.000000000000000000e+00 0.000000000000000000e+00 0.000000000000000000e+00
1.358247814947463894e+01 9.582478149474638940e+00 2.582478149474638940e+00 3.460824781494746389e+02 3.550824781494746389e+02 3.575824781494746389e+02 1.608247814947463894e+01
6.162548323749660995e+00 4.041254832374966099e+01 3.162548323749660995e+00 3.449125483237496610e+02 3.556625483237496610e+02 3.381625483237496610e+02 3.431625483237496610e+02
