7.571959881540176740e-01 6.670710245000122107e-01 5.289318818502475317e-01 3.863264603157718913e-01 2.877462990175342350e-01 3.430351784049001651e-01 6.490907859623475940e-01
9.350163078010910178e-01 9.081120092640341257e-01 9.157651683857278568e-01 9.541688813768234301e-01 9.794270021578442842e-01 9.847846153199419916e-01 9.918912749211237223e-01
9.412077192417632743e-01 9.411207642193957223e-01 9.466714684100908661e-01 9.244694983061542137e-01 8.102489087346373964e-01 8.244749650695317733e-01 9.419149041665968447e-01
9.835946521773341056e-01 9.893708296265998348e-01 9.927103037790020457e-01 9.819544777900932608e-01 9.778049207652413921e-01 9.442620598869105875e-01 9.584381304314733008e-01
9.868914295311186358e-01 9.868104548338141324e-01 9.728412349130458603e-01 9.414389087008250279e-01 9.098739701104081590e-01 4.143930873150021288e-01 9.237029675814610874e-01
9.780130577918689783e-01 9.899813641778091311e-01 9.950035320910528558e-01 9.937677845716397229e-01 9.830654271986644099e-01 9.611486328942737689e-01 9.433261158601424778e-01
9.939893112345389303e-01 9.928836569998317207e-01 9.912257543040680074e-01 9.690688994934364420e-01 7.175576952455721136e-01 5.509886630514208017e-01 9.100044339004831340e-01
9.889066290465875486e-01 9.866422412020805499e-01 9.732880264767538314e-01 9.111739716144354739e-01 6.255005927092340823e-01 7.071764120185016766e-01 7.306900687459622068e-01
0.000000000000000000e+00 0.000000000000000000e+00 0.000000000000000000e+00 0.000000000000000000e+00 0.000000000000000000e+00 0.000000000000000000e+00 0.000000000000000000e+00
9.147667675238869700e-01 9.058960271717918511e-01 8.812128371546232852e-01 8.722760066983206162e-01 7.783497675169603891e-01 7.325280779635088280e-01 8.954214258529146209e-01
9.864031696727423304e-01 9.871684561348867959e-01 9.893291780298516525e-01 9.856988736710403654e-01 9.877742981400867706e-01 3.835867310770005312e-01 4.055556928084717572e-01
7.425965168528469995e-01 6.837690630243580259e-01 6.716966200885103877e-01 6.204313949860580379e-01 5.729868726646388799e-01 5.193938284600044808e-01 5.305286191221757486e-01
9.806297137429916821e-01 9.777685218925408206e-01 9.194314217013155321e-01 7.104415512258255294e-01 5.795926827006073756e-01 6.263669873735124849e-01 7.558639026515797665e-01
0.000000000000000000e+00 0.000000000000000000e+00 0.000000000000000000e+00 0.000000000000000000e+00 0.000000000000000000e+00 0.000000000000000000e+00 0.000000000000000000e+00
9.872469832782756471e-01 9.916851781245350494e-01 9.941212597186704913e-01 9.930981299281862462e-01 9.927987011552571461e-01 9.876010358504305753e-01 9.836054287570777932e-01
0.000000000000000000e+00 0.000000000000000000e+00 0.000000000000000000e+00 0.000000000000000000e+00 0.000000000000000000e+00 0.000000000000000000e+00 0.000000000000000000e+00
0.000000000000000000e+00 0.000000000000000000e+00 0.000000000000000000e+00 0.000000000000000000e+00 0.000000000000000000e+00 0.000000000000000000e+00 0.000000000000000000e+00
0.000000000000000000e+00 0.000000000000000000e+00 0.000000000000000000e+00 0.000000000000000000e+00 0.000000000000000000e+00 0.000000000000000000e+00 0.000000000000000000e+00
0.000000000000000000e+00 0.000000000000000000e+00 0.000000000000000000e+00 0.000000000000000000e+00 0.000000000000000000e+00 0.000000000000000000e+00 0.000000000000000000e+00
0.000000000000000000e+00 0.000000000000000000e+00 0.000000000000000000e+00 0.000000000000000000e+00 0.000000000000000000e+00 0.000000000000000000e+00 0.000000000000000000e+00
9.839393222899704972e-01 9.875140198625332877e-01 9.860348439097528228e-01 9.774545401404773903e-01 9.663085478212313228e-01 9.479836869945055255e-01 8.258832596456995301e-01
9.748887288426550946e-01 9.886926384860001971e-01 9.812538427739602165e-01 9.741183041984157187e-01 9.751273306723409195e-01 5.526257336194577707e-01 9.619796007289015405e-01
9.414574373751730674e-01 9.472591163834250816e-01 9.234475417963653454e-01 8.982920808557520731e-01 9.534576114403847669e-01 9.561108111795376674e-01 9.418725284896826144e-01
9.695091531514308247e-01 9.758169037848420935e-01 9.826409065533111553e-01 9.868787787112325294e-01 9.924292121811525424e-01 9.415012223755514498e-01 5.945705786097359447e-01
7.885752618436695505e-01 7.822900928247187302e-01 7.839287379646662224e-01 8.736537831526413056e-01 9.014324269440694426e-01 9.160635701134305364e-01 9.415862284552752870e-01
9.686491526216844949e-01 9.546979144818650287e-01 8.984381036119788444e-01 9.587463542936327521e-01 9.847257494066621319e-01 8.991593226007388306e-01 8.957632265246650016e-01
9.899377428143031343e-01 9.909025866685245987e-01 9.851826520598425674e-01 9.718470190353858396e-01 9.458792785287769567e-01 9.113962261638016704e-01 8.804488696718747454e-01
0.000000000000000000e+00 0.000000000000000000e+00 0.000000000000000000e+00 0.000000000000000000e+00 0.000000000000000000e+00 0.000000000000000000e+00 0.000000000000000000e+00
9.715324320976139738e-01 9.770648495008714685e-01 9.850653267082952746e-01 9.860717528382293429e-01 9.854412398201914947e-01 9.819781121290890313e-01 9.653890569876242278e-01
9.422425729803797223e-01 9.054564433414841185e-01 8.070815940853813819e-01 5.082428438024865214e-01 5.181913553441928055e-01 4.719808715905776109e-01 4.575931537129239168e-01
9.729583918003760212e-01 9.775265961451231611e-01 9.833832969984581673e-01 9.722873964042767492e-01 9.494960860075478681e-01 7.108291891277909169e-01 9.124031388553199839e-01
9.135319802313346393e-01 8.558699469710484564e-01 7.527773948625655631e-01 7.852011865356753884e-01 8.407298869481569792e-01 9.003251405098182669e-01 8.399937454001376036e-01
0.000000000000000000e+00 0.000000000000000000e+00 0.000000000000000000e+00 0.000000000000000000e+00 0.000000000000000000e+00 0.000000000000000000e+00 0.000000000000000000e+00
9.152505984668194428e-01 8.720164493890906199e-01 7.817873751003735494e-01 9.006846592796432516e-01 9.739822895885560383e-01 9.844105615891884931e-01 9.802025268220042609e-01
9.793124115849141109e-01 9.879255537116899966e-01 9.881873862826686672e-01 9.706817932546976113e-01 8.960388618761105928e-01 4.426924984173413180e-01 5.020218027506840874e-01
3.917825401520554918e-01 2.838509106501690415e-01 1.631136896786966606e-01 2.508253078329493735e-01 7.486912441772666238e-01 9.329312245783731861e-01 7.131049140976305489e-01
6.389549732988729636e-01 5.209234437961764996e-01 8.222529242138956196e-01 9.628449402692611514e-01 9.916421379094577659e-01 9.601071867821352468e-01 9.596726332469559528e-01
9.822314490478613047e-01 9.797784393412835025e-01 9.784723999743575318e-01 9.097715836591196981e-01 9.295190952306866539e-01 7.336627366036578834e-01 3.095245938014496434e-01
8.797440354700105658e-01 8.782392537808479949e-01 8.883198254263342530e-01 8.058365312789058654e-01 7.918330664748872705e-01 6.208108404263358304e-01 5.529439462014644757e-01
