9.222949085656507728e-01 8.413739595791395187e-01 7.150703221410201760e-01 5.248517282467621836e-01 1.752042267227031935e-01 3.149025177144045284e-01 4.866285287705911511e-01
9.386628371055331099e-01 8.797172868734042250e-01 6.367633260254517147e-01 5.799727512051501277e-01 8.217434737659078392e-01 9.509221896930816209e-01 9.709586275799821919e-01
9.494462049976666318e-01 9.494241437953566676e-01 9.367436441450190943e-01 8.773248585330131188e-01 5.433540229239801622e-01 8.368413879435011582e-01 9.554409313641503143e-01
9.737192637680887053e-01 9.737524321445816256e-01 9.808417167923436653e-01 9.827635583092877436e-01 9.812343699180480217e-01 9.283777899276883794e-01 9.149870424374185740e-01
9.605895525520318223e-01 9.478195723480339341e-01 9.572712957276271473e-01 9.497677689714815186e-01 9.617994777587576261e-01 4.638846764482983942e-01 9.064163196620990126e-01
9.602164766153967745e-01 9.842166405493659731e-01 9.928110892431437629e-01 9.933379032773217432e-01 9.872769617814934895e-01 9.636879071615210846e-01 9.649201688148523193e-01
9.257038558775368964e-01 9.270936224278928384e-01 8.940826237281536137e-01 8.293799715932905769e-01 6.867795592530127058e-01 4.100919781522682772e-01 6.791215875762873777e-01
9.826974275227160494e-01 9.880777145546086881e-01 9.831624444188507006e-01 9.140570542088686246e-01 6.716619149015889967e-01 6.388768888290150549e-01 6.093620863516342467e-01
0.000000000000000000e+00 0.000000000000000000e+00 0.000000000000000000e+00 0.000000000000000000e+00 0.000000000000000000e+00 0.000000000000000000e+00 0.000000000000000000e+00
9.596337735028228622e-01 9.526965518730474702e-01 9.085464870488542122e-01 8.295101768430510614e-01 5.769578885467684382e-01 6.278536481865877317e-01 9.216091955833906058e-01
9.611805892661960948e-01 9.573108785355637362e-01 9.337378012613005707e-01 8.188638907341341255e-01 7.425588713269957175e-01 4.305126551125808554e-01 4.483134021680804104e-01
5.490864980740682855e-01 5.069421611082276513e-01 4.913288407498921373e-01 5.050664538672215986e-01 4.804923205424289634e-01 5.366214335471346519e-01 6.332618026817856682e-01
9.786108707602183543e-01 9.685369465920158349e-01 9.653302827393726027e-01 6.109446527704048835e-01 5.965675752251130559e-01 6.699635610919401074e-01 8.889722606683065909e-01
0.000000000000000000e+00 0.000000000000000000e+00 0.000000000000000000e+00 0.000000000000000000e+00 0.000000000000000000e+00 0.000000000000000000e+00 0.000000000000000000e+00
9.743016770243735358e-01 9.877541295296383694e-01 9.929532732872027312e-01 9.882307704149153604e-01 9.907187412307044694e-01 9.952199779513466460e-01 9.906801102007679605e-01
0.000000000000000000e+00 0.000000000000000000e+00 0.000000000000000000e+00 0.000000000000000000e+00 0.000000000000000000e+00 0.000000000000000000e+00 0.000000000000000000e+00
0.000000000000000000e+00 0.000000000000000000e+00 0.000000000000000000e+00 0.000000000000000000e+00 0.000000000000000000e+00 0.000000000000000000e+00 0.000000000000000000e+00
0.000000000000000000e+00 0.000000000000000000e+00 0.000000000000000000e+00 0.000000000000000000e+00 0.000000000000000000e+00 0.000000000000000000e+00 0.000000000000000000e+00
0.000000000000000000e+00 0.000000000000000000e+00 0.000000000000000000e+00 0.000000000000000000e+00 0.000000000000000000e+00 0.000000000000000000e+00 0.000000000000000000e+00
0.000000000000000000e+00 0.000000000000000000e+00 0.000000000000000000e+00 0.000000000000000000e+00 0.000000000000000000e+00 0.000000000000000000e+00 0.000000000000000000e+00
9.824596406076199218e-01 9.817970549333746577e-01 9.453195180434262879e-01 9.377084403973623417e-01 9.629298827147814155e-01 8.573392194502453822e-01 9.303737122135510296e-01
9.805517824412766092e-01 9.860674733289263028e-01 9.861986666689683823e-01 9.660793853815067278e-01 9.396233740580669513e-01 4.827765003180414793e-01 9.634063330084059462e-01
8.643818136139540531e-01 8.981249889907081396e-01 8.773188950609384085e-01 9.120083069639118856e-01 9.441610916277783927e-01 9.613459118014019422e-01 9.794609034528528602e-01
9.812768255631032499e-01 9.758177970903709753e-01 9.752712093607268651e-01 9.793947267562858050e-01 9.879261833698982365e-01 9.829011000596418191e-01 9.789861016550014394e-01
8.966646088992173969e-01 7.956623307721929494e-01 5.681080621796119612e-01 5.048081902317792524e-01 4.241985304380683774e-01 6.249588468960090015e-01 8.893110439605814710e-01
9.486974245081162271e-01 9.679590254503440683e-01 9.598228032990914205e-01 9.665461287132137702e-01 9.555035372877693778e-01 8.213910512790100205e-01 8.886916557062289890e-01
9.768345124901843812e-01 9.729032832550541521e-01 9.606905124243271255e-01 9.607970152674109032e-01 9.242301588119371525e-01 8.627346126483146360e-01 9.750408738969915667e-01
0.000000000000000000e+00 0.000000000000000000e+00 0.000000000000000000e+00 0.000000000000000000e+00 0.000000000000000000e+00 0.000000000000000000e+00 0.000000000000000000e+00
9.612726698650844170e-01 9.706242636390436385e-01 9.825569627668373496e-01 9.845144154854235108e-01 9.841623497917141306e-01 9.763512998308810920e-01 9.792053773867824829e-01
9.662421821784633602e-01 9.499329702974326217e-01 7.609603700264137016e-01 4.938736264024931044e-01 2.371203839346062714e-01 2.856291249541834110e-01 6.672556510528797613e-01
9.347362531552663167e-01 9.566496244984828978e-01 9.752676916041697064e-01 9.761253856891011216e-01 9.659886455286661455e-01 8.653998796661400705e-01 9.853599080810248045e-01
7.774239881560071064e-01 7.399118692110990825e-01 7.526838112760796395e-01 8.213175073102253476e-01 8.599434303279145375e-01 8.938532777271209762e-01 9.608543009626542286e-01
0.000000000000000000e+00 0.000000000000000000e+00 0.000000000000000000e+00 0.000000000000000000e+00 0.000000000000000000e+00 0.000000000000000000e+00 0.000000000000000000e+00
7.151734290753098966e-01 7.717706857428052736e-01 4.163877005157197164e-01 5.337251248746337495e-01 6.511547167534390557e-01 7.595092944769820109e-01 8.407133794476984168e-01
9.714468351853892125e-01 9.820529455065286628e-01 9.867774618362448180e-01 9.780346130621888623e-01 9.020122389590971013e-01 7.056615779924974019e-01 9.777188100924428804e-01
4.310360058460509514e-01 6.389538926882221137e-01 8.060013223767534818e-01 4.341856104319569698e-01 3.412594602989309500e-01 6.001943093048547340e-01 6.377651488788294021e-01
8.756125320358835173e-01 9.333646894976568298e-01 9.582290193918315824e-01 9.807413204995352185e-01 9.821548019047237066e-01 9.591038078735211192e-01 9.701117606914845259e-01
9.087430813707794153e-01 8.909448530658113929e-01 9.130306942722750119e-01 9.484098799365736632e-01 7.934000544143305911e-01 7.138227701502253275e-01 6.380181944905258806e-01
8.493076850724902149e-01 8.067473803410872835e-01 6.175960742808709325e-01 6.570909418461738927e-01 3.862855925488246633e-01 2.899423060332371738e-01 5.605509929866926422e-01
