6.808946629733655387e-01 4.849848545573519076e-01 6.156611325763273745e-01 5.514702179288978323e-01 6.157071496172660252e-01 6.347673775290884057e-01 2.113561976272224363e-01
8.750989290679718202e-01 9.187609289425017201e-01 9.445348208119459521e-01 8.920032186148504350e-01 7.919661780278225427e-01 7.921123654503388067e-01 6.599020835327559231e-01
7.647726856470051793e-01 6.581284781494147751e-01 3.568137544281277940e-01 5.304635635535163152e-01 7.879604065228047460e-01 9.081017484045456056e-01 9.639638293206429509e-01
8.104679924916811107e-01 9.131018829295988182e-01 9.174151065606228617e-01 9.371706930033314453e-01 9.075772072973643523e-01 6.985518809902765414e-01 4.733995561617254100e-01
7.748919992517226962e-01 9.028898135420041493e-01 9.021886131396570363e-01 9.134474529523796127e-01 9.233196435171227012e-01 7.941714279592081427e-01 5.120009880046056949e-01
9.050416748196619121e-01 8.302012079494252017e-01 8.554732692061574051e-01 9.183589269970352520e-01 8.358043947313823496e-01 7.178294514730653164e-01 6.621100685483765069e-01
8.261439110799916330e-01 8.995813864850085162e-01 9.122980045193136434e-01 7.088340917223716620e-01 7.719301982064089573e-01 8.646414662329944267e-01 7.591286604812524930e-01
7.564739165732302650e-01 7.725530473476545090e-01 6.498166742621654945e-01 5.985748230523088020e-01 3.810337553753693762e-01 7.221142168103352743e-01 8.908108154152388769e-01
0.000000000000000000e+00 0.000000000000000000e+00 0.000000000000000000e+00 0.000000000000000000e+00 0.000000000000000000e+00 0.000000000000000000e+00 0.000000000000000000e+00
8.305418069940976311e-01 7.931909875610977378e-01 6.095555283497265942e-01 7.731105227964432114e-01 8.787334562395322513e-01 9.348033297191635782e-01 9.688364071865122051e-01
3.848121713065809635e-01 3.426768485037312573e-01 4.169684241871687291e-01 5.180233052174316732e-01 3.570055558888398095e-01 3.312385294599771157e-01 6.278349612870952612e-01
5.042354527834945754e-01 1.825912350730739264e-01 3.495551653039417617e-01 4.072075311898424310e-01 1.913788677596301724e-01 4.778048207260429114e-01 6.005539086148669048e-01
6.532098653693639845e-01 7.645575973379805657e-01 9.319995021772270460e-01 9.402975964393345265e-01 8.833626543994256286e-01 8.856713882432133422e-01 9.236817082620787378e-01
0.000000000000000000e+00 0.000000000000000000e+00 0.000000000000000000e+00 0.000000000000000000e+00 0.000000000000000000e+00 0.000000000000000000e+00 0.000000000000000000e+00
8.341246327799840543e-01 9.357968438186363702e-01 9.733901400762364764e-01 9.688170658876963381e-01 9.555729928253192673e-01 9.649618165923037338e-01 9.355278643508456726e-01
0.000000000000000000e+00 0.000000000000000000e+00 0.000000000000000000e+00 0.000000000000000000e+00 0.000000000000000000e+00 0.000000000000000000e+00 0.000000000000000000e+00
0.000000000000000000e+00 0.000000000000000000e+00 0.000000000000000000e+00 0.000000000000000000e+00 0.000000000000000000e+00 0.000000000000000000e+00 0.000000000000000000e+00
0.000000000000000000e+00 0.000000000000000000e+00 0.000000000000000000e+00 0.000000000000000000e+00 0.000000000000000000e+00 0.000000000000000000e+00 0.000000000000000000e+00
0.000000000000000000e+00 0.000000000000000000e+00 0.000000000000000000e+00 0.000000000000000000e+00 0.000000000000000000e+00 0.000000000000000000e+00 0.000000000000000000e+00
0.000000000000000000e+00 0.000000000000000000e+00 0.000000000000000000e+00 0.000000000000000000e+00 0.000000000000000000e+00 0.000000000000000000e+00 0.000000000000000000e+00
8.885756871667341850e-01 7.658498460655324136e-01 5.978245327340939719e-01 4.719953216209027413e-01 5.079758182051444804e-01 6.708167820090180644e-01 5.700143124420113949e-01
8.557021729793962139e-01 8.764830981978837254e-01 7.918275818493583085e-01 8.883706278213561180e-01 9.315013189026143392e-01 9.116225347353107411e-01 9.402295241042697427e-01
7.253041691505889288e-01 7.141643694142371102e-01 6.849270686331234703e-01 6.444499903833875720e-01 8.602518787506722164e-01 9.543375279687414947e-01 9.569817511041472935e-01
9.339246744494245078e-01 8.833285927765638368e-01 7.900614824633674926e-01 9.031458281447312109e-01 9.542921825754165921e-01 8.883419518707005302e-01 8.364084803788970346e-01
6.998531488883360518e-01 7.755005143235695897e-01 7.694190097005021434e-01 6.590345679641010923e-01 7.110389619919182946e-01 8.335651735812886765e-01 9.113450739536262946e-01
8.821523986325978672e-01 9.097614407474121645e-01 8.918090781176882809e-01 8.804365308513572019e-01 8.477473503496495422e-01 8.452071975253230285e-01 7.524712501892250049e-01
8.730638445699139272e-01 8.661694090372873411e-01 8.280659470326765526e-01 9.117102915327409685e-01 9.119466721556064304e-01 9.727793569443936583e-01 9.930512924211246650e-01
0.000000000000000000e+00 0.000000000000000000e+00 0.000000000000000000e+00 0.000000000000000000e+00 0.000000000000000000e+00 0.000000000000000000e+00 0.000000000000000000e+00
9.532906425786468185e-01 9.123379103724266193e-01 8.618826563523303008e-01 8.885974130966465268e-01 8.802474955346403229e-01 8.168272253173429753e-01 7.956973976769705637e-01
6.583511148305712934e-01 8.699709225873798468e-01 8.639308653198255472e-01 7.272065585263606247e-01 4.258911953832011932e-01 2.513737841490921721e-01 5.988731637489976833e-01
9.352011670710905777e-01 9.434101825112011230e-01 9.288140153321599035e-01 7.059113383791727481e-01 7.979338538798111946e-01 9.037703104193028913e-01 9.464673849403186789e-01
8.667809796130645505e-01 9.134776892232918666e-01 9.396489480253733539e-01 8.845590561209413227e-01 8.563265270092330628e-01 8.708254422147287954e-01 8.383940748715313918e-01
0.000000000000000000e+00 0.000000000000000000e+00 0.000000000000000000e+00 0.000000000000000000e+00 0.000000000000000000e+00 0.000000000000000000e+00 0.000000000000000000e+00
6.609966189377576296e-01 8.434206371442053429e-01 9.335445949624940898e-01 9.549806037223880217e-01 9.749194870855478756e-01 9.803189508136922470e-01 9.878436806913772905e-01
9.175795305319425221e-01 8.867202271907701494e-01 7.309094320783217080e-01 7.486262241335751577e-01 8.381374635322070832e-01 9.160264138397297140e-01 9.641941948691645781e-01
9.096283332775122465e-01 7.731053081656158454e-01 6.053584003070421327e-01 7.144823096759389536e-01 7.028303545200365043e-01 3.858913452926203691e-01 1.655868139477575662e-01
5.659728744593567340e-01 5.196821044127425404e-01 5.525669132312779341e-01 7.299691193940726075e-01 8.608444803287337299e-01 8.443850098012897210e-01 8.595804849166748252e-01
7.937393876522121916e-01 8.911447910011351947e-01 8.806024442923965356e-01 5.053210827094285484e-01 2.672920922042021918e-01 1.641633709204634584e-01 2.017375395709252450e-01
5.041452642231846193e-01 5.450538939834285168e-01 6.577552213313424545e-01 7.120712918052725104e-01 8.545155706560433329e-01 9.002639474725691038e-01 9.285340256983812823e-01
