3.533771820952275107e+02 3.563771820952275107e+02 3.541271820952275107e+02 3.416271820952275107e+02 3.453771820952275107e+02 1.862718209522748936e+01 2.012718209522748936e+01
3.574670394967165521e+02 3.597170394967165521e+02 1.967039496716580516e+00 1.717039496716580516e+00 3.599670394967165521e+02 3.447170394967165521e+02 3.352170394967165521e+02
0.000000000000000000e+00 0.000000000000000000e+00 0.000000000000000000e+00 0.000000000000000000e+00 0.000000000000000000e+00 0.000000000000000000e+00 0.000000000000000000e+00
0.000000000000000000e+00 0.000000000000000000e+00 0.000000000000000000e+00 0.000000000000000000e+00 0.000000000000000000e+00 0.000000000000000000e+00 0.000000000000000000e+00
4.766734787135192164e+01 6.441734787135192164e+01 6.716734787135192164e+01 5.616734787135192164e+01 6.167347871351921640e+00 3.594173478713519216e+02 1.866734787135192164e+01
0.000000000000000000e+00 0.000000000000000000e+00 0.000000000000000000e+00 0.000000000000000000e+00 0.000000000000000000e+00 0.000000000000000000e+00 0.000000000000000000e+00
3.065182385935941056e+01 2.615182385935941056e+01 1.115182385935941056e+01 3.401823859359410562e+00 1.140182385935941056e+01 9.018238593594105623e-01 1.865182385935941056e+01
1.941524351633148626e+00 3.441524351633148626e+00 1.144152435163314863e+01 1.869152435163314863e+01 2.069152435163314863e+01 1.494152435163314863e+01 7.191524351633148626e+00
0.000000000000000000e+00 0.000000000000000000e+00 0.000000000000000000e+00 0.000000000000000000e+00 0.000000000000000000e+00 0.000000000000000000e+00 0.000000000000000000e+00
0.000000000000000000e+00 0.000000000000000000e+00 0.000000000000000000e+00 0.000000000000000000e+00 0.000000000000000000e+00 0.000000000000000000e+00 0.000000000000000000e+00
3.593555909587619226e+02 2.605590958761894171e+00 2.963555909587619226e+02 3.183555909587619226e+02 7.855590958761894171e+00 2.410559095876189417e+01 4.810559095876189417e+01
2.608151037698687560e+02 2.730651037698687560e+02 3.483151037698687560e+02 2.315103769868770200e+00 3.520651037698687560e+02 2.506510376986877020e+01 7.831510376986877020e+01
3.559659190032216429e+02 3.577159190032216429e+02 3.562159190032216429e+02 3.534659190032216429e+02 3.509659190032216429e+02 3.547159190032216429e+02 4.465919003221671346e+00
2.936127342022075482e+00 4.361273420220754815e-01 3.571861273420220755e+02 3.549361273420220755e+02 3.534361273420220755e+02 3.476861273420220755e+02 3.546861273420220755e+02
1.943107032303345250e+00 6.931070323033452496e-01 3.571931070323033737e+02 3.519431070323033737e+02 3.491931070323033737e+02 3.414431070323033737e+02 3.539431070323033737e+02
0.000000000000000000e+00 0.000000000000000000e+00 0.000000000000000000e+00 0.000000000000000000e+00 0.000000000000000000e+00 0.000000000000000000e+00 0.000000000000000000e+00
0.000000000000000000e+00 0.000000000000000000e+00 0.000000000000000000e+00 0.000000000000000000e+00 0.000000000000000000e+00 0.000000000000000000e+00 0.000000000000000000e+00
2.969153697613762688e+01 2.219153697613762688e+01 2.419153697613762688e+01 2.769153697613762688e+01 2.819153697613762688e+01 1.594153697613762688e+01 5.691536976137626880e+00
3.578834276147001674e+02 3.591334276147001674e+02 6.334276147001673962e-01 1.133427614700167396e+00 3.518834276147001674e+02 3.226334276147001674e+02 3.086334276147001674e+02
0.000000000000000000e+00 0.000000000000000000e+00 0.000000000000000000e+00 0.000000000000000000e+00 0.000000000000000000e+00 0.000000000000000000e+00 0.000000000000000000e+00
0.000000000000000000e+00 0.000000000000000000e+00 0.000000000000000000e+00 0.000000000000000000e+00 0.000000000000000000e+00 0.000000000000000000e+00 0.000000000000000000e+00
2.582678473115123552e+01 2.257678473115123552e+01 1.932678473115123552e+01 1.107678473115123552e+01 3.583267847311512355e+02 3.503267847311512355e+02 3.555767847311512355e+02
9.333435149341084980e+00 6.583435149341084980e+00 3.595834351493410850e+02 3.553334351493410850e+02 3.583435149341084980e+00 1.433343514934108498e+01 3.308343514934108498e+01
0.000000000000000000e+00 0.000000000000000000e+00 0.000000000000000000e+00 0.000000000000000000e+00 0.000000000000000000e+00 0.000000000000000000e+00 0.000000000000000000e+00
1.463064875039205504e+01 3.538806487503920835e+02 3.478806487503920835e+02 3.518806487503920835e+02 5.263064875039205504e+01 6.938064875039205504e+01 6.313064875039205504e+01
3.562144803543042713e+02 3.562144803543042713e+02 3.557144803543042713e+02 3.589644803543042713e+02 1.464480354304271259e+00 3.529644803543042713e+02 3.419644803543042713e+02
0.000000000000000000e+00 0.000000000000000000e+00 0.000000000000000000e+00 0.000000000000000000e+00 0.000000000000000000e+00 0.000000000000000000e+00 0.000000000000000000e+00
0.000000000000000000e+00 0.000000000000000000e+00 0.000000000000000000e+00 0.000000000000000000e+00 0.000000000000000000e+00 0.000000000000000000e+00 0.000000000000000000e+00
3.467204217917049505e+02 3.497204217917049505e+02 3.442204217917049505e+02 3.252204217917049505e+02 1.220421791704950465e+00 3.232204217917049505e+02 2.967204217917049505e+02
1.783315570905301684e+00 1.228331557090530168e+01 8.283315570905301684e+00 5.783315570905301684e+00 9.533315570905301684e+00 9.033315570905301684e+00 2.283315570905301684e+00
0.000000000000000000e+00 0.000000000000000000e+00 0.000000000000000000e+00 0.000000000000000000e+00 0.000000000000000000e+00 0.000000000000000000e+00 0.000000000000000000e+00
5.924951905951676423e+00 3.542495190595167287e+01 7.142495190595167287e+01 6.767495190595167287e+01 4.717495190595167287e+01 5.492495190595167287e+01 1.967495190595167287e+01
0.000000000000000000e+00 0.000000000000000000e+00 0.000000000000000000e+00 0.000000000000000000e+00 0.000000000000000000e+00 0.000000000000000000e+00 0.000000000000000000e+00
6.718307049270265452e+00 5.968307049270265452e+00 4.468307049270265452e+00 3.597183070492702655e+02 3.584683070492702655e+02 3.218307049270265452e+00 1.071830704927026545e+01
2.256019424600879120e+00 3.580060194246008791e+02 3.572560194246008791e+02 1.000601942460087912e+01 1.075601942460087912e+01 3.585060194246008791e+02 3.577560194246008791e+02
1.045207543086888791e+00 2.952075430868887906e-01 4.520754308688879064e-02 1.045207543086888791e+00 3.545207543086888791e+00 3.490452075430869172e+02 3.525452075430869172e+02
3.909561087114127531e+00 3.659561087114127531e+00 4.409561087114127531e+00 3.659561087114127531e+00 2.409561087114127531e+00 3.599095610871141275e+02 2.909561087114127531e+00
3.597852495044116949e+02 3.597852495044116949e+02 3.575352495044116949e+02 3.550352495044116949e+02 3.582852495044116949e+02 2.535249504411694943e+00 3.285249504411694943e+00
2.048387967713131275e+01 2.423387967713131275e+01 2.323387967713131275e+01 2.148387967713131275e+01 1.473387967713131275e+01 1.698387967713131275e+01 4.233879677131312746e+00
0.000000000000000000e+00 0.000000000000000000e+00 0.000000000000000000e+00 0.000000000000000000e+00 0.000000000000000000e+00 0.000000000000000000e+00 0.000000000000000000e+00
1.843437065291794852e+00 1.843437065291794852e+00 3.595934370652918233e+02 3.578434370652918233e+02 3.583434370652918233e+02 3.580934370652918233e+02 3.465934370652918233e+02
0.000000000000000000e+00 0.000000000000000000e+00 0.000000000000000000e+00 0.000000000000000000e+00 0.000000000000000000e+00 0.000000000000000000e+00 0.000000000000000000e+00
0.000000000000000000e+00 0.000000000000000000e+00 0.000000000000000000e+00 0.000000000000000000e+00 0.000000000000000000e+00 0.000000000000000000e+00 0.000000000000000000e+00
3.415572336092819796e+02 4.057233609282008047e+00 4.480723360928200805e+01 5.005723360928200805e+01 3.880723360928200805e+01 4.057233609282008047e+00 5.557233609282008047e+00
3.498299376002672716e+02 3.458299376002672716e+02 3.368299376002672716e+02 3.458299376002672716e+02 1.307993760026727159e+01 1.157993760026727159e+01 3.595799376002672716e+02
7.347413182540861953e+00 3.347413182540861953e+00 1.347413182540861953e+00 7.347413182540861953e+00 1.159741318254086195e+01 3.383474131825408904e+02 3.288474131825408904e+02
6.311667141781958890e+01 6.936667141781958890e+01 7.161667141781958890e+01 6.936667141781958890e+01 2.036667141781958890e+01 2.938666714178195889e+02 3.501166714178195889e+02
4.832390850737743904e+01 5.432390850737743904e+01 5.982390850737743904e+01 5.432390850737743904e+01 3.338239085073774390e+02 2.903239085073774390e+02 3.588239085073774390e+02
1.348468173963374284e+01 1.498468173963374284e+01 1.148468173963374284e+01 6.484681739633742836e+00 9.984681739633742836e+00 1.273468173963374284e+01 8.234681739633742836e+00
0.000000000000000000e+00 0.000000000000000000e+00 0.000000000000000000e+00 0.000000000000000000e+00 0.000000000000000000e+00 0.000000000000000000e+00 0.000000000000000000e+00
5.218812777867071873e+00 5.718812777867071873e+00 2.718812777867071873e+00 3.572188127778670719e+02 2.188127778670718726e-01 3.529688127778670719e+02 3.579688127778670719e+02
5.232049775283712734e+00 3.982049775283712734e+00 4.482049775283712734e+00 9.982049775283712734e+00 3.184820497752837127e+02 3.299820497752837127e+02 1.323204977528371273e+01
3.103904900013611723e+01 3.528904900013611723e+01 4.378904900013611723e+01 1.653904900013611723e+01 5.289049000136117229e+00 9.789049000136117229e+00 8.789049000136117229e+00
3.427596438369870953e+02 3.230096438369870953e+02 2.907596438369870953e+02 2.847596438369870953e+02 3.465096438369870953e+02 1.600964383698709526e+01 2.596438369870952556e-01
3.562845173934518357e+02 3.582845173934518357e+02 1.284517393451835687e+00 7.845173934518356873e-01 3.570345173934518357e+02 3.412845173934518357e+02 2.835345173934518357e+02
2.013810713545774433e+01 1.588810713545774433e+01 1.288810713545774433e+01 1.063810713545774433e+01 1.613810713545774433e+01 1.513810713545774433e+01 3.338881071354577443e+02
3.475356731053851149e+02 3.470356731053851149e+02 3.485356731053851149e+02 3.500356731053851149e+02 3.525356731053851149e+02 3.565356731053851149e+02 3.567856731053851149e+02
3.471221295029146177e+02 3.466221295029146177e+02 3.481221295029146177e+02 3.496221295029146177e+02 3.521221295029146177e+02 3.561221295029146177e+02 3.563721295029146177e+02
0.000000000000000000e+00 0.000000000000000000e+00 0.000000000000000000e+00 0.000000000000000000e+00 0.000000000000000000e+00 0.000000000000000000e+00 0.000000000000000000e+00
3.827725476277635153e+00 3.077725476277635153e+00 7.827725476277635153e+00 8.577725476277635153e+00 3.193277254762776352e+02 3.095777254762776352e+02 3.373277254762776352e+02
0.000000000000000000e+00 0.000000000000000000e+00 0.000000000000000000e+00 0.000000000000000000e+00 0.000000000000000000e+00 0.000000000000000000e+00 0.000000000000000000e+00
3.543063362149979412e+02 5.556336214997941170e+00 1.205633621499794117e+01 7.306336214997941170e+00 3.583063362149979412e+02 3.550563362149979412e+02 3.540563362149979412e+02
0.000000000000000000e+00 0.000000000000000000e+00 0.000000000000000000e+00 0.000000000000000000e+00 0.000000000000000000e+00 0.000000000000000000e+00 0.000000000000000000e+00
3.055248190497322867e+02 3.482748190497322867e+02 2.477481904973225824e+01 1.702481904973225824e+01 3.137748190497322867e+02 2.885248190497322867e+02 9.402481904973225824e+01
0.000000000000000000e+00 0.000000000000000000e+00 0.000000000000000000e+00 0.000000000000000000e+00 0.000000000000000000e+00 0.000000000000000000e+00 0.000000000000000000e+00
0.000000000000000000e+00 0.000000000000000000e+00 0.000000000000000000e+00 0.000000000000000000e+00 0.000000000000000000e+00 0.000000000000000000e+00 0.000000000000000000e+00
1.648749888858122858e+01 1.673749888858122858e+01 1.723749888858122858e+01 1.748749888858122858e+01 1.898749888858122858e+01 5.098749888858122858e+01 3.357374988885812286e+02
1.503742523735382974e+00 2.503742523735382974e+00 1.675374252373538297e+01 2.500374252373538297e+01 2.325374252373538297e+01 1.975374252373538297e+01 6.753742523735382974e+00
9.219832711930393998e+00 7.969832711930393998e+00 1.096983271193039400e+01 9.719832711930393998e+00 3.996983271193039400e+01 6.096983271193039400e+01 8.719832711930393998e+00
0.000000000000000000e+00 0.000000000000000000e+00 0.000000000000000000e+00 0.000000000000000000e+00 0.000000000000000000e+00 0.000000000000000000e+00 0.000000000000000000e+00
2.462288507659121706e+01 2.187288507659121706e+01 1.737288507659121706e+01 1.887288507659121706e+01 3.662288507659121706e+01 3.446228850765912171e+02 3.368728850765912171e+02
0.000000000000000000e+00 0.000000000000000000e+00 0.000000000000000000e+00 0.000000000000000000e+00 0.000000000000000000e+00 0.000000000000000000e+00 0.000000000000000000e+00
0.000000000000000000e+00 0.000000000000000000e+00 0.000000000000000000e+00 0.000000000000000000e+00 0.000000000000000000e+00 0.000000000000000000e+00 0.000000000000000000e+00
2.067928038126541423e+01 3.596792803812654142e+02 3.589292803812654142e+02 1.042928038126541423e+01 3.367928038126541423e+01 2.042928038126541423e+01 3.544292803812654142e+02
0.000000000000000000e+00 0.000000000000000000e+00 0.000000000000000000e+00 0.000000000000000000e+00 0.000000000000000000e+00 0.000000000000000000e+00 0.000000000000000000e+00
5.343970242879890975e+00 1.009397024287989098e+01 1.584397024287989098e+01 2.093970242879890975e+00 3.545939702428798910e+02 8.343970242879890975e+00 3.525939702428798910e+02
3.548888362427987317e+02 3.508888362427987317e+02 5.638836242798731746e+00 8.388836242798731746e+00 7.888836242798731746e+00 3.563888362427987317e+02 2.038883624279873175e+01
1.199949558956251394e+01 1.399949558956251394e+01 2.574949558956251394e+01 2.424949558956251394e+01 2.149949558956251394e+01 4.994955895625139419e-01 2.199949558956251394e+01
3.580588208980112199e+02 3.575588208980112199e+02 9.558820898011209266e+00 3.305882089801121992e+01 3.330882089801121992e+01 2.155882089801120927e+01 2.308820898011209266e+00
1.489433057390596105e+01 1.814433057390596105e+01 3.689433057390596105e+01 3.839433057390596105e+01 2.239433057390596105e+01 3.689433057390596105e+01 4.914433057390596105e+01
0.000000000000000000e+00 0.000000000000000000e+00 0.000000000000000000e+00 0.000000000000000000e+00 0.000000000000000000e+00 0.000000000000000000e+00 0.000000000000000000e+00
1.667491293501251448e+01 1.342491293501251448e+01 9.249129350125144811e-01 1.292491293501251448e+01 1.642491293501251448e+01 6.424912935012514481e+00 3.501749129350125145e+02
3.467366658663947305e+02 3.477366658663947305e+02 3.507366658663947305e+02 3.567366658663947305e+02 3.574866658663947305e+02 6.736665866394730529e+00 3.447366658663947305e+02
3.104420156908400941e+01 1.854420156908400941e+01 1.304420156908400941e+01 8.044201569084009407e+00 2.544201569084009407e+00 7.942015690840094067e-01 2.942015690840094067e-01
3.381680824342548419e+01 2.331680824342548419e+01 4.316808243425484193e+00 1.331680824342548419e+01 2.956680824342548419e+01 6.316808243425484193e+00 3.505668082434254984e+02
1.589533240932257740e+01 1.739533240932257740e+01 1.789533240932257740e+01 1.514533240932257740e+01 6.145332409322577405e+00 3.588953324093225774e+02 1.114533240932257740e+01
1.578777127762384680e+01 1.728777127762384680e+01 1.753777127762384680e+01 1.528777127762384680e+01 5.787771277623846800e+00 3.590377712776238468e+02 1.103777127762384680e+01
1.853639334003906924e+01 2.153639334003906924e+01 2.653639334003906924e+01 2.128639334003906924e+01 1.303639334003906924e+01 1.303639334003906924e+01 3.540363933400390692e+02
0.000000000000000000e+00 0.000000000000000000e+00 0.000000000000000000e+00 0.000000000000000000e+00 0.000000000000000000e+00 0.000000000000000000e+00 0.000000000000000000e+00
0.000000000000000000e+00 0.000000000000000000e+00 0.000000000000000000e+00 0.000000000000000000e+00 0.000000000000000000e+00 0.000000000000000000e+00 0.000000000000000000e+00
0.000000000000000000e+00 0.000000000000000000e+00 0.000000000000000000e+00 0.000000000000000000e+00 0.000000000000000000e+00 0.000000000000000000e+00 0.000000000000000000e+00
1.465587746678053804e+01 1.990587746678053804e+01 1.140587746678053804e+01 3.006558774667805665e+02 2.946558774667805665e+02 3.459058774667805665e+02 7.465587746678053804e+01
2.296695231000853710e+01 4.296695231000853710e+01 6.971695231000853710e+01 7.746695231000853710e+01 7.246695231000853710e+01 2.271695231000853710e+01 3.422169523100085371e+02
3.599187541935873469e+02 3.561687541935873469e+02 3.569187541935873469e+02 1.491875419358734689e+01 1.716875419358734689e+01 5.668754193587346890e+00 1.687541935873468901e-01
0.000000000000000000e+00 0.000000000000000000e+00 0.000000000000000000e+00 0.000000000000000000e+00 0.000000000000000000e+00 0.000000000000000000e+00 0.000000000000000000e+00
3.554813105450320450e+02 3.552313105450320450e+02 3.572313105450320450e+02 4.981310545032044956e+00 8.981310545032044956e+00 5.231310545032044956e+00 1.073131054503204496e+01
3.544084101518556054e+02 3.521584101518556054e+02 5.158410151855605363e+00 1.340841015185560536e+01 8.658410151855605363e+00 3.539084101518556054e+02 3.566584101518556054e+02
3.484595931577079000e+02 3.412095931577079000e+02 3.394595931577079000e+02 3.324595931577079000e+02 3.369595931577079000e+02 4.459593157707928412e+00 9.595931577079284125e-01
3.760895452056780641e+01 3.485895452056780641e+01 1.935895452056780641e+01 9.608954520567806412e+00 1.285895452056780641e+01 4.608954520567806412e+00 1.435895452056780641e+01
3.375853750203484083e+02 3.440853750203484083e+02 3.558353750203484083e+02 1.258537502034840827e+01 1.733537502034840827e+01 1.335375020348408270e+00 3.598353750203484083e+02
3.353731970484742533e+02 3.403731970484742533e+02 3.536231970484742533e+02 6.873197048474224857e+00 8.123197048474224857e+00 3.583731970484742533e+02 3.583731970484742533e+02
3.368029672789795086e+02 3.435529672789795086e+02 3.528029672789795086e+02 9.052967278979508592e+00 9.302967278979508592e+00 3.450529672789795086e+02 3.560529672789795086e+02
2.362036354979238695e+01 1.962036354979238695e+01 1.037036354979238695e+01 1.087036354979238695e+01 1.062036354979238695e+01 1.620363549792386948e+00 1.262036354979238695e+01
3.064150406345788724e+01 1.964150406345788724e+01 3.891504063457887241e+00 3.598915040634578872e+02 3.641504063457887241e+00 3.583915040634578872e+02 5.641504063457887241e+00
3.567938770229275747e+02 6.043877022927574671e+00 1.654387702292757467e+01 1.254387702292757467e+01 3.487938770229275747e+02 3.475438770229275747e+02 3.587938770229275747e+02
0.000000000000000000e+00 0.000000000000000000e+00 0.000000000000000000e+00 0.000000000000000000e+00 0.000000000000000000e+00 0.000000000000000000e+00 0.000000000000000000e+00
1.252548288387686171e+01 2.548288387686170609e-02 3.535254828838768617e+02 3.382754828838768617e+02 2.875254828838768617e+02 2.877754828838768617e+02 8.527548288387686171e+01
2.308275860060120976e+01 2.533275860060120976e+01 4.358275860060120976e+01 5.083275860060120976e+01 5.083275860060120976e+01 5.808275860060120976e+01 6.208275860060120976e+01
3.491690769004110280e+02 3.584190769004110280e+02 2.169076900411027964e+00 3.579190769004110280e+02 3.519190769004110280e+02 3.471690769004110280e+02 3.451690769004110280e+02
2.182877394971637841e+01 2.507877394971637841e+01 2.707877394971637841e+01 2.532877394971637841e+01 1.957877394971637841e+01 6.078773949716378411e+00 3.583287739497163784e+02
2.611389183648763606e+02 2.811389183648763606e+02 3.241389183648763606e+02 3.471389183648763606e+02 3.071389183648763606e+02 3.293889183648763606e+02 3.371389183648763606e+02
0.000000000000000000e+00 0.000000000000000000e+00 0.000000000000000000e+00 0.000000000000000000e+00 0.000000000000000000e+00 0.000000000000000000e+00 0.000000000000000000e+00
0.000000000000000000e+00 0.000000000000000000e+00 0.000000000000000000e+00 0.000000000000000000e+00 0.000000000000000000e+00 0.000000000000000000e+00 0.000000000000000000e+00
3.372975189706265837e+02 8.797518970626555301e+00 6.047518970626555301e+00 3.797518970626555301e+00 1.454751897062655530e+01 1.679751897062655530e+01 2.797518970626555301e+00
0.000000000000000000e+00 0.000000000000000000e+00 0.000000000000000000e+00 0.000000000000000000e+00 0.000000000000000000e+00 0.000000000000000000e+00 0.000000000000000000e+00
1.633942255230192586e+01 1.033942255230192586e+01 5.089422552301925862e+00 9.089422552301925862e+00 2.658942255230192586e+01 3.383942255230192586e+01 1.108942255230192586e+01
2.096233697178917055e+01 1.521233697178917055e+01 4.462336971789170548e+00 3.554623369717891705e+02 1.571233697178917055e+01 5.246233697178917055e+01 6.996233697178917055e+01
3.574697185289070376e+02 3.582197185289070376e+02 3.592197185289070376e+02 3.572197185289070376e+02 3.352197185289070376e+02 2.932197185289070376e+02 2.864697185289070376e+02
0.000000000000000000e+00 0.000000000000000000e+00 0.000000000000000000e+00 0.000000000000000000e+00 0.000000000000000000e+00 0.000000000000000000e+00 0.000000000000000000e+00
3.514631354731237707e+02 3.542131354731237707e+02 9.631354731237706801e-01 4.631354731237706801e-01 3.524631354731237707e+02 3.274631354731237707e+02 3.439631354731237707e+02
1.259819307509956730e+02 1.577319307509956730e+02 1.794819307509956730e+02 1.367319307509956730e+02 1.079819307509956730e+02 1.224819307509956730e+02 2.179819307509956730e+02
9.436757623166613484e+00 1.268675762316661348e+01 1.343675762316661348e+01 8.686757623166613484e+00 2.393675762316661348e+01 4.218675762316661348e+01 1.093675762316661348e+01
5.473972276420909111e+00 6.473972276420909111e+00 1.147397227642090911e+01 3.467239722764209091e+02 3.284739722764209091e+02 3.327239722764209091e+02 3.539739722764209091e+02
3.585435562434727217e+02 2.043556243472750111e+00 8.543556243472750111e+00 1.329355624347275011e+01 5.435562434727501113e-01 1.654355624347275011e+01 3.570435562434727217e+02
2.390583848867521510e+00 1.239058384886752151e+01 1.939058384886752151e+01 1.814058384886752151e+01 1.514058384886752151e+01 1.390583848867521510e+00 3.573905838488675499e+02
6.170941846053096924e+00 6.170941846053096924e+00 6.420941846053096924e+00 9.170941846053096924e+00 8.420941846053096924e+00 1.142094184605309692e+01 1.342094184605309692e+01
3.695331698179205659e+01 2.670331698179205659e+01 8.953316981792056595e+00 3.203316981792056595e+00 1.495331698179205659e+01 2.220331698179205659e+01 3.599533169817920566e+02
1.311014008844580303e+01 1.611014008844580303e+01 3.553601400884458030e+02 3.518601400884458030e+02 3.571101400884458030e+02 1.101400884458030305e-01 3.486101400884458030e+02
1.705561271040915372e+01 2.405561271040915372e+01 1.580561271040915372e+01 1.555561271040915372e+01 2.755561271040915017e+01 1.730561271040915372e+01 1.105561271040915372e+01
2.938053634488215948e+01 2.613053634488215948e+01 1.888053634488215948e+01 5.380536344882159483e+00 7.380536344882159483e+00 1.513053634488215948e+01 3.508805363448821595e+02
0.000000000000000000e+00 0.000000000000000000e+00 0.000000000000000000e+00 0.000000000000000000e+00 0.000000000000000000e+00 0.000000000000000000e+00 0.000000000000000000e+00
0.000000000000000000e+00 0.000000000000000000e+00 0.000000000000000000e+00 0.000000000000000000e+00 0.000000000000000000e+00 0.000000000000000000e+00 0.000000000000000000e+00
0.000000000000000000e+00 0.000000000000000000e+00 0.000000000000000000e+00 0.000000000000000000e+00 0.000000000000000000e+00 0.000000000000000000e+00 0.000000000000000000e+00
0.000000000000000000e+00 0.000000000000000000e+00 0.000000000000000000e+00 0.000000000000000000e+00 0.000000000000000000e+00 0.000000000000000000e+00 0.000000000000000000e+00
0.000000000000000000e+00 0.000000000000000000e+00 0.000000000000000000e+00 0.000000000000000000e+00 0.000000000000000000e+00 0.000000000000000000e+00 0.000000000000000000e+00
0.000000000000000000e+00 0.000000000000000000e+00 0.000000000000000000e+00 0.000000000000000000e+00 0.000000000000000000e+00 0.000000000000000000e+00 0.000000000000000000e+00
0.000000000000000000e+00 0.000000000000000000e+00 0.000000000000000000e+00 0.000000000000000000e+00 0.000000000000000000e+00 0.000000000000000000e+00 0.000000000000000000e+00
0.000000000000000000e+00 0.000000000000000000e+00 0.000000000000000000e+00 0.000000000000000000e+00 0.000000000000000000e+00 0.000000000000000000e+00 0.000000000000000000e+00
0.000000000000000000e+00 0.000000000000000000e+00 0.000000000000000000e+00 0.000000000000000000e+00 0.000000000000000000e+00 0.000000000000000000e+00 0.000000000000000000e+00
0.000000000000000000e+00 0.000000000000000000e+00 0.000000000000000000e+00 0.000000000000000000e+00 0.000000000000000000e+00 0.000000000000000000e+00 0.000000000000000000e+00
0.000000000000000000e+00 0.000000000000000000e+00 0.000000000000000000e+00 0.000000000000000000e+00 0.000000000000000000e+00 0.000000000000000000e+00 0.000000000000000000e+00
0.000000000000000000e+00 0.000000000000000000e+00 0.000000000000000000e+00 0.000000000000000000e+00 0.000000000000000000e+00 0.000000000000000000e+00 0.000000000000000000e+00
0.000000000000000000e+00 0.000000000000000000e+00 0.000000000000000000e+00 0.000000000000000000e+00 0.000000000000000000e+00 0.000000000000000000e+00 0.000000000000000000e+00
0.000000000000000000e+00 0.000000000000000000e+00 0.000000000000000000e+00 0.000000000000000000e+00 0.000000000000000000e+00 0.000000000000000000e+00 0.000000000000000000e+00
0.000000000000000000e+00 0.000000000000000000e+00 0.000000000000000000e+00 0.000000000000000000e+00 0.000000000000000000e+00 0.000000000000000000e+00 0.000000000000000000e+00
0.000000000000000000e+00 0.000000000000000000e+00 0.000000000000000000e+00 0.000000000000000000e+00 0.000000000000000000e+00 0.000000000000000000e+00 0.000000000000000000e+00
0.000000000000000000e+00 0.000000000000000000e+00 0.000000000000000000e+00 0.000000000000000000e+00 0.000000000000000000e+00 0.000000000000000000e+00 0.000000000000000000e+00
0.000000000000000000e+00 0.000000000000000000e+00 0.000000000000000000e+00 0.000000000000000000e+00 0.000000000000000000e+00 0.000000000000000000e+00 0.000000000000000000e+00
0.000000000000000000e+00 0.000000000000000000e+00 0.000000000000000000e+00 0.000000000000000000e+00 0.000000000000000000e+00 0.000000000000000000e+00 0.000000000000000000e+00
0.000000000000000000e+00 0.000000000000000000e+00 0.000000000000000000e+00 0.000000000000000000e+00 0.000000000000000000e+00 0.000000000000000000e+00 0.000000000000000000e+00
0.000000000000000000e+00 0.000000000000000000e+00 0.000000000000000000e+00 0.000000000000000000e+00 0.000000000000000000e+00 0.000000000000000000e+00 0.000000000000000000e+00
0.000000000000000000e+00 0.000000000000000000e+00 0.000000000000000000e+00 0.000000000000000000e+00 0.000000000000000000e+00 0.000000000000000000e+00 0.000000000000000000e+00
0.000000000000000000e+00 0.000000000000000000e+00 0.000000000000000000e+00 0.000000000000000000e+00 0.000000000000000000e+00 0.000000000000000000e+00 0.000000000000000000e+00
0.000000000000000000e+00 0.000000000000000000e+00 0.000000000000000000e+00 0.000000000000000000e+00 0.000000000000000000e+00 0.000000000000000000e+00 0.000000000000000000e+00
0.000000000000000000e+00 0.000000000000000000e+00 0.000000000000000000e+00 0.000000000000000000e+00 0.000000000000000000e+00 0.000000000000000000e+00 0.000000000000000000e+00
0.000000000000000000e+00 0.000000000000000000e+00 0.000000000000000000e+00 0.000000000000000000e+00 0.000000000000000000e+00 0.000000000000000000e+00 0.000000000000000000e+00
0.000000000000000000e+00 0.000000000000000000e+00 0.000000000000000000e+00 0.000000000000000000e+00 0.000000000000000000e+00 0.000000000000000000e+00 0.000000000000000000e+00
0.000000000000000000e+00 0.000000000000000000e+00 0.000000000000000000e+00 0.000000000000000000e+00 0.000000000000000000e+00 0.000000000000000000e+00 0.000000000000000000e+00
0.000000000000000000e+00 0.000000000000000000e+00 0.000000000000000000e+00 0.000000000000000000e+00 0.000000000000000000e+00 0.000000000000000000e+00 0.000000000000000000e+00
0.000000000000000000e+00 0.000000000000000000e+00 0.000000000000000000e+00 0.000000000000000000e+00 0.000000000000000000e+00 0.000000000000000000e+00 0.000000000000000000e+00
0.000000000000000000e+00 0.000000000000000000e+00 0.000000000000000000e+00 0.000000000000000000e+00 0.000000000000000000e+00 0.000000000000000000e+00 0.000000000000000000e+00
0.000000000000000000e+00 0.000000000000000000e+00 0.000000000000000000e+00 0.000000000000000000e+00 0.000000000000000000e+00 0.000000000000000000e+00 0.000000000000000000e+00
0.000000000000000000e+00 0.000000000000000000e+00 0.000000000000000000e+00 0.000000000000000000e+00 0.000000000000000000e+00 0.000000000000000000e+00 0.000000000000000000e+00
0.000000000000000000e+00 0.000000000000000000e+00 0.000000000000000000e+00 0.000000000000000000e+00 0.000000000000000000e+00 0.000000000000000000e+00 0.000000000000000000e+00
0.000000000000000000e+00 0.000000000000000000e+00 0.000000000000000000e+00 0.000000000000000000e+00 0.000000000000000000e+00 0.000000000000000000e+00 0.000000000000000000e+00
0.000000000000000000e+00 0.000000000000000000e+00 0.000000000000000000e+00 0.000000000000000000e+00 0.000000000000000000e+00 0.000000000000000000e+00 0.000000000000000000e+00
0.000000000000000000e+00 0.000000000000000000e+00 0.000000000000000000e+00 0.000000000000000000e+00 0.000000000000000000e+00 0.000000000000000000e+00 0.000000000000000000e+00
0.000000000000000000e+00 0.000000000000000000e+00 0.000000000000000000e+00 0.000000000000000000e+00 0.000000000000000000e+00 0.000000000000000000e+00 0.000000000000000000e+00
0.000000000000000000e+00 0.000000000000000000e+00 0.000000000000000000e+00 0.000000000000000000e+00 0.000000000000000000e+00 0.000000000000000000e+00 0.000000000000000000e+00
0.000000000000000000e+00 0.000000000000000000e+00 0.000000000000000000e+00 0.000000000000000000e+00 0.000000000000000000e+00 0.000000000000000000e+00 0.000000000000000000e+00
0.000000000000000000e+00 0.000000000000000000e+00 0.000000000000000000e+00 0.000000000000000000e+00 0.000000000000000000e+00 0.000000000000000000e+00 0.000000000000000000e+00
0.000000000000000000e+00 0.000000000000000000e+00 0.000000000000000000e+00 0.000000000000000000e+00 0.000000000000000000e+00 0.000000000000000000e+00 0.000000000000000000e+00
0.000000000000000000e+00 0.000000000000000000e+00 0.000000000000000000e+00 0.000000000000000000e+00 0.000000000000000000e+00 0.000000000000000000e+00 0.000000000000000000e+00
0.000000000000000000e+00 0.000000000000000000e+00 0.000000000000000000e+00 0.000000000000000000e+00 0.000000000000000000e+00 0.000000000000000000e+00 0.000000000000000000e+00
0.000000000000000000e+00 0.000000000000000000e+00 0.000000000000000000e+00 0.000000000000000000e+00 0.000000000000000000e+00 0.000000000000000000e+00 0.000000000000000000e+00
0.000000000000000000e+00 0.000000000000000000e+00 0.000000000000000000e+00 0.000000000000000000e+00 0.000000000000000000e+00 0.000000000000000000e+00 0.000000000000000000e+00
0.000000000000000000e+00 0.000000000000000000e+00 0.000000000000000000e+00 0.000000000000000000e+00 0.000000000000000000e+00 0.000000000000000000e+00 0.000000000000000000e+00
0.000000000000000000e+00 0.000000000000000000e+00 0.000000000000000000e+00 0.000000000000000000e+00 0.000000000000000000e+00 0.000000000000000000e+00 0.000000000000000000e+00
0.000000000000000000e+00 0.000000000000000000e+00 0.000000000000000000e+00 0.000000000000000000e+00 0.000000000000000000e+00 0.000000000000000000e+00 0.000000000000000000e+00
0.000000000000000000e+00 0.000000000000000000e+00 0.000000000000000000e+00 0.000000000000000000e+00 0.000000000000000000e+00 0.000000000000000000e+00 0.000000000000000000e+00
0.000000000000000000e+00 0.000000000000000000e+00 0.000000000000000000e+00 0.000000000000000000e+00 0.000000000000000000e+00 0.000000000000000000e+00 0.000000000000000000e+00
0.000000000000000000e+00 0.000000000000000000e+00 0.000000000000000000e+00 0.000000000000000000e+00 0.000000000000000000e+00 0.000000000000000000e+00 0.000000000000000000e+00
0.000000000000000000e+00 0.000000000000000000e+00 0.000000000000000000e+00 0.000000000000000000e+00 0.000000000000000000e+00 0.000000000000000000e+00 0.000000000000000000e+00
0.000000000000000000e+00 0.000000000000000000e+00 0.000000000000000000e+00 0.000000000000000000e+00 0.000000000000000000e+00 0.000000000000000000e+00 0.000000000000000000e+00
0.000000000000000000e+00 0.000000000000000000e+00 0.000000000000000000e+00 0.000000000000000000e+00 0.000000000000000000e+00 0.000000000000000000e+00 0.000000000000000000e+00
0.000000000000000000e+00 0.000000000000000000e+00 0.000000000000000000e+00 0.000000000000000000e+00 0.000000000000000000e+00 0.000000000000000000e+00 0.000000000000000000e+00
0.000000000000000000e+00 0.000000000000000000e+00 0.000000000000000000e+00 0.000000000000000000e+00 0.000000000000000000e+00 0.000000000000000000e+00 0.000000000000000000e+00
0.000000000000000000e+00 0.000000000000000000e+00 0.000000000000000000e+00 0.000000000000000000e+00 0.000000000000000000e+00 0.000000000000000000e+00 0.000000000000000000e+00
0.000000000000000000e+00 0.000000000000000000e+00 0.000000000000000000e+00 0.000000000000000000e+00 0.000000000000000000e+00 0.000000000000000000e+00 0.000000000000000000e+00
0.000000000000000000e+00 0.000000000000000000e+00 0.000000000000000000e+00 0.000000000000000000e+00 0.000000000000000000e+00 0.000000000000000000e+00 0.000000000000000000e+00
