0.000000000000000000e+00 0.000000000000000000e+00 0.000000000000000000e+00 0.000000000000000000e+00 0.000000000000000000e+00 0.000000000000000000e+00 0.000000000000000000e+00
0.000000000000000000e+00 0.000000000000000000e+00 0.000000000000000000e+00 0.000000000000000000e+00 0.000000000000000000e+00 0.000000000000000000e+00 0.000000000000000000e+00
0.000000000000000000e+00 0.000000000000000000e+00 0.000000000000000000e+00 0.000000000000000000e+00 0.000000000000000000e+00 0.000000000000000000e+00 0.000000000000000000e+00
0.000000000000000000e+00 0.000000000000000000e+00 0.000000000000000000e+00 0.000000000000000000e+00 0.000000000000000000e+00 0.000000000000000000e+00 0.000000000000000000e+00
0.000000000000000000e+00 0.000000000000000000e+00 0.000000000000000000e+00 0.000000000000000000e+00 0.000000000000000000e+00 0.000000000000000000e+00 0.000000000000000000e+00
0.000000000000000000e+00 0.000000000000000000e+00 0.000000000000000000e+00 0.000000000000000000e+00 0.000000000000000000e+00 0.000000000000000000e+00 0.000000000000000000e+00
0.000000000000000000e+00 0.000000000000000000e+00 0.000000000000000000e+00 0.000000000000000000e+00 0.000000000000000000e+00 0.000000000000000000e+00 0.000000000000000000e+00
0.000000000000000000e+00 0.000000000000000000e+00 0.000000000000000000e+00 0.000000000000000000e+00 0.000000000000000000e+00 0.000000000000000000e+00 0.000000000000000000e+00
0.000000000000000000e+00 0.000000000000000000e+00 0.000000000000000000e+00 0.000000000000000000e+00 0.000000000000000000e+00 0.000000000000000000e+00 0.000000000000000000e+00
0.000000000000000000e+00 0.000000000000000000e+00 0.000000000000000000e+00 0.000000000000000000e+00 0.000000000000000000e+00 0.000000000000000000e+00 0.000000000000000000e+00
0.000000000000000000e+00 0.000000000000000000e+00 0.000000000000000000e+00 0.000000000000000000e+00 0.000000000000000000e+00 0.000000000000000000e+00 0.000000000000000000e+00
0.000000000000000000e+00 0.000000000000000000e+00 0.000000000000000000e+00 0.000000000000000000e+00 0.000000000000000000e+00 0.000000000000000000e+00 0.000000000000000000e+00
0.000000000000000000e+00 0.000000000000000000e+00 0.000000000000000000e+00 0.000000000000000000e+00 0.000000000000000000e+00 0.000000000000000000e+00 0.000000000000000000e+00
0.000000000000000000e+00 0.000000000000000000e+00 0.000000000000000000e+00 0.000000000000000000e+00 0.000000000000000000e+00 0.000000000000000000e+00 0.000000000000000000e+00
0.000000000000000000e+00 0.000000000000000000e+00 0.000000000000000000e+00 0.000000000000000000e+00 0.000000000000000000e+00 0.000000000000000000e+00 0.000000000000000000e+00
0.000000000000000000e+00 0.000000000000000000e+00 0.000000000000000000e+00 0.000000000000000000e+00 0.000000000000000000e+00 0.000000000000000000e+00 0.000000000000000000e+00
0.000000000000000000e+00 0.000000000000000000e+00 0.000000000000000000e+00 0.000000000000000000e+00 0.000000000000000000e+00 0.000000000000000000e+00 0.000000000000000000e+00
0.000000000000000000e+00 0.000000000000000000e+00 0.000000000000000000e+00 0.000000000000000000e+00 0.000000000000000000e+00 0.000000000000000000e+00 0.000000000000000000e+00
0.000000000000000000e+00 0.000000000000000000e+00 0.000000000000000000e+00 0.000000000000000000e+00 0.000000000000000000e+00 0.000000000000000000e+00 0.000000000000000000e+00
0.000000000000000000e+00 0.000000000000000000e+00 0.000000000000000000e+00 0.000000000000000000e+00 0.000000000000000000e+00 0.000000000000000000e+00 0.000000000000000000e+00
0.000000000000000000e+00 0.000000000000000000e+00 0.000000000000000000e+00 0.000000000000000000e+00 0.000000000000000000e+00 0.000000000000000000e+00 0.000000000000000000e+00
0.000000000000000000e+00 0.000000000000000000e+00 0.000000000000000000e+00 0.000000000000000000e+00 0.000000000000000000e+00 0.000000000000000000e+00 0.000000000000000000e+00
0.000000000000000000e+00 0.000000000000000000e+00 0.000000000000000000e+00 0.000000000000000000e+00 0.000000000000000000e+00 0.000000000000000000e+00 0.000000000000000000e+00
0.000000000000000000e+00 0.000000000000000000e+00 0.000000000000000000e+00 0.000000000000000000e+00 0.000000000000000000e+00 0.000000000000000000e+00 0.000000000000000000e+00
0.000000000000000000e+00 0.000000000000000000e+00 0.000000000000000000e+00 0.000000000000000000e+00 0.000000000000000000e+00 0.000000000000000000e+00 0.000000000000000000e+00
0.000000000000000000e+00 0.000000000000000000e+00 0.000000000000000000e+00 0.000000000000000000e+00 0.000000000000000000e+00 0.000000000000000000e+00 0.000000000000000000e+00
0.000000000000000000e+00 0.000000000000000000e+00 0.000000000000000000e+00 0.000000000000000000e+00 0.000000000000000000e+00 0.000000000000000000e+00 0.000000000000000000e+00
0.000000000000000000e+00 0.000000000000000000e+00 0.000000000000000000e+00 0.000000000000000000e+00 0.000000000000000000e+00 0.000000000000000000e+00 0.000000000000000000e+00
0.000000000000000000e+00 0.000000000000000000e+00 0.000000000000000000e+00 0.000000000000000000e+00 0.000000000000000000e+00 0.000000000000000000e+00 0.000000000000000000e+00
0.000000000000000000e+00 0.000000000000000000e+00 0.000000000000000000e+00 0.000000000000000000e+00 0.000000000000000000e+00 0.000000000000000000e+00 0.000000000000000000e+00
0.000000000000000000e+00 0.000000000000000000e+00 0.000000000000000000e+00 0.000000000000000000e+00 0.000000000000000000e+00 0.000000000000000000e+00 0.000000000000000000e+00
0.000000000000000000e+00 0.000000000000000000e+00 0.000000000000000000e+00 0.000000000000000000e+00 0.000000000000000000e+00 0.000000000000000000e+00 0.000000000000000000e+00
0.000000000000000000e+00 0.000000000000000000e+00 0.000000000000000000e+00 0.000000000000000000e+00 0.000000000000000000e+00 0.000000000000000000e+00 0.000000000000000000e+00
0.000000000000000000e+00 0.000000000000000000e+00 0.000000000000000000e+00 0.000000000000000000e+00 0.000000000000000000e+00 0.000000000000000000e+00 0.000000000000000000e+00
0.000000000000000000e+00 0.000000000000000000e+00 0.000000000000000000e+00 0.000000000000000000e+00 0.000000000000000000e+00 0.000000000000000000e+00 0.000000000000000000e+00
0.000000000000000000e+00 0.000000000000000000e+00 0.000000000000000000e+00 0.000000000000000000e+00 0.000000000000000000e+00 0.000000000000000000e+00 0.000000000000000000e+00
0.000000000000000000e+00 0.000000000000000000e+00 0.000000000000000000e+00 0.000000000000000000e+00 0.000000000000000000e+00 0.000000000000000000e+00 0.000000000000000000e+00
0.000000000000000000e+00 0.000000000000000000e+00 0.000000000000000000e+00 0.000000000000000000e+00 0.000000000000000000e+00 0.000000000000000000e+00 0.000000000000000000e+00
0.000000000000000000e+00 0.000000000000000000e+00 0.000000000000000000e+00 0.000000000000000000e+00 0.000000000000000000e+00 0.000000000000000000e+00 0.000000000000000000e+00
0.000000000000000000e+00 0.000000000000000000e+00 0.000000000000000000e+00 0.000000000000000000e+00 0.000000000000000000e+00 0.000000000000000000e+00 0.000000000000000000e+00
0.000000000000000000e+00 0.000000000000000000e+00 0.000000000000000000e+00 0.000000000000000000e+00 0.000000000000000000e+00 0.000000000000000000e+00 0.000000000000000000e+00
0.000000000000000000e+00 0.000000000000000000e+00 0.000000000000000000e+00 0.000000000000000000e+00 0.000000000000000000e+00 0.000000000000000000e+00 0.000000000000000000e+00
0.000000000000000000e+00 0.000000000000000000e+00 0.000000000000000000e+00 0.000000000000000000e+00 0.000000000000000000e+00 0.000000000000000000e+00 0.000000000000000000e+00
0.000000000000000000e+00 0.000000000000000000e+00 0.000000000000000000e+00 0.000000000000000000e+00 0.000000000000000000e+00 0.000000000000000000e+00 0.000000000000000000e+00
0.000000000000000000e+00 0.000000000000000000e+00 0.000000000000000000e+00 0.000000000000000000e+00 0.000000000000000000e+00 0.000000000000000000e+00 0.000000000000000000e+00
0.000000000000000000e+00 0.000000000000000000e+00 0.000000000000000000e+00 0.000000000000000000e+00 0.000000000000000000e+00 0.000000000000000000e+00 0.000000000000000000e+00
0.000000000000000000e+00 0.000000000000000000e+00 0.000000000000000000e+00 0.000000000000000000e+00 0.000000000000000000e+00 0.000000000000000000e+00 0.000000000000000000e+00
0.000000000000000000e+00 0.000000000000000000e+00 0.000000000000000000e+00 0.000000000000000000e+00 0.000000000000000000e+00 0.000000000000000000e+00 0.000000000000000000e+00
0.000000000000000000e+00 0.000000000000000000e+00 0.000000000000000000e+00 0.000000000000000000e+00 0.000000000000000000e+00 0.000000000000000000e+00 0.000000000000000000e+00
0.000000000000000000e+00 0.000000000000000000e+00 0.000000000000000000e+00 0.000000000000000000e+00 0.000000000000000000e+00 0.000000000000000000e+00 0.000000000000000000e+00
0.000000000000000000e+00 0.000000000000000000e+00 0.000000000000000000e+00 0.000000000000000000e+00 0.000000000000000000e+00 0.000000000000000000e+00 0.000000000000000000e+00
0.000000000000000000e+00 0.000000000000000000e+00 0.000000000000000000e+00 0.000000000000000000e+00 0.000000000000000000e+00 0.000000000000000000e+00 0.000000000000000000e+00
0.000000000000000000e+00 0.000000000000000000e+00 0.000000000000000000e+00 0.000000000000000000e+00 0.000000000000000000e+00 0.000000000000000000e+00 0.000000000000000000e+00
0.000000000000000000e+00 0.000000000000000000e+00 0.000000000000000000e+00 0.000000000000000000e+00 0.000000000000000000e+00 0.000000000000000000e+00 0.000000000000000000e+00
0.000000000000000000e+00 0.000000000000000000e+00 0.000000000000000000e+00 0.000000000000000000e+00 0.000000000000000000e+00 0.000000000000000000e+00 0.000000000000000000e+00
0.000000000000000000e+00 0.000000000000000000e+00 0.000000000000000000e+00 0.000000000000000000e+00 0.000000000000000000e+00 0.000000000000000000e+00 0.000000000000000000e+00
0.000000000000000000e+00 0.000000000000000000e+00 0.000000000000000000e+00 0.000000000000000000e+00 0.000000000000000000e+00 0.000000000000000000e+00 0.000000000000000000e+00
0.000000000000000000e+00 0.000000000000000000e+00 0.000000000000000000e+00 0.000000000000000000e+00 0.000000000000000000e+00 0.000000000000000000e+00 0.000000000000000000e+00
0.000000000000000000e+00 0.000000000000000000e+00 0.000000000000000000e+00 0.000000000000000000e+00 0.000000000000000000e+00 0.000000000000000000e+00 0.000000000000000000e+00
0.000000000000000000e+00 0.000000000000000000e+00 0.000000000000000000e+00 0.000000000000000000e+00 0.000000000000000000e+00 0.000000000000000000e+00 0.000000000000000000e+00
0.000000000000000000e+00 0.000000000000000000e+00 0.000000000000000000e+00 0.000000000000000000e+00 0.000000000000000000e+00 0.000000000000000000e+00 0.000000000000000000e+00
0.000000000000000000e+00 0.000000000000000000e+00 0.000000000000000000e+00 0.000000000000000000e+00 0.000000000000000000e+00 0.000000000000000000e+00 0.000000000000000000e+00
0.000000000000000000e+00 0.000000000000000000e+00 0.000000000000000000e+00 0.000000000000000000e+00 0.000000000000000000e+00 0.000000000000000000e+00 0.000000000000000000e+00
0.000000000000000000e+00 0.000000000000000000e+00 0.000000000000000000e+00 0.000000000000000000e+00 0.000000000000000000e+00 0.000000000000000000e+00 0.000000000000000000e+00
0.000000000000000000e+00 0.000000000000000000e+00 0.000000000000000000e+00 0.000000000000000000e+00 0.000000000000000000e+00 0.000000000000000000e+00 0.000000000000000000e+00
0.000000000000000000e+00 0.000000000000000000e+00 0.000000000000000000e+00 0.000000000000000000e+00 0.000000000000000000e+00 0.000000000000000000e+00 0.000000000000000000e+00
0.000000000000000000e+00 0.000000000000000000e+00 0.000000000000000000e+00 0.000000000000000000e+00 0.000000000000000000e+00 0.000000000000000000e+00 0.000000000000000000e+00
0.000000000000000000e+00 0.000000000000000000e+00 0.000000000000000000e+00 0.000000000000000000e+00 0.000000000000000000e+00 0.000000000000000000e+00 0.000000000000000000e+00
0.000000000000000000e+00 0.000000000000000000e+00 0.000000000000000000e+00 0.000000000000000000e+00 0.000000000000000000e+00 0.000000000000000000e+00 0.000000000000000000e+00
0.000000000000000000e+00 0.000000000000000000e+00 0.000000000000000000e+00 0.000000000000000000e+00 0.000000000000000000e+00 0.000000000000000000e+00 0.000000000000000000e+00
0.000000000000000000e+00 0.000000000000000000e+00 0.000000000000000000e+00 0.000000000000000000e+00 0.000000000000000000e+00 0.000000000000000000e+00 0.000000000000000000e+00
0.000000000000000000e+00 0.000000000000000000e+00 0.000000000000000000e+00 0.000000000000000000e+00 0.000000000000000000e+00 0.000000000000000000e+00 0.000000000000000000e+00
0.000000000000000000e+00 0.000000000000000000e+00 0.000000000000000000e+00 0.000000000000000000e+00 0.000000000000000000e+00 0.000000000000000000e+00 0.000000000000000000e+00
3.481959145116827585e+02 3.529459145116827585e+02 3.509459145116827585e+02 3.564459145116827585e+02 1.494591451168273011e+01 3.919591451168273011e+01 3.994591451168273011e+01
0.000000000000000000e+00 0.000000000000000000e+00 0.000000000000000000e+00 0.000000000000000000e+00 0.000000000000000000e+00 0.000000000000000000e+00 0.000000000000000000e+00
2.108212773765728798e+01 1.858212773765728798e+01 1.533212773765728798e+01 1.733212773765728798e+01 2.508212773765728798e+01 2.633212773765728798e+01 1.558212773765728798e+01
1.108041240209138323e+01 1.858041240209138323e+01 2.858041240209138323e+01 2.833041240209138323e+01 1.308041240209138323e+01 1.483041240209138323e+01 2.308041240209138323e+01
1.945174665491941823e+01 2.545174665491941823e+01 2.245174665491941823e+01 2.495174665491941823e+01 1.520174665491941823e+01 1.920174665491941823e+01 2.495174665491941823e+01
2.283192791838354196e+01 1.208192791838354196e+01 3.520819279183835420e+02 3.413319279183835420e+02 6.831927918383541964e+00 2.283192791838354196e+01 2.608192791838354196e+01
2.727657033459786362e+01 2.752657033459786362e+01 1.776570334597863621e+00 8.526570334597863621e+00 3.077657033459786362e+01 4.327657033459786362e+01 2.827657033459786362e+01
0.000000000000000000e+00 0.000000000000000000e+00 0.000000000000000000e+00 0.000000000000000000e+00 0.000000000000000000e+00 0.000000000000000000e+00 0.000000000000000000e+00
1.329336435185996379e+01 1.729336435185996379e+01 2.629336435185996379e+01 1.754336435185996379e+01 1.429336435185996379e+01 1.629336435185996379e+01 8.043364351859963790e+00
5.546959104388804462e-01 3.565546959104389089e+02 3.515546959104389089e+02 3.513046959104389089e+02 1.380469591043888045e+01 2.930469591043888045e+01 3.905469591043888045e+01
1.062451141583966319e+01 1.012451141583966319e+01 1.112451141583966319e+01 1.087451141583966319e+01 1.287451141583966319e+01 1.537451141583966319e+01 1.137451141583966319e+01
1.308689820090646094e+01 1.808689820090646094e+01 2.058689820090646094e+01 8.586898200906460943e+00 2.408689820090646094e+01 3.483689820090646094e+01 2.308689820090646094e+01
9.610223510473588249e+00 7.610223510473588249e+00 9.110223510473588249e+00 1.961022351047358825e+01 2.186022351047358825e+01 2.186022351047358825e+01 7.610223510473588249e+00
9.502958629401973667e+00 7.502958629401973667e+00 9.002958629401973667e+00 2.025295862940197367e+01 2.300295862940197367e+01 2.200295862940197367e+01 8.252958629401973667e+00
2.928126727845238975e+01 2.978126727845238975e+01 2.503126727845238975e+01 1.353126727845238975e+01 1.453126727845238975e+01 1.353126727845238975e+01 3.126727845238974623e-02
0.000000000000000000e+00 0.000000000000000000e+00 0.000000000000000000e+00 0.000000000000000000e+00 0.000000000000000000e+00 0.000000000000000000e+00 0.000000000000000000e+00
0.000000000000000000e+00 0.000000000000000000e+00 0.000000000000000000e+00 0.000000000000000000e+00 0.000000000000000000e+00 0.000000000000000000e+00 0.000000000000000000e+00
0.000000000000000000e+00 0.000000000000000000e+00 0.000000000000000000e+00 0.000000000000000000e+00 0.000000000000000000e+00 0.000000000000000000e+00 0.000000000000000000e+00
3.569714485942149622e+02 2.647144859421496221e+01 4.822144859421496221e+01 5.122144859421496221e+01 5.022144859421496221e+01 1.397144859421496221e+01 3.367214485942149622e+02
3.696366750794777545e+01 4.146366750794777545e+01 1.921366750794777545e+01 3.129636675079477754e+02 5.446366750794777545e+01 4.771366750794777545e+01 3.339636675079477754e+02
3.427679924842337869e+02 3.435179924842337869e+02 3.397679924842337869e+02 3.585179924842337869e+02 1.226799248423381528e+01 7.517992484233815276e+00 3.767992484233815276e+00
0.000000000000000000e+00 0.000000000000000000e+00 0.000000000000000000e+00 0.000000000000000000e+00 0.000000000000000000e+00 0.000000000000000000e+00 0.000000000000000000e+00
1.192161976847415872e+00 3.192161976847415872e+00 8.442161976847415872e+00 1.594216197684741587e+01 1.944216197684741587e+01 9.692161976847415872e+00 1.094216197684741587e+01
3.421609654883211533e+02 3.401609654883211533e+02 3.426609654883211533e+02 3.410965488321153316e+00 1.166096548832115332e+01 5.910965488321153316e+00 6.660965488321153316e+00
3.367346997207359323e+02 5.234699720735918049e+00 7.984699720735918049e+00 3.587346997207359323e+02 3.529846997207359323e+02 1.298469972073591805e+01 2.323469972073591805e+01
3.284223687486525023e+01 2.409223687486525023e+01 1.534223687486525023e+01 1.434223687486525023e+01 1.084223687486525023e+01 1.059223687486525023e+01 1.334223687486525023e+01
3.321617358335417975e+02 3.376617358335417975e+02 3.354117358335417975e+02 3.424117358335417975e+02 9.117358335417975468e-01 6.161735833541797547e+00 5.411735833541797547e+00
3.301246968203467986e+02 3.366246968203467986e+02 3.316246968203467986e+02 3.351246968203467986e+02 3.518746968203467986e+02 3.874696820346798631e+00 3.624696820346798631e+00
3.302600337020423353e+02 3.370100337020423353e+02 3.292600337020423353e+02 3.335100337020423353e+02 3.597600337020423353e+02 7.600337020423353351e-01 2.510033702042335335e+00
1.762227028348121394e+01 1.612227028348121394e+01 1.787227028348121394e+01 2.287227028348121394e+01 1.662227028348121394e+01 1.162227028348121394e+01 1.437227028348121394e+01
1.519987615468733111e+01 1.519987615468733111e+01 1.494987615468733111e+01 1.594987615468733111e+01 1.744987615468733111e+01 2.944987615468733111e+01 2.494987615468733111e+01
3.380664715025146165e+02 3.410664715025146165e+02 3.435664715025146165e+02 3.081647150251463074e+01 4.581647150251463074e+01 3.131647150251463074e+01 1.806647150251463074e+01
0.000000000000000000e+00 0.000000000000000000e+00 0.000000000000000000e+00 0.000000000000000000e+00 0.000000000000000000e+00 0.000000000000000000e+00 0.000000000000000000e+00
5.939681918193940646e+00 3.594396819181939691e+02 3.539396819181939691e+02 3.939681918193940646e+00 3.559396819181939691e+02 3.129396819181939691e+02 2.954396819181939691e+02
4.538231146371572322e+01 6.488231146371572322e+01 4.363231146371572322e+01 3.663231146371572322e+01 4.038231146371572322e+01 7.338231146371572322e+01 6.588231146371572322e+01
3.581842306509038281e+02 2.184230650903828064e+00 6.684230650903828064e+00 9.434230650903828064e+00 5.684230650903828064e+00 4.434230650903828064e+00 1.593423065090382806e+01
3.222965545002080034e+01 2.347965545002080034e+01 2.722965545002080034e+01 3.447965545002080034e+01 1.572965545002080034e+01 8.479655450020800345e+00 1.247965545002080034e+01
4.323663761620588275e+01 3.489866376162058828e+02 4.236637616205882750e+00 9.866376162058827504e-01 2.736637616205882750e+00 3.524866376162058828e+02 3.584866376162058828e+02
0.000000000000000000e+00 0.000000000000000000e+00 0.000000000000000000e+00 0.000000000000000000e+00 0.000000000000000000e+00 0.000000000000000000e+00 0.000000000000000000e+00
0.000000000000000000e+00 0.000000000000000000e+00 0.000000000000000000e+00 0.000000000000000000e+00 0.000000000000000000e+00 0.000000000000000000e+00 0.000000000000000000e+00
3.456031871498461783e+02 3.511031871498461783e+02 3.563531871498461783e+02 3.085318714984617827e+01 4.410318714984617827e+01 6.085318714984617827e+01 4.560318714984617827e+01
0.000000000000000000e+00 0.000000000000000000e+00 0.000000000000000000e+00 0.000000000000000000e+00 0.000000000000000000e+00 0.000000000000000000e+00 0.000000000000000000e+00
2.151546421510221307e+01 3.026546421510221307e+01 4.726546421510221307e+01 4.651546421510221307e+01 2.801546421510221307e+01 2.776546421510221307e+01 2.851546421510221307e+01
2.851894677674931700e+01 2.026894677674931700e+01 8.518946776749316996e+00 1.251894677674931700e+01 2.451894677674931700e+01 5.676894677674931700e+01 9.451894677674931700e+01
1.591691114873418655e+01 1.466691114873418655e+01 1.366691114873418655e+01 1.366691114873418655e+01 1.091691114873418655e+01 3.409169111487341866e+02 3.069169111487341866e+02
0.000000000000000000e+00 0.000000000000000000e+00 0.000000000000000000e+00 0.000000000000000000e+00 0.000000000000000000e+00 0.000000000000000000e+00 0.000000000000000000e+00
2.084160453672166113e+01 1.909160453672166113e+01 1.509160453672166113e+01 1.259160453672166113e+01 7.841604536721661134e+00 3.465916045367216611e+02 3.535916045367216611e+02
2.283209575322758553e+02 2.315709575322758553e+02 2.370709575322758553e+02 2.318209575322758553e+02 1.553209575322758553e+02 1.580709575322758553e+02 3.463209575322758838e+02
1.785138979425204298e+01 1.785138979425204298e+01 2.285138979425204298e+01 2.785138979425204298e+01 2.485138979425204298e+01 3.660138979425204298e+01 6.535138979425204298e+01
1.078982713422328743e+01 7.289827134223287430e+00 3.982713422328743036e-02 3.467898271342232874e+02 3.435398271342232874e+02 3.527898271342232874e+02 3.539827134223287430e+00
3.533683076652833392e+02 3.543683076652833392e+02 1.618307665283339247e+00 1.136830766528333925e+01 7.118307665283339247e+00 1.686830766528333925e+01 1.886830766528333925e+01
3.459438009668157861e+02 3.449438009668157861e+02 3.526938009668157861e+02 5.693800966815786069e+00 9.193800966815786069e+00 7.193800966815786069e+00 9.443800966815786069e+00
0.000000000000000000e+00 0.000000000000000000e+00 0.000000000000000000e+00 0.000000000000000000e+00 0.000000000000000000e+00 0.000000000000000000e+00 0.000000000000000000e+00
3.710060510415848967e+01 3.960060510415848967e+01 3.960060510415848967e+01 3.485060510415848967e+01 3.185060510415848967e+01 2.435060510415848967e+01 7.350605104158489667e+00
3.372982546148178358e+02 3.435482546148178358e+02 3.497982546148178358e+02 3.482982546148178358e+02 3.532982546148178358e+02 1.798254614817835773e+00 4.048254614817835773e+00
4.548568546793070766e+00 4.856854679307076594e-02 6.798568546793070766e+00 3.587985685467930921e+02 7.985685467930707659e-01 1.279856854679307077e+01 1.329856854679307077e+01
3.415086604006273774e+01 2.815086604006273774e+01 1.865086604006273774e+01 1.415086604006273774e+01 3.140086604006273774e+01 2.990086604006273774e+01 5.150866040062737738e+00
3.506830958692205513e+00 2.300683095869220551e+01 2.375683095869220551e+01 1.850683095869220551e+01 1.850683095869220551e+01 1.675683095869220551e+01 1.450683095869220551e+01
4.658296642914841357e+01 2.508296642914841357e+01 1.583296642914841357e+01 5.082966429148413567e+00 3.332966429148413567e+00 1.658296642914841357e+01 1.758296642914841357e+01
3.532553747505803017e+02 3.437553747505803017e+02 3.415053747505803017e+02 3.572553747505803017e+02 2.450537475058030168e+01 3.275537475058030168e+01 3.357553747505803017e+02
2.993129400830582654e+00 3.507431294008305827e+02 3.467431294008305827e+02 3.567431294008305827e+02 1.599312940083058265e+01 3.849312940083058265e+01 6.993129400830582654e+00
2.778842658404248311e+01 2.828842658404248311e+01 3.253842658404248311e+01 3.728842658404248311e+01 3.028842658404248311e+01 1.678842658404248311e+01 1.778842658404248311e+01
0.000000000000000000e+00 0.000000000000000000e+00 0.000000000000000000e+00 0.000000000000000000e+00 0.000000000000000000e+00 0.000000000000000000e+00 0.000000000000000000e+00
3.067130179527384826e+01 2.942130179527384826e+01 2.692130179527384826e+01 2.992130179527384826e+01 3.217130179527384826e+01 2.392130179527384826e+01 2.042130179527384826e+01
3.641898922338350530e+01 2.916898922338350530e+01 3.816898922338350530e+01 4.066898922338350530e+01 2.591898922338350530e+01 3.091898922338350530e+01 1.116898922338350530e+01
2.090336240184331018e+01 1.815336240184331018e+01 1.915336240184331018e+01 2.040336240184331018e+01 2.690336240184331018e+01 3.540336240184331018e+01 3.479033624018433102e+02
0.000000000000000000e+00 0.000000000000000000e+00 0.000000000000000000e+00 0.000000000000000000e+00 0.000000000000000000e+00 0.000000000000000000e+00 0.000000000000000000e+00
4.882713573337241542e+00 5.632713573337241542e+00 7.382713573337241542e+00 8.882713573337241542e+00 1.038271357333724154e+01 1.463271357333724154e+01 1.713271357333724154e+01
0.000000000000000000e+00 0.000000000000000000e+00 0.000000000000000000e+00 0.000000000000000000e+00 0.000000000000000000e+00 0.000000000000000000e+00 0.000000000000000000e+00
1.955441403795262545e+01 2.705441403795262545e+01 5.730441403795262545e+01 6.255441403795262545e+01 5.304414037952625449e+00 3.255441403795262545e+01 3.473044140379525970e+02
1.929676650880446687e+01 1.804676650880446687e+01 1.529676650880446687e+01 8.046766508804466866e+00 3.417967665088044669e+02 3.115467665088044669e+02 3.007967665088044669e+02
0.000000000000000000e+00 0.000000000000000000e+00 0.000000000000000000e+00 0.000000000000000000e+00 0.000000000000000000e+00 0.000000000000000000e+00 0.000000000000000000e+00
1.497286201233177394e+01 3.559728620123318024e+02 3.529728620123318024e+02 2.228620123317739399e-01 1.472862012331773940e+00 3.549728620123318024e+02 1.497286201233177394e+01
0.000000000000000000e+00 0.000000000000000000e+00 0.000000000000000000e+00 0.000000000000000000e+00 0.000000000000000000e+00 0.000000000000000000e+00 0.000000000000000000e+00
7.828763279140389386e-01 3.532876327914038939e+00 7.532876327914038939e+00 1.453287632791403894e+01 2.078287632791403894e+01 2.078287632791403894e+01 1.353287632791403894e+01
0.000000000000000000e+00 0.000000000000000000e+00 0.000000000000000000e+00 0.000000000000000000e+00 0.000000000000000000e+00 0.000000000000000000e+00 0.000000000000000000e+00
2.907997834265484016e+01 9.829978342654833057e+00 3.545799783426548402e+02 3.570799783426548402e+02 4.579978342654833057e+00 8.329978342654833057e+00 1.132997834265483306e+01
0.000000000000000000e+00 0.000000000000000000e+00 0.000000000000000000e+00 0.000000000000000000e+00 0.000000000000000000e+00 0.000000000000000000e+00 0.000000000000000000e+00
5.677513445260422031e+01 4.477513445260419900e+01 3.497751344526042203e+02 3.272751344526042203e+02 3.277751344526042203e+02 3.385251344526042203e+02 3.560251344526042203e+02
1.939173445790487449e+01 1.839173445790487449e+01 1.489173445790487449e+01 1.239173445790487449e+01 9.391734457904874489e+00 1.014173445790487449e+01 2.614173445790487449e+01
3.533068420635069060e+02 3.378068420635069060e+02 3.243068420635069060e+02 3.190568420635069060e+02 3.588068420635069060e+02 3.580684206350690602e+01 1.355684206350690602e+01
7.814657742942785035e+00 3.598146577429428135e+02 8.814657742942785035e+00 1.731465774294278503e+01 1.556465774294278503e+01 1.656465774294278503e+01 1.581465774294278503e+01
5.334655955776219116e+01 4.409655955776219116e+01 1.109655955776219827e+01 7.059655955776219116e+01 8.159655955776219116e+01 7.659655955776219116e+01 8.409655955776219116e+01
1.899595148487935603e+01 2.124595148487935603e+01 2.299595148487935603e+01 1.799595148487935603e+01 3.489959514848793560e+02 3.584959514848793560e+02 3.524595148487935603e+01
2.053859956426049393e+01 2.203859956426049393e+01 2.228859956426049393e+01 1.878859956426049393e+01 1.378859956426049393e+01 2.885995642604939349e-01 3.487885995642604939e+02
0.000000000000000000e+00 0.000000000000000000e+00 0.000000000000000000e+00 0.000000000000000000e+00 0.000000000000000000e+00 0.000000000000000000e+00 0.000000000000000000e+00
0.000000000000000000e+00 0.000000000000000000e+00 0.000000000000000000e+00 0.000000000000000000e+00 0.000000000000000000e+00 0.000000000000000000e+00 0.000000000000000000e+00
0.000000000000000000e+00 0.000000000000000000e+00 0.000000000000000000e+00 0.000000000000000000e+00 0.000000000000000000e+00 0.000000000000000000e+00 0.000000000000000000e+00
0.000000000000000000e+00 0.000000000000000000e+00 0.000000000000000000e+00 0.000000000000000000e+00 0.000000000000000000e+00 0.000000000000000000e+00 0.000000000000000000e+00
3.405894942366617215e+02 3.490894942366617215e+02 3.488394942366617215e+02 3.370894942366617215e+02 3.453394942366617215e+02 2.839494236661749937e+00 8.839494236661749937e+00
1.074282722289228786e+01 1.524282722289228786e+01 1.774282722289228786e+01 1.649282722289228786e+01 1.649282722289228786e+01 2.242827222892287864e+00 1.399282722289228786e+01
0.000000000000000000e+00 0.000000000000000000e+00 0.000000000000000000e+00 0.000000000000000000e+00 0.000000000000000000e+00 0.000000000000000000e+00 0.000000000000000000e+00
0.000000000000000000e+00 0.000000000000000000e+00 0.000000000000000000e+00 0.000000000000000000e+00 0.000000000000000000e+00 0.000000000000000000e+00 0.000000000000000000e+00
0.000000000000000000e+00 0.000000000000000000e+00 0.000000000000000000e+00 0.000000000000000000e+00 0.000000000000000000e+00 0.000000000000000000e+00 0.000000000000000000e+00
0.000000000000000000e+00 0.000000000000000000e+00 0.000000000000000000e+00 0.000000000000000000e+00 0.000000000000000000e+00 0.000000000000000000e+00 0.000000000000000000e+00
0.000000000000000000e+00 0.000000000000000000e+00 0.000000000000000000e+00 0.000000000000000000e+00 0.000000000000000000e+00 0.000000000000000000e+00 0.000000000000000000e+00
1.423409673182368351e+01 1.398409673182368351e+01 1.648409673182368351e+01 1.298409673182368351e+01 1.248409673182368351e+01 1.673409673182368351e+01 7.234096731823683513e+00
1.660089333624227947e+01 9.850893336242279474e+00 5.100893336242279474e+00 2.160089333624227947e+01 2.435089333624227947e+01 1.135089333624227947e+01 2.260089333624227947e+01
1.933536958675347250e+01 2.658536958675347250e+01 3.233536958675347250e+01 3.008536958675347250e+01 1.783536958675347250e+01 3.598353695867534725e+02 4.585369586753472504e+00
3.097623636658275927e+02 2.902623636658275927e+02 2.857623636658275927e+02 2.950123636658275927e+02 3.135123636658275927e+02 3.352623636658275927e+02 3.326236366582756432e+01
0.000000000000000000e+00 0.000000000000000000e+00 0.000000000000000000e+00 0.000000000000000000e+00 0.000000000000000000e+00 0.000000000000000000e+00 0.000000000000000000e+00
1.414517746172069224e+01 1.264517746172069224e+01 1.239517746172069224e+01 1.114517746172069224e+01 1.395177461720692236e+00 3.428951774617206638e+02 3.248951774617206638e+02
0.000000000000000000e+00 0.000000000000000000e+00 0.000000000000000000e+00 0.000000000000000000e+00 0.000000000000000000e+00 0.000000000000000000e+00 0.000000000000000000e+00
0.000000000000000000e+00 0.000000000000000000e+00 0.000000000000000000e+00 0.000000000000000000e+00 0.000000000000000000e+00 0.000000000000000000e+00 0.000000000000000000e+00
0.000000000000000000e+00 0.000000000000000000e+00 0.000000000000000000e+00 0.000000000000000000e+00 0.000000000000000000e+00 0.000000000000000000e+00 0.000000000000000000e+00
0.000000000000000000e+00 0.000000000000000000e+00 0.000000000000000000e+00 0.000000000000000000e+00 0.000000000000000000e+00 0.000000000000000000e+00 0.000000000000000000e+00
0.000000000000000000e+00 0.000000000000000000e+00 0.000000000000000000e+00 0.000000000000000000e+00 0.000000000000000000e+00 0.000000000000000000e+00 0.000000000000000000e+00
0.000000000000000000e+00 0.000000000000000000e+00 0.000000000000000000e+00 0.000000000000000000e+00 0.000000000000000000e+00 0.000000000000000000e+00 0.000000000000000000e+00
0.000000000000000000e+00 0.000000000000000000e+00 0.000000000000000000e+00 0.000000000000000000e+00 0.000000000000000000e+00 0.000000000000000000e+00 0.000000000000000000e+00
0.000000000000000000e+00 0.000000000000000000e+00 0.000000000000000000e+00 0.000000000000000000e+00 0.000000000000000000e+00 0.000000000000000000e+00 0.000000000000000000e+00
0.000000000000000000e+00 0.000000000000000000e+00 0.000000000000000000e+00 0.000000000000000000e+00 0.000000000000000000e+00 0.000000000000000000e+00 0.000000000000000000e+00
0.000000000000000000e+00 0.000000000000000000e+00 0.000000000000000000e+00 0.000000000000000000e+00 0.000000000000000000e+00 0.000000000000000000e+00 0.000000000000000000e+00
0.000000000000000000e+00 0.000000000000000000e+00 0.000000000000000000e+00 0.000000000000000000e+00 0.000000000000000000e+00 0.000000000000000000e+00 0.000000000000000000e+00
0.000000000000000000e+00 0.000000000000000000e+00 0.000000000000000000e+00 0.000000000000000000e+00 0.000000000000000000e+00 0.000000000000000000e+00 0.000000000000000000e+00
0.000000000000000000e+00 0.000000000000000000e+00 0.000000000000000000e+00 0.000000000000000000e+00 0.000000000000000000e+00 0.000000000000000000e+00 0.000000000000000000e+00
0.000000000000000000e+00 0.000000000000000000e+00 0.000000000000000000e+00 0.000000000000000000e+00 0.000000000000000000e+00 0.000000000000000000e+00 0.000000000000000000e+00
0.000000000000000000e+00 0.000000000000000000e+00 0.000000000000000000e+00 0.000000000000000000e+00 0.000000000000000000e+00 0.000000000000000000e+00 0.000000000000000000e+00
