9.490969767690330405e-01 9.457421638095276917e-01 9.358156700905302383e-01 7.948937911234885689e-01 4.972447824501811109e-01 6.510746452643199067e-01 9.377957744597466005e-01
9.796656962634138210e-01 9.817392244738922802e-01 9.829705306166702794e-01 9.832095279251295006e-01 9.763948184009678677e-01 9.659613585441370054e-01 9.401336283279005945e-01
0.000000000000000000e+00 0.000000000000000000e+00 0.000000000000000000e+00 0.000000000000000000e+00 0.000000000000000000e+00 0.000000000000000000e+00 0.000000000000000000e+00
0.000000000000000000e+00 0.000000000000000000e+00 0.000000000000000000e+00 0.000000000000000000e+00 0.000000000000000000e+00 0.000000000000000000e+00 0.000000000000000000e+00
3.450063650407494964e-01 1.745728784869460259e-01 1.052164106680426731e-01 2.862435671974108975e-01 7.167297781735506579e-01 9.528281806589525837e-01 9.036487267075175023e-01
0.000000000000000000e+00 0.000000000000000000e+00 0.000000000000000000e+00 0.000000000000000000e+00 0.000000000000000000e+00 0.000000000000000000e+00 0.000000000000000000e+00
8.833907745602022077e-01 8.797785303045594363e-01 8.829268068036507655e-01 8.605464194864771432e-01 8.122441643659628063e-01 7.902542223334870775e-01 8.237749474095146240e-01
7.618986922639607862e-01 7.811636417271852206e-01 9.517237226734696076e-01 8.241246491869063107e-01 9.215384657192415840e-01 9.611382754740462886e-01 9.411880442663046464e-01
0.000000000000000000e+00 0.000000000000000000e+00 0.000000000000000000e+00 0.000000000000000000e+00 0.000000000000000000e+00 0.000000000000000000e+00 0.000000000000000000e+00
0.000000000000000000e+00 0.000000000000000000e+00 0.000000000000000000e+00 0.000000000000000000e+00 0.000000000000000000e+00 0.000000000000000000e+00 0.000000000000000000e+00
5.678894295129762737e-01 5.270072949137259988e-01 6.360313510050906727e-01 7.035593518117808642e-01 5.162903628841397641e-01 4.805836533282438761e-01 3.281313130458131111e-01
8.844145970543664248e-01 8.173510936411675365e-01 7.534647535348459879e-01 7.427567076440618754e-01 2.985594779254545084e-01 4.977151478631977044e-01 5.449916872953913805e-01
8.373083672319937554e-01 8.513807732281962748e-01 8.781327919796775294e-01 9.086543491477953038e-01 8.871267376606118971e-01 7.223194694979193642e-01 7.981959064859858177e-01
9.669844831459215584e-01 9.776491228057403449e-01 9.881610728441290181e-01 9.907678897734301104e-01 9.869030019917414132e-01 9.687499219119141136e-01 9.672624898867011600e-01
9.656880313613238620e-01 9.871865340530968647e-01 9.897791046303768825e-01 9.819713058800155769e-01 9.489298300286928001e-01 7.148271932309618881e-01 8.885583995844794636e-01
0.000000000000000000e+00 0.000000000000000000e+00 0.000000000000000000e+00 0.000000000000000000e+00 0.000000000000000000e+00 0.000000000000000000e+00 0.000000000000000000e+00
0.000000000000000000e+00 0.000000000000000000e+00 0.000000000000000000e+00 0.000000000000000000e+00 0.000000000000000000e+00 0.000000000000000000e+00 0.000000000000000000e+00
9.150707637495564262e-01 9.598525407758233818e-01 9.827771769430091453e-01 9.618590510742521804e-01 8.975860463393018351e-01 8.530191298350608964e-01 9.011864607196858890e-01
9.860871567297442297e-01 9.876678161032715897e-01 9.881445296245318088e-01 9.858531682628723924e-01 9.724140070568555450e-01 8.350688417635651062e-01 5.196050993928339468e-01
0.000000000000000000e+00 0.000000000000000000e+00 0.000000000000000000e+00 0.000000000000000000e+00 0.000000000000000000e+00 0.000000000000000000e+00 0.000000000000000000e+00
0.000000000000000000e+00 0.000000000000000000e+00 0.000000000000000000e+00 0.000000000000000000e+00 0.000000000000000000e+00 0.000000000000000000e+00 0.000000000000000000e+00
8.181527292559230835e-01 9.072018906339177624e-01 9.459021899313720949e-01 9.551790551832596288e-01 9.783460282449839562e-01 9.424702917928010626e-01 8.603512646981830159e-01
9.312954683284857538e-01 9.361496413548701101e-01 8.341013651970113907e-01 4.253549459156992785e-01 3.842289533718974970e-01 4.883675907140530015e-01 9.380294758872489425e-01
0.000000000000000000e+00 0.000000000000000000e+00 0.000000000000000000e+00 0.000000000000000000e+00 0.000000000000000000e+00 0.000000000000000000e+00 0.000000000000000000e+00
7.562437023202672748e-01 7.025488153037040551e-01 6.304244090736214057e-01 4.935266569576577389e-01 4.069366810944242130e-01 2.937620050676551520e-01 1.857159471494722047e-01
9.763910302471238145e-01 9.713977369856611199e-01 9.830902868187317845e-01 9.846086448525328549e-01 9.843865806492481108e-01 9.753519840987142642e-01 9.484153979630650655e-01
0.000000000000000000e+00 0.000000000000000000e+00 0.000000000000000000e+00 0.000000000000000000e+00 0.000000000000000000e+00 0.000000000000000000e+00 0.000000000000000000e+00
0.000000000000000000e+00 0.000000000000000000e+00 0.000000000000000000e+00 0.000000000000000000e+00 0.000000000000000000e+00 0.000000000000000000e+00 0.000000000000000000e+00
9.012149605413800613e-01 9.235909792230919679e-01 8.680666950300370832e-01 9.065001474764846634e-01 4.666525529969651198e-01 5.576709730005457999e-01 4.330529612674962614e-01
8.800567891638466644e-01 8.635304154186991266e-01 7.328785784530768010e-01 4.422474637150916599e-01 5.060919884490017173e-01 6.774688215452678852e-01 9.334410684182836704e-01
0.000000000000000000e+00 0.000000000000000000e+00 0.000000000000000000e+00 0.000000000000000000e+00 0.000000000000000000e+00 0.000000000000000000e+00 0.000000000000000000e+00
7.691604433653578266e-01 7.126858670469600199e-01 5.807053784638478433e-01 4.524184197840266930e-01 3.080410019561871104e-01 8.820588256013417450e-01 4.356113081915936602e-01
0.000000000000000000e+00 0.000000000000000000e+00 0.000000000000000000e+00 0.000000000000000000e+00 0.000000000000000000e+00 0.000000000000000000e+00 0.000000000000000000e+00
9.467106941415381893e-01 9.638761227276435584e-01 9.592543046939393525e-01 9.516302749294197616e-01 9.462399537770292968e-01 7.687606884982962629e-01 8.525823534684621174e-01
9.109164092349856245e-01 9.401509813629550516e-01 9.682977420481013731e-01 9.711086862671508557e-01 9.808749926728604907e-01 9.429515720384823441e-01 9.527478270254459147e-01
9.721816153789812898e-01 9.688533549698334912e-01 9.682656968080839421e-01 9.662217089332809650e-01 9.570810822675437368e-01 9.383758374125442669e-01 9.486281386495595269e-01
9.859459555749744419e-01 9.876278359511593274e-01 9.918113290704915208e-01 9.959195268019860325e-01 9.946806826526415346e-01 9.853468354576039312e-01 9.777451436143056451e-01
9.500219259651009329e-01 9.532392650228288522e-01 9.657116464679060819e-01 9.475920913512383414e-01 9.102394227818569883e-01 9.396865317496871928e-01 9.447331942384900039e-01
9.263382556730174189e-01 9.357209312655009326e-01 8.949156819402404039e-01 9.299976441108267489e-01 9.434652782131561777e-01 9.237984338562972297e-01 6.921370999922158429e-01
0.000000000000000000e+00 0.000000000000000000e+00 0.000000000000000000e+00 0.000000000000000000e+00 0.000000000000000000e+00 0.000000000000000000e+00 0.000000000000000000e+00
9.782811975724595710e-01 9.745045907709151134e-01 9.772571452950278292e-01 9.811823399488434072e-01 9.803630187448203470e-01 9.526184793750182012e-01 9.418142175660690896e-01
0.000000000000000000e+00 0.000000000000000000e+00 0.000000000000000000e+00 0.000000000000000000e+00 0.000000000000000000e+00 0.000000000000000000e+00 0.000000000000000000e+00
0.000000000000000000e+00 0.000000000000000000e+00 0.000000000000000000e+00 0.000000000000000000e+00 0.000000000000000000e+00 0.000000000000000000e+00 0.000000000000000000e+00
1.690140305055435888e-01 5.502275942764834893e-01 6.516750724693951557e-01 5.027793318689131041e-01 4.048877737573712832e-01 7.061010044566995436e-01 9.034414877408808442e-01
7.496455131004728933e-01 7.979854059370902197e-01 8.571533263517432388e-01 9.190511602853456141e-01 9.483180444387382391e-01 8.993757518993804601e-01 9.847547750543983458e-01
9.578142500752109267e-01 9.381890134485548760e-01 9.024500336885364904e-01 8.691801755120016626e-01 8.153048602506949294e-01 7.914007750585478895e-01 7.691919158181883542e-01
7.798631207666495424e-01 3.670098839484132736e-01 2.075292706542260501e-01 4.020444181747691026e-01 5.816470733085032929e-01 6.954563311491805955e-01 4.918794265384197617e-01
6.977677873371631589e-01 4.178083010228710314e-01 2.437293555447227200e-01 3.744074917571853511e-01 5.491172136915586366e-01 5.030163971630586817e-01 4.698174970376476356e-01
9.486696878980339642e-01 9.643053931539951051e-01 9.216641919620853773e-01 8.492677937341291949e-01 9.456554554057194917e-01 9.635457474201027939e-01 9.834987675747028923e-01
0.000000000000000000e+00 0.000000000000000000e+00 0.000000000000000000e+00 0.000000000000000000e+00 0.000000000000000000e+00 0.000000000000000000e+00 0.000000000000000000e+00
9.581745769871194973e-01 9.664795941403269142e-01 9.691051944099029480e-01 9.810301581054637898e-01 9.742782803618318388e-01 9.556485918487265252e-01 9.620807384517807703e-01
9.398686203398579631e-01 9.139735416654023448e-01 7.901744587114513108e-01 7.855902683679315546e-01 9.069078813974212894e-01 8.751779949779878720e-01 9.269886378546620120e-01
6.591219268968856460e-01 7.875550964912246821e-01 6.718997050456203546e-01 6.302123234909040583e-01 9.379448973744379803e-01 9.685887222285721743e-01 9.762889786314132845e-01
8.971179450564629176e-01 8.282834791358703042e-01 6.934015117739019685e-01 6.813296666882431296e-01 5.517896475910644138e-01 8.703465394875810057e-01 9.490065962686027312e-01
9.823992030758569305e-01 9.819517897424566710e-01 9.844686868620757814e-01 9.861121066735947238e-01 9.802998660567328049e-01 7.592747898884076863e-01 5.775244699979702467e-01
9.810707468878940851e-01 9.852231390452740323e-01 9.738250617585038071e-01 9.403929686341877536e-01 9.105856567146494163e-01 8.904922848132337254e-01 9.107066216017890570e-01
9.759914205248436669e-01 9.703907025110872775e-01 9.735966173512139443e-01 9.890954781160796738e-01 9.947395507907258461e-01 9.853483969049007252e-01 9.783773228020999913e-01
9.762792988581689979e-01 9.701304898111777764e-01 9.735352706478851426e-01 9.887678842184920436e-01 9.947130594635928968e-01 9.853106614827198406e-01 9.785449034863926698e-01
0.000000000000000000e+00 0.000000000000000000e+00 0.000000000000000000e+00 0.000000000000000000e+00 0.000000000000000000e+00 0.000000000000000000e+00 0.000000000000000000e+00
9.725491557505154816e-01 9.723555178605713945e-01 9.605273497005601957e-01 5.587781025280672553e-01 4.932801944174239339e-01 4.207546941843310351e-01 8.358586837051688034e-01
0.000000000000000000e+00 0.000000000000000000e+00 0.000000000000000000e+00 0.000000000000000000e+00 0.000000000000000000e+00 0.000000000000000000e+00 0.000000000000000000e+00
9.702473466386211109e-01 9.467794376362245190e-01 8.996979884842331021e-01 8.735108741725071679e-01 9.103980627386549784e-01 9.484999955339282751e-01 9.788674703245383579e-01
0.000000000000000000e+00 0.000000000000000000e+00 0.000000000000000000e+00 0.000000000000000000e+00 0.000000000000000000e+00 0.000000000000000000e+00 0.000000000000000000e+00
5.768446911691699208e-01 3.570146132115278315e-01 4.314351497382698519e-01 5.520840230980595953e-01 6.757322072851986716e-01 5.745647656435419748e-01 3.854357513196762230e-01
0.000000000000000000e+00 0.000000000000000000e+00 0.000000000000000000e+00 0.000000000000000000e+00 0.000000000000000000e+00 0.000000000000000000e+00 0.000000000000000000e+00
0.000000000000000000e+00 0.000000000000000000e+00 0.000000000000000000e+00 0.000000000000000000e+00 0.000000000000000000e+00 0.000000000000000000e+00 0.000000000000000000e+00
9.455789614748348892e-01 9.790919916973263026e-01 9.757096561024392045e-01 9.532575877760398608e-01 9.700390119167836556e-01 5.992058128198732847e-01 4.211864792104467181e-01
8.422625550583709986e-01 8.411972839385022382e-01 8.208306132965236257e-01 7.695237060408705032e-01 6.589520561071371407e-01 9.258363537440743585e-01 9.635841811552593450e-01
8.794793547295067793e-01 6.592978336398108707e-01 6.707620820173629816e-01 7.495379795181674742e-01 8.606900577879897929e-01 6.978173542766739068e-01 5.137626133767875247e-01
0.000000000000000000e+00 0.000000000000000000e+00 0.000000000000000000e+00 0.000000000000000000e+00 0.000000000000000000e+00 0.000000000000000000e+00 0.000000000000000000e+00
9.688853782922122182e-01 9.614686344559473241e-01 9.027542025524926128e-01 6.639180111800462303e-01 3.489265016663114505e-01 1.069899942272565518e-01 6.576906921175886822e-01
0.000000000000000000e+00 0.000000000000000000e+00 0.000000000000000000e+00 0.000000000000000000e+00 0.000000000000000000e+00 0.000000000000000000e+00 0.000000000000000000e+00
0.000000000000000000e+00 0.000000000000000000e+00 0.000000000000000000e+00 0.000000000000000000e+00 0.000000000000000000e+00 0.000000000000000000e+00 0.000000000000000000e+00
6.716143543402370852e-01 8.582973874686009585e-01 8.132700678077569023e-01 8.555420116160579180e-01 8.509396547984192649e-01 7.423066515927362330e-01 7.802951002340275943e-01
0.000000000000000000e+00 0.000000000000000000e+00 0.000000000000000000e+00 0.000000000000000000e+00 0.000000000000000000e+00 0.000000000000000000e+00 0.000000000000000000e+00
9.771490086827251398e-01 9.594985789039388591e-01 9.667819021590511319e-01 9.733240491452671561e-01 9.569663766833483853e-01 9.476787241282803587e-01 8.419145224713008302e-01
7.508763290326082585e-01 6.777775540464857640e-01 5.584900479348685609e-01 6.173797490676452560e-01 6.055292518318236006e-01 7.499706198314710637e-01 8.165822008430124734e-01
7.296810453092344995e-01 6.202074400569435042e-01 6.489897614032921203e-01 5.740987003966742108e-01 6.563998195174143291e-01 7.400024100381132897e-01 8.252145544944515798e-01
9.441538173556468516e-01 7.330902910904301129e-01 7.882061539054689980e-01 7.656744288611494476e-01 7.390405778066608811e-01 8.027151090944518730e-01 7.675516702040406924e-01
8.527296034324227669e-01 7.936043901531347755e-01 8.611177555254839744e-01 7.206540374659552439e-01 6.581833357428052977e-01 5.554720091937398463e-01 4.909149940059297501e-01
0.000000000000000000e+00 0.000000000000000000e+00 0.000000000000000000e+00 0.000000000000000000e+00 0.000000000000000000e+00 0.000000000000000000e+00 0.000000000000000000e+00
9.500417827000580129e-01 9.456762758683207037e-01 9.593939527740623641e-01 9.711316507559532019e-01 9.725743054756932349e-01 9.662078190633531793e-01 9.546745096013475873e-01
9.620269502025915465e-01 9.630742358343755694e-01 9.566884101223623871e-01 9.320494328934391115e-01 9.525823508236753723e-01 9.169000928815910223e-01 6.691763364401447367e-01
9.424425000996528023e-01 9.429262350891031152e-01 9.733975330967040707e-01 9.812302246439269515e-01 9.857044297488247730e-01 9.817648424713532052e-01 9.722554672883176874e-01
5.780111489290632454e-01 5.841601453727391924e-01 6.521509974063164350e-01 7.731896638801156740e-01 8.560443130983667048e-01 8.735877735063000138e-01 9.406712519713607001e-01
9.734531276713584980e-01 9.781483857403754367e-01 9.714198981719731618e-01 9.405673337370936693e-01 9.273509568544483495e-01 9.070126097684152455e-01 9.427122146499229416e-01
9.749448883685785106e-01 9.782828277442947584e-01 9.712450710559930034e-01 9.355868347081847114e-01 9.255896424124172572e-01 9.037085345196927966e-01 9.424927289121564078e-01
9.630556900306933565e-01 9.602315731076342953e-01 9.703760964976202441e-01 9.718683453104510761e-01 9.819894757687065434e-01 9.681918214549385393e-01 8.718355439883971325e-01
0.000000000000000000e+00 0.000000000000000000e+00 0.000000000000000000e+00 0.000000000000000000e+00 0.000000000000000000e+00 0.000000000000000000e+00 0.000000000000000000e+00
0.000000000000000000e+00 0.000000000000000000e+00 0.000000000000000000e+00 0.000000000000000000e+00 0.000000000000000000e+00 0.000000000000000000e+00 0.000000000000000000e+00
0.000000000000000000e+00 0.000000000000000000e+00 0.000000000000000000e+00 0.000000000000000000e+00 0.000000000000000000e+00 0.000000000000000000e+00 0.000000000000000000e+00
6.907602846748085446e-01 7.423888727658203290e-01 5.619498290304831833e-01 6.363101569734989083e-01 4.926479614036635146e-01 4.090288604100146275e-01 3.591294771190022828e-01
6.352226014162064560e-01 7.199972199700274134e-01 2.851619964082623970e-01 2.257087962366073619e-01 4.267433386395675377e-01 3.855906864274444290e-01 5.684100314532788412e-01
8.722324344008139940e-01 8.367667584145548343e-01 9.077757826226257043e-01 9.356033681788227252e-01 9.488529935488584366e-01 8.337112134340751712e-01 8.352065220522141287e-01
0.000000000000000000e+00 0.000000000000000000e+00 0.000000000000000000e+00 0.000000000000000000e+00 0.000000000000000000e+00 0.000000000000000000e+00 0.000000000000000000e+00
9.491984012606721199e-01 9.664758121375762734e-01 9.773512737787953819e-01 9.777903081062833124e-01 9.465187531790177911e-01 9.295429542466558948e-01 8.739831202629232410e-01
5.768833866812335120e-01 5.009190345543297340e-01 3.274503064378816442e-01 7.426873461379410735e-01 8.019162092155753818e-01 6.571186440594478650e-01 7.652921566836645706e-01
4.572917149000865211e-01 5.091032943260332955e-01 4.671405738692401832e-01 4.072310682607363508e-01 6.110275452040127009e-01 9.063181778976797665e-01 9.260355501854679039e-01
9.648422302100697623e-01 9.675321802571269503e-01 9.664523771323910717e-01 9.389840408741115807e-01 9.157571619422476550e-01 9.093999459818286057e-01 9.284700701957254720e-01
9.299507499481837192e-01 8.155602031644315630e-01 7.708974656779411516e-01 7.795795549144775016e-01 7.156837597661994677e-01 8.016392972733978883e-01 9.566012585616909814e-01
9.384753892286057386e-01 8.314813875963443790e-01 7.932519775431963183e-01 8.521317210463421610e-01 7.416001143269144169e-01 8.401372192305975872e-01 9.520218135865072817e-01
9.441159033951965762e-01 8.794191589234665596e-01 9.495803340505784007e-01 8.445421932932649645e-01 5.053345731711066380e-01 6.555378819588180139e-01 9.167203349490777864e-01
9.823577883173989500e-01 9.858676386424932714e-01 9.791878762251100543e-01 9.664762194375425830e-01 9.551347556086499102e-01 9.050007669482031947e-01 9.193869844859468010e-01
9.620939197273571386e-01 9.535215803059194917e-01 9.587787681522220717e-01 9.827646696600012000e-01 9.810497261797582746e-01 9.322512544493573028e-01 9.137283700509435391e-01
1.160110110305104664e-01 4.318119944682612954e-01 8.148144927672748006e-01 7.921973430816279249e-01 9.031931544575076964e-01 9.373635076473668670e-01 9.852908214841875623e-01
0.000000000000000000e+00 0.000000000000000000e+00 0.000000000000000000e+00 0.000000000000000000e+00 0.000000000000000000e+00 0.000000000000000000e+00 0.000000000000000000e+00
9.505352793993350202e-01 9.534234371170111633e-01 9.167392512318598419e-01 7.724847939500713023e-01 5.612353956846514169e-01 3.606728045308720265e-01 2.292552508386599408e-01
8.312836942103332127e-01 7.430671623337166132e-01 8.125359288136412284e-01 5.959676328747381957e-01 6.595381354181083511e-01 6.054393867578655719e-01 4.804606537630287666e-01
9.646244771109868665e-01 9.579472540806294178e-01 9.348971741383922396e-01 9.440557091185259875e-01 9.550013880191094984e-01 9.241569086241999686e-01 9.263011306580494209e-01
8.864301368078898458e-01 8.918463867788696264e-01 8.627022257451386622e-01 8.974509849215245305e-01 9.200301497217286961e-01 9.112818950830932074e-01 9.388220661328221528e-01
9.038710119685572364e-02 7.770048822447538361e-01 7.428486944958083704e-01 7.041622993552177912e-01 7.973547238129025105e-01 8.189051863957645949e-01 9.181642875366972101e-01
0.000000000000000000e+00 0.000000000000000000e+00 0.000000000000000000e+00 0.000000000000000000e+00 0.000000000000000000e+00 0.000000000000000000e+00 0.000000000000000000e+00
0.000000000000000000e+00 0.000000000000000000e+00 0.000000000000000000e+00 0.000000000000000000e+00 0.000000000000000000e+00 0.000000000000000000e+00 0.000000000000000000e+00
8.702630150378726226e-01 7.056649401417439682e-01 6.982522926884319192e-01 7.455324833974774634e-01 8.447790816190952068e-01 8.680808051201973630e-01 8.136503587333313581e-01
0.000000000000000000e+00 0.000000000000000000e+00 0.000000000000000000e+00 0.000000000000000000e+00 0.000000000000000000e+00 0.000000000000000000e+00 0.000000000000000000e+00
9.391416579402612763e-01 9.009008743622172188e-01 6.839912038689470730e-01 6.471772592483702180e-01 7.633526168742544860e-01 8.824072474375733721e-01 9.445665139568155677e-01
8.486501049405723585e-01 6.469210704948539226e-01 5.446843956972950984e-01 5.332735140287500064e-01 4.583166033785360249e-01 5.474355515110007619e-01 5.353414156594438200e-01
9.873876655961274507e-01 9.896344926617774984e-01 9.845707399285511530e-01 9.702846910663097679e-01 8.201023876346238417e-01 3.795585345905699293e-01 4.544259314103683556e-01
0.000000000000000000e+00 0.000000000000000000e+00 0.000000000000000000e+00 0.000000000000000000e+00 0.000000000000000000e+00 0.000000000000000000e+00 0.000000000000000000e+00
9.794164079212297480e-01 9.576952644486607102e-01 9.491048660795269321e-01 9.734172081926125708e-01 9.638039472511833461e-01 7.349919479960823621e-01 9.420756385250750320e-01
3.432706859836327784e-02 4.313197519692189147e-02 1.982049166888663061e-01 1.830378116347554096e-01 1.850764556514704617e-01 2.161825229431977025e-01 1.366217787348219526e-01
8.140561773723572481e-01 6.534680089866585773e-01 7.649280719474956802e-01 8.677982985368826174e-01 9.233948613756493007e-01 8.608845193528585904e-01 6.260307833269860289e-01
9.458599070449279500e-01 9.486107031646728860e-01 8.941954242043326229e-01 5.525094854518646237e-01 5.586325406161917195e-01 6.017555918429509099e-01 9.237555692294576737e-01
8.759810520446705828e-01 9.035080572051708003e-01 9.466221392853301220e-01 9.604129540859729364e-01 9.437102364666556387e-01 9.147645580576745372e-01 8.101423346018400418e-01
9.588910450133367736e-01 9.531463249008775840e-01 9.424162841318700634e-01 8.894131159932183728e-01 8.916695049495801939e-01 9.586384410191195471e-01 9.150780520642841642e-01
9.506186664810876152e-01 9.632929800587044511e-01 9.821721683142636827e-01 9.887526693397621358e-01 9.806158597853387171e-01 9.572653320095769747e-01 9.529974765121177471e-01
8.755246358024929565e-01 8.065798242988644340e-01 7.299986309901300707e-01 8.137049022010625077e-01 9.467069822857147043e-01 9.217053488932770433e-01 8.135113929870855243e-01
9.789792312567068278e-01 9.582881628087750459e-01 8.941110089455416299e-01 8.327021801096619047e-01 8.974507570806106171e-01 8.975223278705326546e-01 9.259327605118259363e-01
8.787267341402129617e-01 8.208616563253771092e-01 8.054921363500444631e-01 8.303415247483267869e-01 8.650116460463812551e-01 9.351136297778674944e-01 9.646217630173715696e-01
9.732869692332687395e-01 9.740637278599694193e-01 9.626330040395131293e-01 9.450739725960183302e-01 9.357294602552692631e-01 9.660555738242775359e-01 8.645670077062258541e-01
7.277718457001143282e-01 8.015301246600200491e-01 9.071510662844359807e-01 9.417529460237442640e-01 9.355204233434453176e-01 9.599174219040894629e-01 9.477801977639416231e-01
8.713175928261235326e-01 8.350437731393722807e-01 7.112731271444493464e-01 6.203466189551279930e-01 8.230343735802887473e-01 9.358525180318000292e-01 9.416511216257926753e-01
9.301819436529819018e-01 9.017709410156089511e-01 8.448461830031058772e-01 8.185253895525598233e-01 8.400807546624224909e-01 6.444036711070237899e-01 5.689170835148119609e-01
9.279849078234253534e-01 9.060401183571659134e-01 8.632001251524555885e-01 8.352201328511046352e-01 8.071759287137622030e-01 6.337023081415230630e-01 8.226371374920311563e-01
8.843762439068414416e-01 8.983998692626307125e-01 7.974009571422649989e-01 8.268265437746907809e-01 9.265077570815377639e-01 9.492137194860541527e-01 9.408867026141609635e-01
0.000000000000000000e+00 0.000000000000000000e+00 0.000000000000000000e+00 0.000000000000000000e+00 0.000000000000000000e+00 0.000000000000000000e+00 0.000000000000000000e+00
8.553950073757153882e-01 8.199060337981790569e-01 8.060627478808695123e-01 7.559058248122538792e-01 7.462189095932089122e-01 7.729143349609675084e-01 4.319978397627364242e-01
8.298488019762396695e-01 8.185849383865924089e-01 7.450779782335027468e-01 6.567616147996316878e-01 5.587398808850676524e-01 8.300803015729758538e-01 6.142462141947585552e-01
9.661994272527437699e-01 9.228323441813209849e-01 8.760456102575452375e-01 8.715323407818162949e-01 9.133325959351275003e-01 7.621969281537652741e-01 8.166635857784030339e-01
0.000000000000000000e+00 0.000000000000000000e+00 0.000000000000000000e+00 0.000000000000000000e+00 0.000000000000000000e+00 0.000000000000000000e+00 0.000000000000000000e+00
9.827986846980280022e-01 9.870534482553460220e-01 9.895299861928301688e-01 9.922652596250072232e-01 9.910093099126011662e-01 9.699307570705494319e-01 9.811382672665008853e-01
0.000000000000000000e+00 0.000000000000000000e+00 0.000000000000000000e+00 0.000000000000000000e+00 0.000000000000000000e+00 0.000000000000000000e+00 0.000000000000000000e+00
2.657376751631178591e-01 2.630635162144951966e-01 5.881239214529753179e-01 3.731022227099408672e-01 4.806819607578650261e-02 2.709409809074492248e-01 7.559289814865347568e-01
9.492000744843160920e-01 9.408337615234036999e-01 9.314251989480240024e-01 9.232530054577513523e-01 3.232863428078746604e-01 3.527094771123965300e-01 4.262234172228585027e-01
0.000000000000000000e+00 0.000000000000000000e+00 0.000000000000000000e+00 0.000000000000000000e+00 0.000000000000000000e+00 0.000000000000000000e+00 0.000000000000000000e+00
8.803439887730272195e-01 9.325891377528459092e-01 9.500701711811813110e-01 8.891806141541013231e-01 8.368243039752073509e-01 8.372938705696858497e-01 8.211233072383644638e-01
0.000000000000000000e+00 0.000000000000000000e+00 0.000000000000000000e+00 0.000000000000000000e+00 0.000000000000000000e+00 0.000000000000000000e+00 0.000000000000000000e+00
9.477278907983021083e-01 9.526432577644279309e-01 9.558556388921217728e-01 9.637512248397984704e-01 9.687364470952218864e-01 9.305206287332860038e-01 9.130005798310768528e-01
0.000000000000000000e+00 0.000000000000000000e+00 0.000000000000000000e+00 0.000000000000000000e+00 0.000000000000000000e+00 0.000000000000000000e+00 0.000000000000000000e+00
7.870613770114293084e-01 8.161592054916896322e-01 5.174666935883528440e-01 7.988076851047204441e-01 8.814181376629499631e-01 9.271123159177796502e-01 9.643828531141483973e-01
0.000000000000000000e+00 0.000000000000000000e+00 0.000000000000000000e+00 0.000000000000000000e+00 0.000000000000000000e+00 0.000000000000000000e+00 0.000000000000000000e+00
6.264385632584210661e-01 6.107610025834393497e-01 4.870135699317117428e-01 7.589526207129893010e-01 8.291872233494842481e-01 7.562389068393313707e-01 9.251946664757150218e-01
9.265527315271638864e-01 8.815046580161741696e-01 8.428967195954640834e-01 8.232928146478973863e-01 8.114786073969891822e-01 9.095461868653972326e-01 3.968856470523768332e-01
7.784115328153874414e-01 8.143393720317644302e-01 7.985372959589848163e-01 5.388057742748315615e-01 5.151010938849287513e-01 3.615672403541801971e-01 6.290908622038744458e-01
5.740959747075101705e-01 5.903184589877952249e-01 7.040252821960729657e-01 9.005925111253701987e-01 9.624283978235812498e-01 9.468388115768272550e-01 9.784777263426472915e-01
8.522985076755619227e-01 4.876858508823340155e-01 5.092560767803019361e-01 3.900271499857838053e-01 2.178917184708215882e-01 3.120186290529711748e-01 1.819616043688091767e-01
9.499447223494843495e-01 9.589932277642473357e-01 9.700808616922437233e-01 9.538863951631978422e-01 9.090061019704156475e-01 5.293306867722469278e-01 4.855676650440426401e-01
0.000000000000000000e+00 0.000000000000000000e+00 0.000000000000000000e+00 0.000000000000000000e+00 0.000000000000000000e+00 0.000000000000000000e+00 0.000000000000000000e+00
0.000000000000000000e+00 0.000000000000000000e+00 0.000000000000000000e+00 0.000000000000000000e+00 0.000000000000000000e+00 0.000000000000000000e+00 0.000000000000000000e+00
0.000000000000000000e+00 0.000000000000000000e+00 0.000000000000000000e+00 0.000000000000000000e+00 0.000000000000000000e+00 0.000000000000000000e+00 0.000000000000000000e+00
0.000000000000000000e+00 0.000000000000000000e+00 0.000000000000000000e+00 0.000000000000000000e+00 0.000000000000000000e+00 0.000000000000000000e+00 0.000000000000000000e+00
0.000000000000000000e+00 0.000000000000000000e+00 0.000000000000000000e+00 0.000000000000000000e+00 0.000000000000000000e+00 0.000000000000000000e+00 0.000000000000000000e+00
0.000000000000000000e+00 0.000000000000000000e+00 0.000000000000000000e+00 0.000000000000000000e+00 0.000000000000000000e+00 0.000000000000000000e+00 0.000000000000000000e+00
0.000000000000000000e+00 0.000000000000000000e+00 0.000000000000000000e+00 0.000000000000000000e+00 0.000000000000000000e+00 0.000000000000000000e+00 0.000000000000000000e+00
0.000000000000000000e+00 0.000000000000000000e+00 0.000000000000000000e+00 0.000000000000000000e+00 0.000000000000000000e+00 0.000000000000000000e+00 0.000000000000000000e+00
0.000000000000000000e+00 0.000000000000000000e+00 0.000000000000000000e+00 0.000000000000000000e+00 0.000000000000000000e+00 0.000000000000000000e+00 0.000000000000000000e+00
0.000000000000000000e+00 0.000000000000000000e+00 0.000000000000000000e+00 0.000000000000000000e+00 0.000000000000000000e+00 0.000000000000000000e+00 0.000000000000000000e+00
0.000000000000000000e+00 0.000000000000000000e+00 0.000000000000000000e+00 0.000000000000000000e+00 0.000000000000000000e+00 0.000000000000000000e+00 0.000000000000000000e+00
0.000000000000000000e+00 0.000000000000000000e+00 0.000000000000000000e+00 0.000000000000000000e+00 0.000000000000000000e+00 0.000000000000000000e+00 0.000000000000000000e+00
0.000000000000000000e+00 0.000000000000000000e+00 0.000000000000000000e+00 0.000000000000000000e+00 0.000000000000000000e+00 0.000000000000000000e+00 0.000000000000000000e+00
0.000000000000000000e+00 0.000000000000000000e+00 0.000000000000000000e+00 0.000000000000000000e+00 0.000000000000000000e+00 0.000000000000000000e+00 0.000000000000000000e+00
0.000000000000000000e+00 0.000000000000000000e+00 0.000000000000000000e+00 0.000000000000000000e+00 0.000000000000000000e+00 0.000000000000000000e+00 0.000000000000000000e+00
0.000000000000000000e+00 0.000000000000000000e+00 0.000000000000000000e+00 0.000000000000000000e+00 0.000000000000000000e+00 0.000000000000000000e+00 0.000000000000000000e+00
0.000000000000000000e+00 0.000000000000000000e+00 0.000000000000000000e+00 0.000000000000000000e+00 0.000000000000000000e+00 0.000000000000000000e+00 0.000000000000000000e+00
0.000000000000000000e+00 0.000000000000000000e+00 0.000000000000000000e+00 0.000000000000000000e+00 0.000000000000000000e+00 0.000000000000000000e+00 0.000000000000000000e+00
0.000000000000000000e+00 0.000000000000000000e+00 0.000000000000000000e+00 0.000000000000000000e+00 0.000000000000000000e+00 0.000000000000000000e+00 0.000000000000000000e+00
0.000000000000000000e+00 0.000000000000000000e+00 0.000000000000000000e+00 0.000000000000000000e+00 0.000000000000000000e+00 0.000000000000000000e+00 0.000000000000000000e+00
0.000000000000000000e+00 0.000000000000000000e+00 0.000000000000000000e+00 0.000000000000000000e+00 0.000000000000000000e+00 0.000000000000000000e+00 0.000000000000000000e+00
0.000000000000000000e+00 0.000000000000000000e+00 0.000000000000000000e+00 0.000000000000000000e+00 0.000000000000000000e+00 0.000000000000000000e+00 0.000000000000000000e+00
0.000000000000000000e+00 0.000000000000000000e+00 0.000000000000000000e+00 0.000000000000000000e+00 0.000000000000000000e+00 0.000000000000000000e+00 0.000000000000000000e+00
0.000000000000000000e+00 0.000000000000000000e+00 0.000000000000000000e+00 0.000000000000000000e+00 0.000000000000000000e+00 0.000000000000000000e+00 0.000000000000000000e+00
0.000000000000000000e+00 0.000000000000000000e+00 0.000000000000000000e+00 0.000000000000000000e+00 0.000000000000000000e+00 0.000000000000000000e+00 0.000000000000000000e+00
0.000000000000000000e+00 0.000000000000000000e+00 0.000000000000000000e+00 0.000000000000000000e+00 0.000000000000000000e+00 0.000000000000000000e+00 0.000000000000000000e+00
0.000000000000000000e+00 0.000000000000000000e+00 0.000000000000000000e+00 0.000000000000000000e+00 0.000000000000000000e+00 0.000000000000000000e+00 0.000000000000000000e+00
0.000000000000000000e+00 0.000000000000000000e+00 0.000000000000000000e+00 0.000000000000000000e+00 0.000000000000000000e+00 0.000000000000000000e+00 0.000000000000000000e+00
0.000000000000000000e+00 0.000000000000000000e+00 0.000000000000000000e+00 0.000000000000000000e+00 0.000000000000000000e+00 0.000000000000000000e+00 0.000000000000000000e+00
0.000000000000000000e+00 0.000000000000000000e+00 0.000000000000000000e+00 0.000000000000000000e+00 0.000000000000000000e+00 0.000000000000000000e+00 0.000000000000000000e+00
0.000000000000000000e+00 0.000000000000000000e+00 0.000000000000000000e+00 0.000000000000000000e+00 0.000000000000000000e+00 0.000000000000000000e+00 0.000000000000000000e+00
0.000000000000000000e+00 0.000000000000000000e+00 0.000000000000000000e+00 0.000000000000000000e+00 0.000000000000000000e+00 0.000000000000000000e+00 0.000000000000000000e+00
0.000000000000000000e+00 0.000000000000000000e+00 0.000000000000000000e+00 0.000000000000000000e+00 0.000000000000000000e+00 0.000000000000000000e+00 0.000000000000000000e+00
