4.719052365439164021e+01 2.894052365439164021e+01 2.169052365439164021e+01 1.440523654391640207e+00 3.596905236543916544e+02 7.369052365439164021e+01 5.044052365439164021e+01
9.916926131472791894e-02 3.588491692613147279e+02 3.468491692613147279e+02 3.540991692613147279e+02 5.991692613147279189e-01 1.349169261314727919e+00 9.916926131472791894e-02
3.523862575222682949e+02 3.558862575222682949e+02 1.886257522268294906e+00 1.362575222682949061e-01 1.386257522268294906e+00 2.438625752226829491e+01 1.213625752226829491e+01
8.764182491123733598e+00 1.076418249112373360e+01 1.301418249112373360e+01 1.326418249112373360e+01 5.014182491123733598e+00 3.535141824911237336e+02 3.552641824911237336e+02
1.008550938977202804e+01 1.158550938977202804e+01 1.333550938977202804e+01 1.083550938977202804e+01 8.355093897720280438e-01 3.548355093897720280e+02 3.430855093897720280e+02
3.595777999524557345e+00 4.845777999524557345e+00 5.595777999524557345e+00 3.845777999524557345e+00 3.345777999524557345e+00 2.095777999524557345e+00 9.595777999524557345e+00
1.925626748230934027e+01 2.000626748230934027e+01 2.075626748230934027e+01 2.025626748230934027e+01 2.175626748230934027e+01 2.550626748230934027e+01 3.255062674823093403e+02
2.311768752313685127e+01 2.186768752313685127e+01 1.986768752313685127e+01 1.336768752313685127e+01 3.867687523136851269e+00 3.036768752313685127e+01 3.086768752313685127e+01
0.000000000000000000e+00 0.000000000000000000e+00 0.000000000000000000e+00 0.000000000000000000e+00 0.000000000000000000e+00 0.000000000000000000e+00 0.000000000000000000e+00
3.510268707251174192e+02 3.535268707251174192e+02 3.597768707251174192e+02 3.555268707251174192e+02 3.467768707251174192e+02 5.776870725117447591e+00 8.526870725117447591e+00
1.878623735178143761e+01 1.703623735178143761e+01 1.803623735178143761e+01 1.503623735178143761e+01 3.547862373517814376e+02 3.303623735178143761e+01 4.503623735178143761e+01
2.065782957283352061e+01 1.315782957283352061e+01 2.290782957283352061e+01 5.865782957283352061e+01 7.115782957283352061e+01 2.740782957283352061e+01 5.657829572833520615e+00
2.415844758546677440e+01 2.540844758546677440e+01 2.015844758546677440e+01 3.446584475854667744e+02 3.291584475854667744e+02 3.334084475854667744e+02 3.451584475854667744e+02
0.000000000000000000e+00 0.000000000000000000e+00 0.000000000000000000e+00 0.000000000000000000e+00 0.000000000000000000e+00 0.000000000000000000e+00 0.000000000000000000e+00
3.590376555242614245e+02 3.572876555242614245e+02 3.570376555242614245e+02 3.592876555242614245e+02 3.590376555242614245e+02 3.575376555242614245e+02 3.585376555242614245e+02
0.000000000000000000e+00 0.000000000000000000e+00 0.000000000000000000e+00 0.000000000000000000e+00 0.000000000000000000e+00 0.000000000000000000e+00 0.000000000000000000e+00
0.000000000000000000e+00 0.000000000000000000e+00 0.000000000000000000e+00 0.000000000000000000e+00 0.000000000000000000e+00 0.000000000000000000e+00 0.000000000000000000e+00
0.000000000000000000e+00 0.000000000000000000e+00 0.000000000000000000e+00 0.000000000000000000e+00 0.000000000000000000e+00 0.000000000000000000e+00 0.000000000000000000e+00
0.000000000000000000e+00 0.000000000000000000e+00 0.000000000000000000e+00 0.000000000000000000e+00 0.000000000000000000e+00 0.000000000000000000e+00 0.000000000000000000e+00
0.000000000000000000e+00 0.000000000000000000e+00 0.000000000000000000e+00 0.000000000000000000e+00 0.000000000000000000e+00 0.000000000000000000e+00 0.000000000000000000e+00
2.304767677886911770e+01 1.929767677886911770e+01 1.579767677886911770e+01 4.547676778869117697e+00 6.297676778869117697e+00 1.504767677886911770e+01 3.457976767788691177e+02
1.076236382697965155e+01 1.026236382697965155e+01 8.762363826979651549e+00 2.012363826979651549e+00 3.537623638269796515e+02 3.307623638269796515e+02 3.537623638269796515e+02
3.553338543401306424e+02 5.838543401306139913e-01 8.385434013061399128e-02 3.448338543401306424e+02 3.368338543401306424e+02 3.413338543401306424e+02 3.473338543401306424e+02
5.433399460647365231e+00 5.683399460647365231e+00 4.433399460647365231e+00 9.333994606473652311e-01 3.586833994606473652e+02 6.183399460647365231e+00 2.018339946064736523e+01
3.504384121622801445e+02 3.591884121622801445e+02 3.479384121622801445e+02 6.688412162280144457e+00 4.268841216228014446e+01 4.688412162280144457e+00 3.571884121622801445e+02
1.197509500915668923e+01 4.475095009156689230e+00 2.250950091566892297e-01 3.562250950091566892e+02 3.599750950091566892e+02 4.475095009156689230e+00 2.447509500915668923e+01
1.535459482267555131e+00 3.517854594822675836e+02 3.550354594822675836e+02 3.487854594822675836e+02 3.467854594822675836e+02 3.505354594822675836e+02 3.153545948226755513e+01
0.000000000000000000e+00 0.000000000000000000e+00 0.000000000000000000e+00 0.000000000000000000e+00 0.000000000000000000e+00 0.000000000000000000e+00 0.000000000000000000e+00
1.965493916033551614e-01 1.965493916033551614e-01 4.465493916033551614e-01 1.446549391603355161e+00 3.586965493916033552e+02 3.524465493916033552e+02 3.529465493916033552e+02
5.637116839027271453e+00 1.588711683902727145e+01 3.513711683902727145e+01 5.963711683902727145e+01 7.213711683902727145e+01 7.013711683902727145e+01 1.763711683902727145e+01
3.443233117507446650e+00 3.943233117507446650e+00 2.943233117507446650e+00 6.943233117507446650e+00 1.044323311750744665e+01 3.466932331175074751e+02 3.589432331175074751e+02
8.616315807531094606e+00 4.866315807531094606e+00 3.551163158075311230e+02 1.136631580753109461e+01 7.116315807531094606e+00 1.586631580753109461e+01 9.116315807531094606e+00
0.000000000000000000e+00 0.000000000000000000e+00 0.000000000000000000e+00 0.000000000000000000e+00 0.000000000000000000e+00 0.000000000000000000e+00 0.000000000000000000e+00
3.494446639638665602e+02 1.244466396386656015e+01 3.571946639638665602e+02 3.506946639638665602e+02 3.556946639638665602e+02 3.576946639638665602e+02 3.594446639638665602e+02
4.149448847172266142e+00 3.649448847172266142e+00 1.399448847172266142e+00 3.573994488471722661e+02 3.566494488471722661e+02 3.563994488471722661e+02 5.914944884717226614e+01
8.018021146097436258e+01 8.918021146097436258e+01 9.768021146097436258e+01 3.268021146097436258e+01 7.680211460974369686e+00 3.464302114609743626e+02 3.094302114609743626e+02
3.350430876580858808e+02 3.437930876580858808e+02 3.562930876580858808e+02 3.592930876580858808e+02 3.527930876580858808e+02 5.430876580858949865e-01 4.543087658085894986e+00
1.747009227375804130e+01 1.997009227375804130e+01 3.097009227375804130e+01 3.397009227375804130e+01 7.200922737580413013e-01 3.532200922737580413e+02 2.472009227375804130e+01
2.709822266966881443e+01 2.259822266966881443e+01 3.184822266966881443e+01 2.284822266966881443e+01 5.659822266966881443e+01 7.134822266966881443e+01 6.159822266966881443e+01
