4.519611723915706869e-01 4.065789726393727044e-01 5.644953479193291074e-02 1.768032355225999663e-01 2.143818602416678876e-01 3.133968259108457222e-01 8.344621162504869405e-01
9.824775410916128937e-01 9.821045814282289843e-01 9.773507880048968310e-01 9.775334791420029479e-01 9.682184598860981151e-01 9.400255073594597777e-01 9.035034837325431889e-01
9.397065811800234814e-01 9.245449435744756972e-01 9.005226453455468238e-01 8.936844981223927009e-01 8.237085009048492612e-01 8.648910251732875309e-01 9.150704721846927292e-01
9.820169685311164187e-01 9.855024433797877625e-01 9.873094873196025523e-01 9.868434279518708552e-01 9.776078419329899960e-01 9.589451090437930425e-01 8.630070434688879022e-01
9.794154642725270143e-01 9.712656229622012027e-01 9.720695213957073477e-01 9.418096880344498656e-01 9.313932963818225552e-01 5.042979449650273338e-01 8.883274503033791181e-01
9.584225471433973631e-01 9.777689184453370874e-01 9.866814739807903134e-01 9.909654414794870636e-01 9.853669870727763680e-01 9.568649594839750971e-01 9.162642646933732982e-01
9.823842875680594000e-01 9.898180447874155297e-01 9.885545138805573728e-01 9.639470249585905259e-01 7.583426666939129257e-01 9.091543436308965331e-01 8.840105699765476999e-01
9.840982024639329806e-01 9.839772480221078421e-01 9.773129713048896994e-01 9.508312726457837094e-01 6.947014762789054387e-01 7.657375429786997811e-01 7.156844979691194819e-01
0.000000000000000000e+00 0.000000000000000000e+00 0.000000000000000000e+00 0.000000000000000000e+00 0.000000000000000000e+00 0.000000000000000000e+00 0.000000000000000000e+00
9.489913158210389055e-01 9.371194421612230041e-01 9.206432030894184937e-01 9.044422941489340673e-01 7.992960427444172344e-01 7.791011751824092890e-01 8.521027652076027525e-01
9.759596067336029357e-01 9.736747955523907816e-01 9.743235024247143272e-01 9.749159876490911536e-01 9.553980441014329195e-01 5.794342646764112370e-01 4.185848901647208353e-01
5.988978155346278420e-01 6.059722068590164268e-01 4.773369423492897501e-01 6.464166571690576069e-01 8.339863155884662538e-01 7.600067409736388502e-01 3.448182613700082055e-01
9.749694909554558198e-01 9.521696145323238492e-01 8.395369659277739371e-01 6.960471193541207802e-01 6.058376631057800221e-01 6.234030122229000659e-01 8.867996956824421018e-01
0.000000000000000000e+00 0.000000000000000000e+00 0.000000000000000000e+00 0.000000000000000000e+00 0.000000000000000000e+00 0.000000000000000000e+00 0.000000000000000000e+00
9.862108821312668416e-01 9.890414898036934410e-01 9.934741189508419223e-01 9.947567006967185099e-01 9.955724892222216349e-01 9.968032055006856851e-01 9.953589676514384976e-01
0.000000000000000000e+00 0.000000000000000000e+00 0.000000000000000000e+00 0.000000000000000000e+00 0.000000000000000000e+00 0.000000000000000000e+00 0.000000000000000000e+00
0.000000000000000000e+00 0.000000000000000000e+00 0.000000000000000000e+00 0.000000000000000000e+00 0.000000000000000000e+00 0.000000000000000000e+00 0.000000000000000000e+00
0.000000000000000000e+00 0.000000000000000000e+00 0.000000000000000000e+00 0.000000000000000000e+00 0.000000000000000000e+00 0.000000000000000000e+00 0.000000000000000000e+00
0.000000000000000000e+00 0.000000000000000000e+00 0.000000000000000000e+00 0.000000000000000000e+00 0.000000000000000000e+00 0.000000000000000000e+00 0.000000000000000000e+00
0.000000000000000000e+00 0.000000000000000000e+00 0.000000000000000000e+00 0.000000000000000000e+00 0.000000000000000000e+00 0.000000000000000000e+00 0.000000000000000000e+00
9.880279863863712375e-01 9.847048293206379643e-01 9.778154729014721935e-01 9.705428643305076264e-01 9.677485808990812233e-01 9.538191314547452837e-01 8.573627310343276964e-01
9.693222430136722023e-01 9.891466531657989725e-01 9.934423750622841665e-01 9.937833413039832697e-01 9.806514379470118170e-01 4.904828578183538235e-01 9.812280895777546474e-01
8.955126397536183891e-01 8.775788127452736065e-01 8.838108494075562760e-01 8.848405230776624775e-01 9.403891886663365840e-01 9.696873593631165633e-01 9.545906446869603101e-01
9.444196603687885494e-01 9.668161010683774537e-01 9.887285313736051684e-01 9.955781104528141912e-01 9.904822250140995488e-01 9.827864938459106581e-01 9.793655050605332146e-01
7.427869646032326800e-01 6.778556715574213243e-01 7.154882406913862791e-01 7.429367422227822759e-01 8.808368813594579239e-01 8.741539715121965370e-01 9.323829592229859742e-01
9.546085556637148306e-01 9.369728828538117504e-01 8.903453927283414560e-01 9.578216141457847055e-01 9.355695152028107309e-01 8.849830702286356487e-01 7.282602262980956143e-01
9.689755657409574452e-01 9.694088256938565573e-01 9.756335723186813080e-01 9.702176589702043996e-01 9.735851135030789694e-01 9.722153433197950889e-01 9.732433073849948713e-01
0.000000000000000000e+00 0.000000000000000000e+00 0.000000000000000000e+00 0.000000000000000000e+00 0.000000000000000000e+00 0.000000000000000000e+00 0.000000000000000000e+00
9.199941548998707974e-01 9.309570239387982005e-01 9.667857287273817768e-01 9.769395072084851028e-01 9.773419316936218237e-01 9.833894246975538600e-01 9.718042145218729333e-01
8.065959442535204360e-01 6.799010322247459603e-01 6.720159120146959042e-01 9.183943232115453492e-01 4.112956064680183266e-01 3.423429285394062882e-01 4.011435712793362529e-01
9.893167295766253089e-01 9.900296574053001342e-01 9.836252805402383448e-01 9.651229982569061727e-01 9.389517865516745498e-01 8.392708892089796313e-01 9.208236736871088235e-01
9.400994483140178160e-01 9.603083700058973049e-01 9.428494013184780531e-01 9.312288755341829871e-01 8.971142662705607895e-01 9.312387368520543829e-01 9.638900524741227382e-01
0.000000000000000000e+00 0.000000000000000000e+00 0.000000000000000000e+00 0.000000000000000000e+00 0.000000000000000000e+00 0.000000000000000000e+00 0.000000000000000000e+00
9.166944812258963626e-01 7.340264684222487235e-01 7.355834254983055764e-01 8.115471649304409896e-01 9.139731044247467739e-01 9.653749733276428824e-01 9.708537808047478235e-01
9.748872838410623798e-01 9.807690118085338193e-01 9.756340330356200186e-01 8.337617391529510424e-01 5.618494188672812362e-01 6.971562355417973977e-01 9.722852368160553871e-01
2.445130679850646971e-01 3.098670045002067108e-01 6.311468267218646178e-01 7.285074827406687881e-01 7.434547847368984108e-01 7.245405781623055486e-01 5.467715035197848739e-01
8.584562060739223677e-01 8.376951735727969917e-01 9.235597525467224012e-01 9.772057449118916050e-01 9.909278162221406561e-01 9.537006956917837286e-01 9.651714087006098008e-01
9.921281834893322937e-01 9.898610579497002515e-01 9.768579847322522713e-01 9.658256320297944342e-01 9.554027065016085229e-01 7.182247994692112503e-01 3.401071651963614717e-01
8.627630133005214086e-01 8.455559787352049383e-01 8.320625178754649243e-01 8.344872514437278177e-01 7.278977468098979386e-01 5.121326362740548088e-01 4.920515517447674458e-01
6.854525369989667993e-01 7.028388001696896925e-01 7.170364077447224371e-01 8.188986024417416187e-01 8.539743904315050260e-01 8.336925286245668865e-01 9.441654970638247990e-01
9.727552337081848410e-01 9.769463811644072404e-01 8.742876592862146579e-01 6.408663219945522904e-01 5.291844010338232485e-01 9.488854169555711593e-01 7.484931137390250511e-01
5.373323107688391387e-01 6.024022294625941409e-01 6.970061082388380180e-01 8.533642609802913892e-01 9.550467004444435082e-01 9.684581989213005837e-01 9.726765912253818591e-01
9.729961832270263011e-01 9.825728571821281676e-01 9.914028054444583571e-01 9.915663004681716242e-01 9.697778224224925525e-01 5.700290367578081385e-01 3.888839043953087882e-01
5.559512249537134077e-01 5.751813729726344970e-01 7.376233771082555402e-01 8.204843440181409653e-01 9.448422290895222009e-01 9.520273642451461127e-01 9.731247370942184283e-01
9.728903689114047904e-01 9.869501755091074635e-01 9.794321991590642096e-01 9.083499936937534658e-01 9.315912636545330416e-01 9.276028776878327831e-01 8.459218592959352190e-01
8.222514662354383219e-01 8.267816314662880250e-01 4.706161784639391610e-01 4.893636380809270325e-01 7.962928555524140251e-01 5.652107882047228138e-01 3.512236419709688917e-01
9.826750849086928197e-01 9.899764989895531997e-01 9.933622754671679322e-01 9.928842419372407857e-01 9.962543170397668568e-01 9.940595454544753906e-01 9.899284235165639600e-01
0.000000000000000000e+00 0.000000000000000000e+00 0.000000000000000000e+00 0.000000000000000000e+00 0.000000000000000000e+00 0.000000000000000000e+00 0.000000000000000000e+00
0.000000000000000000e+00 0.000000000000000000e+00 0.000000000000000000e+00 0.000000000000000000e+00 0.000000000000000000e+00 0.000000000000000000e+00 0.000000000000000000e+00
9.901245230399734476e-01 9.806261807763471117e-01 9.447987617556815598e-01 9.484179108622414756e-01 8.958039498735985706e-01 5.374157450083441034e-01 4.434248152409345223e-01
9.877216070502263801e-01 9.930256215256655361e-01 9.939397337516953090e-01 9.844313064012835124e-01 9.880063774659443299e-01 9.658481182652379760e-01 9.822845341923708284e-01
8.733718659969337272e-01 8.936643484847152097e-01 9.211202888264771182e-01 9.181017412433978286e-01 9.755827764747184716e-01 9.862275627473725548e-01 9.831851603604652157e-01
0.000000000000000000e+00 0.000000000000000000e+00 0.000000000000000000e+00 0.000000000000000000e+00 0.000000000000000000e+00 0.000000000000000000e+00 0.000000000000000000e+00
7.036086230014141352e-01 6.843838684046499310e-01 7.079059437359090934e-01 7.340074397003515383e-01 7.877761117247538136e-01 8.801176916185710075e-01 9.721629198126539029e-01
9.517244930324132435e-01 9.735526262957079346e-01 9.633164936447558002e-01 9.286517789630153175e-01 9.408249802780734861e-01 9.374272965628270837e-01 8.960440040609666257e-01
0.000000000000000000e+00 0.000000000000000000e+00 0.000000000000000000e+00 0.000000000000000000e+00 0.000000000000000000e+00 0.000000000000000000e+00 0.000000000000000000e+00
0.000000000000000000e+00 0.000000000000000000e+00 0.000000000000000000e+00 0.000000000000000000e+00 0.000000000000000000e+00 0.000000000000000000e+00 0.000000000000000000e+00
0.000000000000000000e+00 0.000000000000000000e+00 0.000000000000000000e+00 0.000000000000000000e+00 0.000000000000000000e+00 0.000000000000000000e+00 0.000000000000000000e+00
0.000000000000000000e+00 0.000000000000000000e+00 0.000000000000000000e+00 0.000000000000000000e+00 0.000000000000000000e+00 0.000000000000000000e+00 0.000000000000000000e+00
9.933981213788455333e-01 9.938020748089050338e-01 9.944476884997384136e-01 9.895892062855582427e-01 9.703785198049496019e-01 6.081201742116352227e-01 8.353784022637950057e-01
9.792656666284027533e-01 9.812151166882001618e-01 9.837094071080899615e-01 9.899543913097778036e-01 9.932604946784957534e-01 8.497207981132606225e-01 9.498106079097511367e-01
9.479946953871704052e-01 9.605524063586510231e-01 9.736630633648666322e-01 9.777362773025818354e-01 9.563754306067969724e-01 9.182178959361793069e-01 9.693071246911708627e-01
9.668846875990465550e-01 9.737424483543968279e-01 9.644705684746220919e-01 9.407761201666697826e-01 9.432368526109227158e-01 9.176333284894884201e-01 9.214670797271996561e-01
0.000000000000000000e+00 0.000000000000000000e+00 0.000000000000000000e+00 0.000000000000000000e+00 0.000000000000000000e+00 0.000000000000000000e+00 0.000000000000000000e+00
8.918635785071076238e-01 9.252253748294002600e-01 9.490443859764150503e-01 9.580998467050501066e-01 8.583655205540576816e-01 9.161306272330131950e-01 9.800091230051055646e-01
0.000000000000000000e+00 0.000000000000000000e+00 0.000000000000000000e+00 0.000000000000000000e+00 0.000000000000000000e+00 0.000000000000000000e+00 0.000000000000000000e+00
9.824365896152539301e-01 9.911875742245751519e-01 9.940109706788325949e-01 9.948155636212527853e-01 9.938459421343371902e-01 9.928209119543885963e-01 9.856800242871920359e-01
9.269803449433798859e-01 9.088408432660417535e-01 9.139001118386882450e-01 9.313227203562322032e-01 9.162978282477594050e-01 8.304595664031899638e-01 9.390125124041879268e-01
