7.788111667274916217e-01 8.605257247971309642e-01 7.732815302275796165e-01 4.884370945439006073e-01 2.788882331789161451e-01 1.585289250507707637e-01 1.328025439724584145e-01
8.184546377777870418e-01 9.184992431445552219e-01 8.927067798738196336e-01 9.326720530008728582e-01 8.537395865668927497e-01 9.189568412980085865e-01 9.157812462393688513e-01
6.755872854190094756e-01 5.642804925438262842e-01 6.425496511205903705e-01 5.971052919827144478e-01 7.222042733495085409e-01 8.031653021407113568e-01 9.446905681572259628e-01
6.079662425488587818e-01 8.295031642463329691e-01 8.826061691829040212e-01 8.739206930041886201e-01 9.091274286628447943e-01 8.826668634412959680e-01 5.559046139142819198e-01
6.094220639673416651e-01 9.120581155342254442e-01 9.179143624520733624e-01 8.779121555341716787e-01 9.345453542946334791e-01 9.117397957824731058e-01 7.798489560725203606e-01
9.425495712858651398e-01 9.499755481319541728e-01 9.096405850118920444e-01 8.247449861531204185e-01 7.121632581892601843e-01 8.462696556568740647e-01 7.979811708049848740e-01
8.291197396383478413e-01 9.167309110845677234e-01 9.110420483889851706e-01 9.079730852922722750e-01 8.653806867063649211e-01 8.714742561274865240e-01 8.575156502523434421e-01
7.828918215803838399e-01 8.112552592585968725e-01 7.695880105053614084e-01 4.765206806041071275e-01 2.549543675818587429e-01 6.894803917937135651e-01 8.146428272029836437e-01
0.000000000000000000e+00 0.000000000000000000e+00 0.000000000000000000e+00 0.000000000000000000e+00 0.000000000000000000e+00 0.000000000000000000e+00 0.000000000000000000e+00
7.880056441064057227e-01 8.542767079908561989e-01 7.082200867015993051e-01 7.572169119501259704e-01 8.716635573684646809e-01 8.722911849449512811e-01 9.442875075478615043e-01
4.238056767002175707e-01 6.408461994382795845e-01 5.513739616028359158e-01 4.872536894602416679e-01 4.337593845406172433e-01 1.416186704665487461e-01 3.170002106376351714e-01
4.656040708491115399e-01 1.584922383973819127e-01 2.034236825889478018e-01 2.990716127807874769e-01 4.102936351692152983e-01 3.380100680501061938e-01 3.444286187800628118e-01
6.602752966512740462e-01 8.297411120476916313e-01 8.756144123724807216e-01 8.892065669575025533e-01 8.054816589670651394e-01 8.017126713074438360e-01 9.357752657666962293e-01
0.000000000000000000e+00 0.000000000000000000e+00 0.000000000000000000e+00 0.000000000000000000e+00 0.000000000000000000e+00 0.000000000000000000e+00 0.000000000000000000e+00
8.241920853908095701e-01 9.323184817313322492e-01 9.264738947449246975e-01 8.926076302625801651e-01 9.615302375607478469e-01 9.762213418534297915e-01 9.577864171571858209e-01
0.000000000000000000e+00 0.000000000000000000e+00 0.000000000000000000e+00 0.000000000000000000e+00 0.000000000000000000e+00 0.000000000000000000e+00 0.000000000000000000e+00
0.000000000000000000e+00 0.000000000000000000e+00 0.000000000000000000e+00 0.000000000000000000e+00 0.000000000000000000e+00 0.000000000000000000e+00 0.000000000000000000e+00
0.000000000000000000e+00 0.000000000000000000e+00 0.000000000000000000e+00 0.000000000000000000e+00 0.000000000000000000e+00 0.000000000000000000e+00 0.000000000000000000e+00
0.000000000000000000e+00 0.000000000000000000e+00 0.000000000000000000e+00 0.000000000000000000e+00 0.000000000000000000e+00 0.000000000000000000e+00 0.000000000000000000e+00
0.000000000000000000e+00 0.000000000000000000e+00 0.000000000000000000e+00 0.000000000000000000e+00 0.000000000000000000e+00 0.000000000000000000e+00 0.000000000000000000e+00
8.595406789892493515e-01 7.266408228627823096e-01 3.637260856200400516e-01 6.278399786101691582e-01 5.607470803030473183e-01 6.107756001588441341e-01 7.963075543506286103e-01
9.143880048583967746e-01 8.441893244470947133e-01 8.921387875494193320e-01 9.521497616956499099e-01 9.775163272277753723e-01 9.437795700304690838e-01 8.899164219856350311e-01
7.742270793434636866e-01 6.764262696099547778e-01 7.556608182300154075e-01 8.147303989032929072e-01 9.197024430045681598e-01 9.442530787135463566e-01 9.730062624315253261e-01
8.958503634084890033e-01 8.898123466774521262e-01 8.568695844070752798e-01 8.859470026739353354e-01 9.135343844991737905e-01 9.020138445072327649e-01 8.618213573860571408e-01
9.087706660788279489e-01 9.009151846985714585e-01 7.938355649206453313e-01 7.774713351185424948e-01 9.069936915385009568e-01 9.047577775206400164e-01 6.942329428928325497e-01
8.827612920086895798e-01 8.822808647981499330e-01 9.119023786491796679e-01 9.582155462121262346e-01 9.304434565689129188e-01 8.718215565677935874e-01 7.058586221674513217e-01
9.060364996301155660e-01 8.895414621776849273e-01 9.165778341767946147e-01 7.912345910570539598e-01 9.196993020183298340e-01 9.148711490185668094e-01 7.920247298009431836e-01
0.000000000000000000e+00 0.000000000000000000e+00 0.000000000000000000e+00 0.000000000000000000e+00 0.000000000000000000e+00 0.000000000000000000e+00 0.000000000000000000e+00
9.209826657511160919e-01 8.580179149598606836e-01 9.212152659742554039e-01 8.026516578099747168e-01 8.112408243192212876e-01 6.838992796840361876e-01 6.988944026741326088e-01
3.668036015929900806e-01 2.500424727331090891e-01 3.071426318235641606e-01 2.978287517594135902e-01 3.976961815126370814e-01 2.672938326840832435e-01 2.629478278892598553e-01
8.672759783444365933e-01 9.018587163136921880e-01 9.079245602058039211e-01 9.021109513966479865e-01 9.063595375207401661e-01 9.418464893444185027e-01 8.898783115301236446e-01
9.231091239022165551e-01 9.528801576730329126e-01 9.605471289015665715e-01 9.212449252753636131e-01 8.580895309324153564e-01 7.270997384227573246e-01 4.085722021978878127e-01
0.000000000000000000e+00 0.000000000000000000e+00 0.000000000000000000e+00 0.000000000000000000e+00 0.000000000000000000e+00 0.000000000000000000e+00 0.000000000000000000e+00
8.571092714235459820e-01 9.212677548272649730e-01 9.640947313144568875e-01 9.731349164062395030e-01 9.794447726043364888e-01 9.848317772821821858e-01 9.868512765032154688e-01
8.593350834618732614e-01 9.035360275639172656e-01 7.902954262394922269e-01 7.199767186133477770e-01 7.745019891544959734e-01 5.982533403399938887e-01 3.596560373196738825e-01
7.326767159768017290e-01 6.813281282918598469e-01 3.342597656315821619e-01 3.041694389266311194e-01 5.624237135477108129e-01 2.406035466473606665e-01 2.703297248743527503e-01
7.801192562668916031e-01 6.745308664280780242e-01 4.856357999332202025e-01 5.671585258035366506e-01 6.763419366503359287e-01 5.666225397581992063e-01 8.305764013277320279e-01
2.209127017238689816e-01 5.202600545468524240e-01 6.453109130843863728e-01 5.747306962432802147e-01 2.730241896378322597e-01 1.987936455962637239e-01 5.293147504697494066e-01
1.809288754041084857e-01 1.799546967808723641e-01 2.746853775040075107e-01 5.947740538404374666e-01 6.789612271211831196e-01 4.869449894159215142e-01 7.347156750357206612e-01
3.882292394637281152e-01 4.532429440029845380e-01 5.164570776893808723e-01 3.149631654633095468e-01 2.949451711203538440e-01 2.640709638686534189e-01 3.955708195678895311e-01
8.881739725625779069e-01 9.016361926901746981e-01 7.338429558778349904e-01 6.365102573474472614e-01 8.598785046600756488e-01 7.217290831336525825e-01 6.291119829755481563e-01
3.119300068017197836e-01 5.422256320846002842e-01 6.599357979341470282e-01 8.137153334751090483e-01 7.018102865100949161e-01 6.792272373798143859e-01 6.802026419542793745e-01
8.888807369619881049e-01 9.428813653876920720e-01 9.185544734171554593e-01 8.618166399497807495e-01 6.581391929484079473e-01 5.996183952104118253e-01 4.003780678852154051e-01
6.378410395034335156e-01 7.402024945375021980e-01 7.562993662009104279e-01 6.637033551266255937e-01 7.085890502901817101e-01 7.693335660460249859e-01 7.525447949368833100e-01
7.154364267212289796e-01 6.852470352126429631e-01 5.974649838012687786e-01 7.057071759224939900e-01 7.152801611274660631e-01 6.730839195435037725e-01 4.439517593993164146e-01
5.970937263468228950e-01 5.127470704700575199e-01 6.158655228154849004e-01 7.408863544680588387e-01 5.324401748350698904e-01 7.326233365962493416e-01 6.962506995127045739e-01
9.092423729956929934e-01 9.079354351862999328e-01 9.371684531622401781e-01 9.707814507538623516e-01 9.622318470176864924e-01 9.646310354873486315e-01 9.760272946664793059e-01
0.000000000000000000e+00 0.000000000000000000e+00 0.000000000000000000e+00 0.000000000000000000e+00 0.000000000000000000e+00 0.000000000000000000e+00 0.000000000000000000e+00
0.000000000000000000e+00 0.000000000000000000e+00 0.000000000000000000e+00 0.000000000000000000e+00 0.000000000000000000e+00 0.000000000000000000e+00 0.000000000000000000e+00
6.883587071639880595e-01 7.877444805781806947e-01 7.907434674449027590e-01 6.695594118054862820e-01 4.785209542896234347e-01 1.163690974556310376e-01 3.900577464238459413e-01
7.393845032553094665e-01 7.301324512731554028e-01 7.583291492853816429e-01 8.102425731657115771e-01 5.896964829659009366e-01 4.887979576635683721e-01 4.357090181724774802e-01
5.518633106904637931e-01 6.152915741923717929e-01 2.236857297464735772e-01 3.468321157997414361e-01 6.988219136558746492e-01 8.446048529451185560e-01 9.577173394625353442e-01
0.000000000000000000e+00 0.000000000000000000e+00 0.000000000000000000e+00 0.000000000000000000e+00 0.000000000000000000e+00 0.000000000000000000e+00 0.000000000000000000e+00
3.029560282781266212e-01 6.049287234190749984e-01 6.000028007747866265e-01 4.818498190384638558e-01 6.759320618417475890e-01 9.072951968542924961e-01 9.868404548383139518e-01
7.948029183829833366e-01 7.022252873335905754e-01 7.174945654951233598e-01 6.404903984142499285e-01 7.501932095093730712e-01 7.848955233793152297e-01 7.514608848874119174e-01
0.000000000000000000e+00 0.000000000000000000e+00 0.000000000000000000e+00 0.000000000000000000e+00 0.000000000000000000e+00 0.000000000000000000e+00 0.000000000000000000e+00
0.000000000000000000e+00 0.000000000000000000e+00 0.000000000000000000e+00 0.000000000000000000e+00 0.000000000000000000e+00 0.000000000000000000e+00 0.000000000000000000e+00
0.000000000000000000e+00 0.000000000000000000e+00 0.000000000000000000e+00 0.000000000000000000e+00 0.000000000000000000e+00 0.000000000000000000e+00 0.000000000000000000e+00
0.000000000000000000e+00 0.000000000000000000e+00 0.000000000000000000e+00 0.000000000000000000e+00 0.000000000000000000e+00 0.000000000000000000e+00 0.000000000000000000e+00
5.179053999931860774e-01 4.255569219382061008e-01 7.754742935618216260e-01 7.396050628730647114e-01 6.926078920731998378e-01 3.888413378654100860e-01 3.231855676541910971e-01
4.623790897579144188e-01 2.987837596862283340e-01 7.853591717212475842e-01 6.753070016997563263e-01 3.965898615472264743e-01 2.141763538217686391e-01 4.706588970630025126e-01
9.378973799353678142e-01 8.636232466248033868e-01 6.260457149353302331e-01 8.228310420159032912e-01 8.456437224385400242e-01 6.626433444112642679e-01 1.209105809058411141e-01
9.063415255550117955e-01 8.665159043822538987e-01 8.541430879240318186e-01 7.656658355326938503e-01 5.901510663515467936e-01 2.784743024675240264e-01 3.041187448698196016e-01
0.000000000000000000e+00 0.000000000000000000e+00 0.000000000000000000e+00 0.000000000000000000e+00 0.000000000000000000e+00 0.000000000000000000e+00 0.000000000000000000e+00
7.893125997589778287e-01 7.947171519316743593e-01 8.241796185279132159e-01 7.438180153849742737e-01 6.793628203255480669e-01 7.183977359392605955e-01 7.546797697443539121e-01
0.000000000000000000e+00 0.000000000000000000e+00 0.000000000000000000e+00 0.000000000000000000e+00 0.000000000000000000e+00 0.000000000000000000e+00 0.000000000000000000e+00
7.354990056746260052e-01 8.783959371317243692e-01 9.361382305488816780e-01 9.034318893831917441e-01 6.398578309419891141e-01 4.348002813405160150e-01 2.906675546405786403e-01
8.737050310204014236e-01 8.894634685119598982e-01 7.846427124973155420e-01 6.520436692632705089e-01 6.393184096634517699e-01 4.628443030331855224e-01 6.045087080762548970e-01
