8.511756386106412720e+00 1.526175638610641272e+01 2.001175638610641272e+01 8.011756386106412720e+00 3.390117563861064127e+02 3.257617563861064127e+02 1.151175638610641272e+01
3.399711905505947698e+02 3.399711905505947698e+02 7.211905505947697748e-01 1.797119055059476977e+01 3.504711905505947698e+02 3.467211905505947698e+02 3.502211905505947698e+02
3.435399593010241688e+02 3.362899593010241688e+02 7.789959301024168781e+00 1.953995930102416878e+01 3.575399593010241688e+02 3.530399593010241688e+02 3.527899593010241688e+02
3.576620318556912252e+02 9.912031855691225246e+00 7.662031855691225246e+00 4.662031855691225246e+00 4.412031855691225246e+00 3.912031855691225246e+00 2.716203185569122525e+01
3.564858311415802063e+02 2.485831141580206349e+00 3.735831141580206349e+00 1.985831141580206349e+00 3.235831141580206349e+00 7.735831141580206349e+00 1.398583114158020635e+01
3.320654883187739870e+02 3.428154883187739870e+02 3.528154883187739870e+02 3.505654883187739870e+02 3.470654883187739870e+02 3.485654883187739870e+02 3.568154883187739870e+02
2.647775075073047901e+01 2.222775075073047901e+01 1.347775075073047901e+01 1.447775075073047901e+01 3.529777507507304790e+02 7.727750750730479012e+00 3.559777507507304790e+02
1.568701948452087436e+01 9.937019484520874357e+00 3.576870194845208744e+02 4.187019484520874357e+00 2.343701948452087436e+01 3.444370194845208744e+02 3.546870194845208744e+02
0.000000000000000000e+00 0.000000000000000000e+00 0.000000000000000000e+00 0.000000000000000000e+00 0.000000000000000000e+00 0.000000000000000000e+00 0.000000000000000000e+00
6.177218984019589243e+00 4.927218984019589243e+00 1.442721898401958924e+01 6.677218984019589243e+00 3.511772189840195892e+02 3.511772189840195892e+02 3.534272189840195892e+02
2.418280700767292046e+01 2.843280700767292046e+01 1.718280700767292046e+01 6.932807007672920463e+00 2.161828070076729205e+02 2.976828070076729205e+02 9.968280700767292046e+01
3.387618295305173319e+02 2.892618295305173319e+02 7.051182953051733193e+01 1.080118295305173319e+02 2.110118295305173319e+02 6.926182953051733193e+01 1.937618295305173319e+02
3.592542340005642245e+02 2.475423400056422452e+01 8.254234000564224516e+00 2.004234000564224516e+00 7.004234000564224516e+00 1.100423400056422452e+01 3.582542340005642245e+02
0.000000000000000000e+00 0.000000000000000000e+00 0.000000000000000000e+00 0.000000000000000000e+00 0.000000000000000000e+00 0.000000000000000000e+00 0.000000000000000000e+00
2.088053496540169363e+01 2.288053496540169363e+01 2.888053496540169363e+01 1.013053496540169363e+01 3.596305349654016936e+02 1.880534965401693626e+00 3.573805349654016936e+02
0.000000000000000000e+00 0.000000000000000000e+00 0.000000000000000000e+00 0.000000000000000000e+00 0.000000000000000000e+00 0.000000000000000000e+00 0.000000000000000000e+00
0.000000000000000000e+00 0.000000000000000000e+00 0.000000000000000000e+00 0.000000000000000000e+00 0.000000000000000000e+00 0.000000000000000000e+00 0.000000000000000000e+00
0.000000000000000000e+00 0.000000000000000000e+00 0.000000000000000000e+00 0.000000000000000000e+00 0.000000000000000000e+00 0.000000000000000000e+00 0.000000000000000000e+00
0.000000000000000000e+00 0.000000000000000000e+00 0.000000000000000000e+00 0.000000000000000000e+00 0.000000000000000000e+00 0.000000000000000000e+00 0.000000000000000000e+00
0.000000000000000000e+00 0.000000000000000000e+00 0.000000000000000000e+00 0.000000000000000000e+00 0.000000000000000000e+00 0.000000000000000000e+00 0.000000000000000000e+00
2.680160791447718793e+01 3.450516079144771879e+02 3.435516079144771879e+02 3.170516079144771879e+02 3.048016079144771879e+02 4.801607914477187933e+00 2.880160791447718793e+01
3.565604747307435787e+02 3.485604747307435787e+02 3.468104747307435787e+02 7.810474730743578675e+00 7.310474730743578675e+00 3.583104747307435787e+02 3.398104747307435787e+02
5.481793337422345758e+00 1.098179333742234576e+01 3.231793337422345758e+00 7.981793337422345758e+00 8.481793337422345758e+00 3.539817933374223458e+02 3.479817933374223458e+02
3.501785083526605149e+02 3.469285083526605149e+02 2.886785083526605149e+02 2.891785083526605149e+02 2.866785083526605149e+02 2.791785083526605149e+02 2.826785083526605149e+02
3.509286160876545182e+02 3.551786160876545182e+02 3.554286160876545182e+02 4.428616087654518196e+00 1.942861608765451820e+01 3.569286160876545182e+02 3.569286160876545182e+02
3.586164289272179531e+02 1.311642892721795306e+01 3.578664289272179531e+02 3.543664289272179531e+02 3.528664289272179531e+02 3.506164289272179531e+02 3.556164289272179531e+02
5.095139935096369754e+01 5.045139935096369754e+01 3.495139935096369754e+01 6.451399350963697543e+00 3.469513993509636975e+02 3.509513993509636975e+02 3.429513993509636975e+02
0.000000000000000000e+00 0.000000000000000000e+00 0.000000000000000000e+00 0.000000000000000000e+00 0.000000000000000000e+00 0.000000000000000000e+00 0.000000000000000000e+00
9.805736473600745740e-02 7.348057364736007457e+00 1.034805736473600746e+01 3.558480573647360075e+02 4.098057364736007457e+00 1.084805736473600746e+01 4.459805736473600746e+01
3.435357317391770948e+02 3.572857317391770948e+02 1.192857317391770664e+02 7.403573173917706640e+01 8.328573173917706640e+01 3.525357317391770948e+02 9.785731739177066402e+00
3.347313714029255607e+02 3.377313714029255607e+02 3.582313714029255607e+02 3.352313714029255607e+02 3.564813714029255607e+02 1.948137140292556069e+01 6.731371402925560687e+00
3.553732560872393265e+02 3.591232560872393265e+02 3.373256087239326462e+00 8.373256087239326462e+00 1.237325608723932646e+01 3.271232560872393265e+02 3.143732560872393265e+02
0.000000000000000000e+00 0.000000000000000000e+00 0.000000000000000000e+00 0.000000000000000000e+00 0.000000000000000000e+00 0.000000000000000000e+00 0.000000000000000000e+00
5.593384432952802854e+00 3.093384432952802854e+00 1.593384432952802854e+00 3.595933844329528029e+02 2.093384432952802854e+00 5.343384432952802854e+00 8.093384432952802854e+00
3.401665740618381619e+02 3.436665740618381619e+02 3.469165740618381619e+02 3.481665740618381619e+02 3.459165740618381619e+02 3.479165740618381619e+02 3.456665740618381619e+02
3.318346913372620293e+02 3.398346913372620293e+02 3.525846913372620293e+02 3.525846913372620293e+02 3.413346913372620293e+02 3.588346913372620293e+02 3.158346913372620293e+02
2.095723675924824647e+01 2.295723675924824647e+01 1.645723675924824647e+01 1.745723675924824647e+01 3.434572367592482465e+02 3.464572367592482465e+02 3.502072367592482465e+02
2.277193719359428314e+01 8.771937193594283144e+00 5.219371935942831442e-01 3.467719371935942831e+02 6.802193719359428314e+01 9.327193719359428314e+01 3.652193719359428314e+01
2.217747845365556714e+01 1.767747845365556714e+01 1.792747845365556714e+01 3.677478453655567137e+00 6.927478453655567137e+00 4.677478453655567137e+00 4.177478453655567137e+00
3.412779429050317503e+00 1.816277942905031750e+01 3.591627794290503175e+02 1.162779429050317503e+00 1.491277942905031750e+01 1.491277942905031750e+01 3.581627794290503175e+02
3.510847785009707422e+02 3.533347785009707422e+02 7.584778500970742243e+00 2.183477850097074224e+01 2.584778500970742243e+00 3.555847785009707422e+02 3.508347785009707422e+02
2.913371490112055540e+02 2.660871490112055540e+02 2.828371490112055540e+02 2.683371490112055540e+02 2.683371490112055540e+02 3.205871490112055540e+02 3.425871490112055540e+02
3.518914379782971764e+02 3.436414379782971764e+02 3.456414379782971764e+02 3.421414379782971764e+02 1.039143797829717641e+01 1.301414379782971764e+02 3.456414379782971764e+02
2.009291782465390952e+01 4.842917824653909520e+00 6.342917824653909520e+00 3.500929178246539095e+02 3.510929178246539095e+02 3.475929178246539095e+02 3.568429178246539095e+02
3.441688009848460297e+02 3.579188009848460297e+02 3.594188009848460297e+02 3.559188009848460297e+02 3.551688009848460297e+02 3.519188009848460297e+02 2.918800984846029678e+00
2.816419896768692297e+02 3.011419896768692297e+02 3.223919896768692297e+02 3.153919896768692297e+02 7.639198967686922970e+01 1.539198967686922970e+01 3.223919896768692297e+02
3.455475178351159116e+02 3.590475178351159116e+02 3.580475178351159116e+02 3.562975178351159116e+02 3.517975178351159116e+02 4.751783511591156639e-02 8.047517835115911566e+00
0.000000000000000000e+00 0.000000000000000000e+00 0.000000000000000000e+00 0.000000000000000000e+00 0.000000000000000000e+00 0.000000000000000000e+00 0.000000000000000000e+00
0.000000000000000000e+00 0.000000000000000000e+00 0.000000000000000000e+00 0.000000000000000000e+00 0.000000000000000000e+00 0.000000000000000000e+00 0.000000000000000000e+00
2.270549177073831970e+01 1.620549177073831970e+01 7.705491770738319701e+00 3.524554917707383197e+02 2.705491770738319701e+00 1.062054917707383197e+02 2.620549177073831970e+01
3.304531600601382024e+01 2.129531600601382024e+01 2.879531600601382024e+01 1.045316006013820243e+00 3.570453160060138202e+02 3.565453160060138202e+02 2.129531600601382024e+01
7.408716531170796316e+00 1.340871653117079632e+01 1.140871653117079632e+01 3.251587165311707963e+02 3.281587165311707963e+02 3.474087165311707963e+02 3.399087165311707963e+02
0.000000000000000000e+00 0.000000000000000000e+00 0.000000000000000000e+00 0.000000000000000000e+00 0.000000000000000000e+00 0.000000000000000000e+00 0.000000000000000000e+00
6.924334244789747572e+00 3.344243342447897476e+02 3.264243342447897476e+02 3.174243342447897476e+02 3.239243342447897476e+02 3.529243342447897476e+02 3.569243342447897476e+02
1.214655674054870360e+01 3.526465567405487036e+02 3.571465567405487036e+02 1.465567405487036012e-01 7.646556740548703601e+00 3.511465567405487036e+02 3.556465567405487036e+02
0.000000000000000000e+00 0.000000000000000000e+00 0.000000000000000000e+00 0.000000000000000000e+00 0.000000000000000000e+00 0.000000000000000000e+00 0.000000000000000000e+00
0.000000000000000000e+00 0.000000000000000000e+00 0.000000000000000000e+00 0.000000000000000000e+00 0.000000000000000000e+00 0.000000000000000000e+00 0.000000000000000000e+00
0.000000000000000000e+00 0.000000000000000000e+00 0.000000000000000000e+00 0.000000000000000000e+00 0.000000000000000000e+00 0.000000000000000000e+00 0.000000000000000000e+00
0.000000000000000000e+00 0.000000000000000000e+00 0.000000000000000000e+00 0.000000000000000000e+00 0.000000000000000000e+00 0.000000000000000000e+00 0.000000000000000000e+00
3.952830500222967203e+01 1.652830500222967203e+01 2.002830500222967203e+01 1.302830500222967203e+01 3.537783050022296720e+02 3.322783050022296720e+02 1.227830500222967203e+01
1.623440312824584453e+00 5.462344031282458445e+01 3.623440312824584453e+00 3.593734403128245845e+02 2.373440312824584453e+00 1.312344031282458445e+01 3.162344031282458445e+01
3.556486027344476497e-01 4.105648602734447650e+00 3.335564860273444765e+01 1.935564860273444765e+01 1.560564860273444765e+01 1.085564860273444765e+01 9.605648602734447650e+00
3.507924854748519010e+02 3.442924854748519010e+02 5.542485474851901017e+00 1.254248547485190102e+01 4.542485474851901017e+00 3.570424854748519010e+02 3.510424854748519010e+02
0.000000000000000000e+00 0.000000000000000000e+00 0.000000000000000000e+00 0.000000000000000000e+00 0.000000000000000000e+00 0.000000000000000000e+00 0.000000000000000000e+00
3.291847289819360185e+02 3.314347289819360185e+02 3.364347289819360185e+02 3.531847289819360185e+02 9.434728981936018499e+00 5.934728981936018499e+00 1.934728981936018499e+00
0.000000000000000000e+00 0.000000000000000000e+00 0.000000000000000000e+00 0.000000000000000000e+00 0.000000000000000000e+00 0.000000000000000000e+00 0.000000000000000000e+00
1.227247288961427785e+01 1.152247288961427785e+01 3.585224728896142778e+02 3.360224728896142778e+02 3.470224728896142778e+02 3.557724728896142778e+02 3.582724728896142778e+02
3.592858678754631114e+02 3.550358678754631114e+02 3.445358678754631114e+02 3.587858678754631114e+02 1.228586787546311143e+01 1.103586787546311143e+01 3.785867875463111432e+00
