9.338066751214569194e+00 1.133806675121456919e+01 1.583806675121456919e+01 2.838066751214569194e+00 3.440880667512145692e+02 7.838066751214569194e+00 5.208806675121456919e+01
2.363606138058003125e+00 9.863606138058003125e+00 1.161360613805800313e+01 1.363606138058003125e+00 1.363606138058003125e+00 3.508636061380580031e+02 3.573636061380580031e+02
2.147757380161999663e+01 2.947757380161999663e+01 3.559775738016199966e+02 3.559775738016199966e+02 3.592275738016199966e+02 3.559775738016199966e+02 3.527275738016199966e+02
1.659390319182796247e+01 2.359390319182796247e+01 1.009390319182796247e+01 3.478439031918279625e+02 3.430939031918279625e+02 1.184390319182796247e+01 3.558439031918279625e+02
2.516424833256905913e+01 1.791424833256905913e+01 3.914248332569059130e+00 3.499142483325690591e+02 3.346642483325690591e+02 3.529142483325690591e+02 4.914248332569059130e+00
2.354813920404939154e+01 2.548139204049391537e+00 3.467981392040493915e+02 3.512981392040493915e+02 3.405481392040493915e+02 3.510481392040493915e+02 3.442981392040493915e+02
3.415750824077700827e+02 3.483250824077700827e+02 3.563250824077700827e+02 5.575082407770082682e+00 3.515750824077700827e+02 1.432508240777008268e+01 1.257508240777008268e+01
3.523151864837901144e+02 3.500651864837901144e+02 9.315186483790114380e+00 1.065186483790114380e+00 3.145651864837901144e+02 1.206518648379011438e+01 1.031518648379011438e+01
0.000000000000000000e+00 0.000000000000000000e+00 0.000000000000000000e+00 0.000000000000000000e+00 0.000000000000000000e+00 0.000000000000000000e+00 0.000000000000000000e+00
1.161798414374015920e+01 3.581179841437401592e+02 7.617984143740159197e+00 3.563679841437401592e+02 3.553679841437401592e+02 3.563679841437401592e+02 3.533679841437401592e+02
3.260400452988957340e+02 2.604004529889573405e+01 1.079004529889573405e+01 5.040045298895734049e+00 3.382900452988957340e+02 2.660400452988957340e+02 3.370400452988957340e+02
2.698734004114444360e+02 2.791234004114444360e+02 1.821234004114444360e+02 1.551234004114444360e+02 1.391234004114444360e+02 1.437340041144443603e+01 2.161234004114444360e+02
5.236550169792610632e+01 1.361550169792610632e+01 5.115501697926106317e+00 3.581155016979261063e+02 1.061550169792610632e+01 2.111550169792610632e+01 7.865501697926106317e+00
0.000000000000000000e+00 0.000000000000000000e+00 0.000000000000000000e+00 0.000000000000000000e+00 0.000000000000000000e+00 0.000000000000000000e+00 0.000000000000000000e+00
3.542244030326780830e+02 3.582244030326780830e+02 2.224403032678083036e+00 6.724403032678083036e+00 9.224403032678083036e+00 1.122440303267808304e+01 5.974403032678083036e+00
0.000000000000000000e+00 0.000000000000000000e+00 0.000000000000000000e+00 0.000000000000000000e+00 0.000000000000000000e+00 0.000000000000000000e+00 0.000000000000000000e+00
0.000000000000000000e+00 0.000000000000000000e+00 0.000000000000000000e+00 0.000000000000000000e+00 0.000000000000000000e+00 0.000000000000000000e+00 0.000000000000000000e+00
0.000000000000000000e+00 0.000000000000000000e+00 0.000000000000000000e+00 0.000000000000000000e+00 0.000000000000000000e+00 0.000000000000000000e+00 0.000000000000000000e+00
0.000000000000000000e+00 0.000000000000000000e+00 0.000000000000000000e+00 0.000000000000000000e+00 0.000000000000000000e+00 0.000000000000000000e+00 0.000000000000000000e+00
0.000000000000000000e+00 0.000000000000000000e+00 0.000000000000000000e+00 0.000000000000000000e+00 0.000000000000000000e+00 0.000000000000000000e+00 0.000000000000000000e+00
3.318749809220307156e+02 3.428749809220307156e+02 9.624980922030715647e+00 2.512498092203071565e+01 3.426249809220307156e+02 2.888749809220307156e+02 2.786249809220307156e+02
9.910913947014933001e+00 3.539109139470149330e+02 4.160913947014933001e+00 6.410913947014933001e+00 1.910913947014933001e+00 3.551609139470149330e+02 1.841091394701493300e+01
1.348095863234448188e+01 1.748095863234448188e+01 3.387309586323444819e+02 3.529809586323444819e+02 3.459809586323444819e+02 3.562309586323444819e+02 7.480958632344481885e+00
1.764182387885256276e+01 1.039182387885256276e+01 3.578918238788525628e+02 3.418918238788525628e+02 3.483918238788525628e+02 7.141823878852562757e+00 2.314182387885256276e+01
3.551039598423867574e+02 3.488539598423867574e+02 3.281039598423867574e+02 3.511039598423867574e+02 3.523539598423867574e+02 3.446039598423867574e+02 3.506039598423867574e+02
3.481899527573202704e+02 3.539399527573202704e+02 3.534399527573202704e+02 1.689952757320270393e+00 3.499399527573202704e+02 6.439952757320270393e+00 3.546899527573202704e+02
1.340766508492993125e+01 9.907665084929931254e+00 3.157665084929931254e+00 8.657665084929931254e+00 2.907665084929931254e+00 1.657665084929931254e+00 3.407665084929931254e+00
0.000000000000000000e+00 0.000000000000000000e+00 0.000000000000000000e+00 0.000000000000000000e+00 0.000000000000000000e+00 0.000000000000000000e+00 0.000000000000000000e+00
5.601877269390797665e+00 3.851877269390797665e+00 3.481018772693907977e+02 3.538518772693907977e+02 3.483518772693907977e+02 3.598518772693907977e+02 2.160187726939079766e+01
9.015043216215093480e+01 1.689004321621509348e+02 1.861504321621509348e+02 1.799004321621509348e+02 1.631504321621509348e+02 1.215043216215093480e+01 8.650432162150934801e+00
1.501492821790651533e+01 6.264928217906515329e+00 3.535149282179065153e+02 3.585149282179065153e+02 3.595149282179065153e+02 1.076492821790651533e+01 6.264928217906515329e+00
3.488847875362012019e+00 1.488847875362012019e+00 3.399888478753620120e+02 3.412388478753620120e+02 1.273884787536201202e+01 1.323884787536201202e+01 1.842388478753620120e+02
0.000000000000000000e+00 0.000000000000000000e+00 0.000000000000000000e+00 0.000000000000000000e+00 0.000000000000000000e+00 0.000000000000000000e+00 0.000000000000000000e+00
3.568933789507477741e+02 3.528933789507477741e+02 3.523933789507477741e+02 6.393378950747774070e+00 1.289337895074777407e+01 1.014337895074777407e+01 1.064337895074777407e+01
3.530986948775566248e+02 3.380986948775566248e+02 3.553486948775566248e+02 3.483486948775566248e+02 3.553486948775566248e+02 4.098694877556624760e+00 3.848694877556624760e+00
3.519658453068335575e+02 3.554658453068335575e+02 3.572158453068335575e+02 7.465845306833557515e+00 3.589658453068335575e+02 3.567158453068335575e+02 5.571584530683355752e+01
3.590123217465196603e+02 3.460123217465196603e+02 3.437623217465196603e+02 3.502623217465196603e+02 3.577623217465196603e+02 3.597623217465196603e+02 3.417623217465196603e+02
1.147701653502565478e+01 1.222701653502565478e+01 7.227016535025654775e+00 4.770165350256547754e-01 1.319770165350256548e+02 1.744770165350256548e+02 1.844770165350256548e+02
3.514842995544724999e+02 3.384842995544724999e+02 7.273429955447249995e+01 4.623429955447249995e+01 2.823429955447249995e+01 3.599842995544724999e+02 3.429842995544724999e+02
