7.424186360623640235e-01 5.682320282023112235e-01 3.602459303405667890e-01 3.933146156288031547e-01 3.230025301067057653e-01 2.429623160251926650e-01 3.671993676946138097e-01
9.631588601293704643e-01 9.257422375129468195e-01 8.675474399180550522e-01 8.148119961254804977e-01 7.552323350439414940e-01 5.859432475360570880e-01 4.781393446325791774e-01
9.524972203219322919e-01 9.383384229152085254e-01 8.763215373150934351e-01 8.579801309229306838e-01 8.979489955070754093e-01 8.552255590332390467e-01 9.513181899502852756e-01
9.872994109551195274e-01 9.903776171019416097e-01 9.912761062275899926e-01 9.864381620540580986e-01 9.694354770310172897e-01 9.485735025489790972e-01 8.102210736269392921e-01
9.790735896700752949e-01 9.774496830718437668e-01 9.746095314539360288e-01 9.713007691385906472e-01 9.482656330017260604e-01 8.004586090111046603e-01 8.225769171098875621e-01
9.747329670326352336e-01 9.767663560877577478e-01 9.849688739990952735e-01 9.879650047254238121e-01 9.719177385765216393e-01 9.453546613769189255e-01 9.621102530080563042e-01
9.771447005492377436e-01 9.741991115269615920e-01 9.731276831738114863e-01 9.502683913733335208e-01 9.204352344297730415e-01 6.094638169074484413e-01 8.111150798028395892e-01
9.216237288756682355e-01 9.235584418793429951e-01 9.181578249032203987e-01 8.992657401031317610e-01 7.919845936329483749e-01 6.270413752727629353e-01 7.307156141256898607e-01
0.000000000000000000e+00 0.000000000000000000e+00 0.000000000000000000e+00 0.000000000000000000e+00 0.000000000000000000e+00 0.000000000000000000e+00 0.000000000000000000e+00
9.508689032786517004e-01 9.329760019052620867e-01 8.435966897334146175e-01 8.116682320106572979e-01 7.374314847240492909e-01 7.962168838050766029e-01 9.058453949033836716e-01
9.556650297792338433e-01 9.605797167493075328e-01 9.522160036166192887e-01 8.880582419455771426e-01 9.365351033322366625e-01 4.275728272457478552e-01 4.294383902931330765e-01
5.986770620545265320e-01 4.250972408014521697e-01 4.087473519740745798e-01 5.312610593708236850e-01 6.864680147654148579e-01 6.046043676802829170e-01 5.276224256674941770e-01
9.687808410468610187e-01 9.585694707075693710e-01 9.456554414126381314e-01 8.008872707104336408e-01 8.411040377976304327e-01 8.084105768872005271e-01 6.930134627561486127e-01
0.000000000000000000e+00 0.000000000000000000e+00 0.000000000000000000e+00 0.000000000000000000e+00 0.000000000000000000e+00 0.000000000000000000e+00 0.000000000000000000e+00
9.840481369862427163e-01 9.854170121220524603e-01 9.839747911616056886e-01 9.778217355347176287e-01 9.833251996737853995e-01 9.886121748107623564e-01 9.895576286865531701e-01
0.000000000000000000e+00 0.000000000000000000e+00 0.000000000000000000e+00 0.000000000000000000e+00 0.000000000000000000e+00 0.000000000000000000e+00 0.000000000000000000e+00
0.000000000000000000e+00 0.000000000000000000e+00 0.000000000000000000e+00 0.000000000000000000e+00 0.000000000000000000e+00 0.000000000000000000e+00 0.000000000000000000e+00
0.000000000000000000e+00 0.000000000000000000e+00 0.000000000000000000e+00 0.000000000000000000e+00 0.000000000000000000e+00 0.000000000000000000e+00 0.000000000000000000e+00
0.000000000000000000e+00 0.000000000000000000e+00 0.000000000000000000e+00 0.000000000000000000e+00 0.000000000000000000e+00 0.000000000000000000e+00 0.000000000000000000e+00
0.000000000000000000e+00 0.000000000000000000e+00 0.000000000000000000e+00 0.000000000000000000e+00 0.000000000000000000e+00 0.000000000000000000e+00 0.000000000000000000e+00
9.383438317783356908e-01 9.742537653676418552e-01 9.732031600356222389e-01 9.421963307874827720e-01 9.651207629389838560e-01 9.377727067086624180e-01 9.324630222486028908e-01
9.656420611838754109e-01 9.764586943997740631e-01 9.757806396761506962e-01 9.230505409648147586e-01 9.254085496056158044e-01 8.271091002754729082e-01 9.385046259468912133e-01
9.189534134002398380e-01 9.156868484527299623e-01 9.213436012029240230e-01 9.058275130435597955e-01 9.148866778144501000e-01 9.161732339922142865e-01 8.979295040467067945e-01
9.751194260967761540e-01 9.756454675883377003e-01 9.756309405393338574e-01 9.766934619479411550e-01 9.832353901637219673e-01 9.804747612658377687e-01 9.590508581129756349e-01
8.714478788058029890e-01 7.881288710845048007e-01 6.866788755084715090e-01 5.471565711523662667e-01 7.251831898704292900e-01 8.009996862816185503e-01 9.373745519871375942e-01
9.651946859536819634e-01 9.655820711495141095e-01 9.522007805963956795e-01 9.708027465291977354e-01 9.776273227175875657e-01 9.322300919713765177e-01 9.061324554226564132e-01
9.902090098290787790e-01 9.859031034039250629e-01 9.802863999436072229e-01 9.433677358341321373e-01 8.793882443233344004e-01 8.568492589336317300e-01 8.591378288047487599e-01
0.000000000000000000e+00 0.000000000000000000e+00 0.000000000000000000e+00 0.000000000000000000e+00 0.000000000000000000e+00 0.000000000000000000e+00 0.000000000000000000e+00
9.884198404238084823e-01 9.916068793883626720e-01 9.917442073556025361e-01 9.812638451577003762e-01 9.584034241400077869e-01 9.473325998503218104e-01 8.365843692424669298e-01
8.467858498153731928e-01 8.481500780318689259e-01 7.689054573227034339e-01 5.535900026478288716e-01 5.881627064739136657e-01 5.244923770966425369e-01 4.407184986126511661e-01
9.842095377323699656e-01 9.835076244559198821e-01 9.838194168388039174e-01 9.831828177045435213e-01 9.669854765487587711e-01 6.542330389062026574e-01 7.446932504596913693e-01
4.897597054039984910e-01 5.604188782802560498e-01 6.872116576614609729e-01 8.422018222318330416e-01 9.603117960824727461e-01 9.717035090609988934e-01 9.324316649396384715e-01
0.000000000000000000e+00 0.000000000000000000e+00 0.000000000000000000e+00 0.000000000000000000e+00 0.000000000000000000e+00 0.000000000000000000e+00 0.000000000000000000e+00
8.471828224684210262e-01 7.781623609238699224e-01 7.122838222419164422e-01 9.314986502915404420e-01 9.304302545875148267e-01 9.592422976439975990e-01 9.637825231144764304e-01
9.709982516592153834e-01 9.717157779085650038e-01 9.771302355885894686e-01 9.672832988048217784e-01 9.674472608559254727e-01 8.577609670845141032e-01 7.532392467710967709e-01
5.764368116289202426e-01 6.318739558324290018e-01 6.815740314358822438e-01 8.089724310839597754e-01 8.263454565970013155e-01 9.546320397286098824e-01 5.138184094235137556e-01
7.006188659335161883e-01 7.462965654064812604e-01 7.929543202131235091e-01 8.657294559859155525e-01 9.553750902797284450e-01 9.760173777830631892e-01 9.792305859058078044e-01
8.759589976336219497e-01 8.584789229482520101e-01 4.886852360362425873e-01 8.692119678026093421e-01 6.667352501613271754e-01 7.654905635785158591e-01 6.421152627838803140e-01
7.872322190815015386e-01 8.542164561698605274e-01 8.651836941628986422e-01 7.814745988595921400e-01 6.684524553231689925e-01 6.134831390573394216e-01 5.528443197125239017e-01
