1.766704279327115046e+00 1.670427932711504582e-02 3.577667042793270866e+02 3.590167042793270866e+02 1.766704279327115046e+00 1.766704279327115046e+00 3.502667042793270866e+02
1.470331671351308955e+01 1.320331671351308955e+01 9.703316713513089553e+00 4.453316713513089553e+00 3.584533167135131180e+02 3.512033167135131180e+02 3.422033167135131180e+02
0.000000000000000000e+00 0.000000000000000000e+00 0.000000000000000000e+00 0.000000000000000000e+00 0.000000000000000000e+00 0.000000000000000000e+00 0.000000000000000000e+00
0.000000000000000000e+00 0.000000000000000000e+00 0.000000000000000000e+00 0.000000000000000000e+00 0.000000000000000000e+00 0.000000000000000000e+00 0.000000000000000000e+00
3.375074700504367797e+02 1.125747005043677973e+01 5.475747005043677973e+01 5.325747005043677973e+01 2.850747005043677973e+01 8.007470050436779729e+00 2.375747005043677973e+01
0.000000000000000000e+00 0.000000000000000000e+00 0.000000000000000000e+00 0.000000000000000000e+00 0.000000000000000000e+00 0.000000000000000000e+00 0.000000000000000000e+00
2.472393220343712983e+01 1.172393220343712983e+01 2.239322034371298287e-01 1.622393220343712983e+01 2.272393220343712983e+01 9.723932203437129829e+00 1.647393220343712983e+01
3.519930131868368335e+02 2.430131868368050618e-01 7.493013186836805062e+00 1.374301318683680506e+01 2.149301318683680506e+01 1.974301318683680506e+01 3.493013186836805062e+00
0.000000000000000000e+00 0.000000000000000000e+00 0.000000000000000000e+00 0.000000000000000000e+00 0.000000000000000000e+00 0.000000000000000000e+00 0.000000000000000000e+00
0.000000000000000000e+00 0.000000000000000000e+00 0.000000000000000000e+00 0.000000000000000000e+00 0.000000000000000000e+00 0.000000000000000000e+00 0.000000000000000000e+00
3.422419734644746541e+02 3.384919734644746541e+02 3.269919734644746541e+02 3.294919734644746541e+02 3.387419734644746541e+02 3.574919734644746541e+02 7.419734644746256436e-01
2.797265810786960856e+02 2.802265810786960856e+02 2.904765810786960856e+02 3.017265810786960856e+02 3.009765810786960856e+02 2.807265810786960856e+02 3.229765810786960856e+02
2.892757059010821763e+01 1.542757059010821763e+01 8.927570590108217630e+00 6.177570590108217630e+00 5.677570590108217630e+00 3.484275705901081892e+02 3.426775705901081892e+02
1.440016747549236698e+01 9.400167475492366975e+00 6.150167475492366975e+00 4.650167475492366975e+00 1.150167475492366975e+00 3.476501674754923670e+02 3.516501674754923670e+02
1.465512569769799711e+01 8.155125697697997111e+00 3.405125697697997111e+00 3.579051256976979971e+02 3.546551256976979971e+02 3.451551256976979971e+02 3.566551256976979971e+02
0.000000000000000000e+00 0.000000000000000000e+00 0.000000000000000000e+00 0.000000000000000000e+00 0.000000000000000000e+00 0.000000000000000000e+00 0.000000000000000000e+00
0.000000000000000000e+00 0.000000000000000000e+00 0.000000000000000000e+00 0.000000000000000000e+00 0.000000000000000000e+00 0.000000000000000000e+00 0.000000000000000000e+00
1.893730994657380506e+01 1.843730994657380506e+01 1.718730994657380506e+01 1.168730994657380506e+01 3.687309946573805064e+00 3.551873099465738051e+02 1.873099465738050640e-01
1.650693788152446473e+01 1.425693788152446473e+01 1.175693788152446473e+01 8.756937881524464728e+00 2.569378815244647285e-01 3.340069378815244363e+02 3.152569378815244363e+02
0.000000000000000000e+00 0.000000000000000000e+00 0.000000000000000000e+00 0.000000000000000000e+00 0.000000000000000000e+00 0.000000000000000000e+00 0.000000000000000000e+00
0.000000000000000000e+00 0.000000000000000000e+00 0.000000000000000000e+00 0.000000000000000000e+00 0.000000000000000000e+00 0.000000000000000000e+00 0.000000000000000000e+00
8.342725030007443365e+00 1.259272503000744337e+01 1.359272503000744337e+01 9.592725030007443365e+00 3.573427250300074434e+02 3.475927250300074434e+02 3.440927250300074434e+02
4.790707320038961825e+00 4.540707320038961825e+00 2.290707320038961825e+00 3.587907073200389618e+02 3.560407073200389618e+02 3.495407073200389618e+02 1.979070732003896183e+01
0.000000000000000000e+00 0.000000000000000000e+00 0.000000000000000000e+00 0.000000000000000000e+00 0.000000000000000000e+00 0.000000000000000000e+00 0.000000000000000000e+00
1.832518826832182413e+01 2.157518826832182413e+01 2.057518826832182413e+01 1.132518826832182413e+01 5.257518826832182413e+01 8.257518826832182413e+01 8.407518826832182413e+01
1.705845113604061680e+01 1.255845113604061680e+01 8.808451136040616802e+00 3.808451136040616802e+00 2.308451136040616802e+00 2.808451136040616802e+00 2.308451136040616802e+00
0.000000000000000000e+00 0.000000000000000000e+00 0.000000000000000000e+00 0.000000000000000000e+00 0.000000000000000000e+00 0.000000000000000000e+00 0.000000000000000000e+00
0.000000000000000000e+00 0.000000000000000000e+00 0.000000000000000000e+00 0.000000000000000000e+00 0.000000000000000000e+00 0.000000000000000000e+00 0.000000000000000000e+00
2.797331845274783291e+01 2.197331845274783291e+01 1.097331845274783291e+01 1.097331845274783291e+01 3.947331845274783291e+01 3.062233184527478329e+02 3.577233184527478329e+02
1.392463170054235277e+01 3.396746317005423634e+02 3.259246317005423634e+02 3.266746317005423634e+02 3.306746317005423634e+02 3.404246317005423634e+02 3.494246317005423634e+02
0.000000000000000000e+00 0.000000000000000000e+00 0.000000000000000000e+00 0.000000000000000000e+00 0.000000000000000000e+00 0.000000000000000000e+00 0.000000000000000000e+00
3.478980216332757891e+01 4.578980216332757891e+01 3.452898021633275789e+02 3.227898021633275789e+02 3.250398021633275789e+02 3.225398021633275789e+02 3.570398021633275789e+02
0.000000000000000000e+00 0.000000000000000000e+00 0.000000000000000000e+00 0.000000000000000000e+00 0.000000000000000000e+00 0.000000000000000000e+00 0.000000000000000000e+00
6.762419889562579556e+00 8.762419889562579556e+00 9.512419889562579556e+00 8.512419889562579556e+00 2.012419889562579556e+00 8.762419889562579556e+00 2.012419889562579556e+00
1.483269252930767834e+00 4.832692529307678342e-01 3.589832692529307678e+02 2.233269252930767834e+00 2.048326925293076783e+01 1.048326925293076783e+01 3.733269252930767834e+00
9.412332433969908152e+00 6.162332433969908152e+00 3.662332433969908152e+00 1.662332433969908152e+00 3.564123324339699366e+02 3.414123324339699366e+02 3.469123324339699366e+02
1.924102003828301122e+01 1.299102003828301122e+01 7.991020038283011218e+00 3.491020038283011218e+00 1.241020038283011218e+00 3.594910200382830112e+02 3.564910200382830112e+02
6.732492765370977850e+00 4.482492765370977850e+00 3.592324927653709778e+02 3.542324927653709778e+02 3.554824927653709778e+02 3.579824927653709778e+02 3.574824927653709778e+02
1.591293164403083438e+01 1.966293164403083438e+01 1.891293164403083438e+01 1.141293164403083438e+01 3.581629316440308344e+02 3.546629316440308344e+02 3.559129316440308344e+02
0.000000000000000000e+00 0.000000000000000000e+00 0.000000000000000000e+00 0.000000000000000000e+00 0.000000000000000000e+00 0.000000000000000000e+00 0.000000000000000000e+00
1.427198552797571551e+01 9.021985527975715513e+00 6.521985527975715513e+00 4.271985527975715513e+00 3.595219855279757439e+02 3.532719855279757439e+02 3.557719855279757439e+02
0.000000000000000000e+00 0.000000000000000000e+00 0.000000000000000000e+00 0.000000000000000000e+00 0.000000000000000000e+00 0.000000000000000000e+00 0.000000000000000000e+00
0.000000000000000000e+00 0.000000000000000000e+00 0.000000000000000000e+00 0.000000000000000000e+00 0.000000000000000000e+00 0.000000000000000000e+00 0.000000000000000000e+00
3.015468894911105053e+02 3.067968894911105053e+02 1.129688949111050533e+01 5.054688949111050533e+01 4.729688949111050533e+01 1.046889491110505332e+00 3.572968894911105053e+02
7.029736121378022062e+00 8.029736121378022062e+00 5.029736121378022062e+00 1.279736121378022062e+00 1.402973612137802206e+01 1.902973612137802206e+01 5.029736121378022062e+00
3.558880004549308751e+02 3.536380004549308751e+02 3.426380004549308751e+02 3.481380004549308751e+02 3.556380004549308751e+02 3.488880004549308751e+02 3.496380004549308751e+02
2.972557389330171418e+01 3.247255738933017142e+02 2.977255738933017142e+02 1.422557389330171418e+01 5.497557389330171418e+01 3.297255738933017142e+02 3.279755738933017142e+02
2.620359771680216454e+01 3.554535977168021645e+02 3.092035977168021645e+02 3.282035977168021645e+02 3.120359771680216454e+01 1.545359771680216454e+01 3.102035977168021645e+02
7.788713923226225688e+00 6.038713923226225688e+00 2.538713923226225688e+00 6.538713923226225688e+00 7.288713923226225688e+00 8.538713923226225688e+00 9.038713923226225688e+00
0.000000000000000000e+00 0.000000000000000000e+00 0.000000000000000000e+00 0.000000000000000000e+00 0.000000000000000000e+00 0.000000000000000000e+00 0.000000000000000000e+00
1.914364063633465207e+01 1.789364063633465207e+01 1.514364063633465207e+01 1.189364063633465207e+01 2.393640636334652072e+00 3.536436406363346805e+02 3.568936406363346805e+02
3.544112627945095824e+02 3.526612627945095824e+02 3.514112627945095824e+02 2.291126279450958236e+01 1.391126279450958236e+01 3.566612627945095824e+02 8.661262794509582363e+00
4.450073671910899975e+01 4.300073671910899975e+01 3.500073671910899975e+01 2.250073671910899975e+01 3.537507367191089998e+02 3.570007367191089998e+02 3.550007367191089998e+02
5.547126170607299400e+00 3.582971261706072710e+02 3.555471261706072710e+02 3.420471261706072710e+02 3.357971261706072710e+02 7.971261706072994002e-01 3.562971261706072710e+02
1.551125038048874671e+01 1.526125038048874671e+01 1.301125038048874671e+01 5.261250380488746714e+00 3.490112503804887183e+02 3.300112503804887183e+02 3.342612503804887183e+02
2.239229355853296966e+00 3.589892293558532970e+02 3.554892293558532970e+02 7.392293558532969655e-01 1.098922935585329697e+01 2.989229355853296966e+00 3.457392293558532970e+02
3.593046874702940272e+02 3.568046874702940272e+02 3.503046874702940272e+02 3.470546874702940272e+02 3.495546874702940272e+02 3.543046874702940272e+02 3.555546874702940272e+02
3.588932801865142892e+02 3.563932801865142892e+02 3.498932801865142892e+02 3.466432801865142892e+02 3.491432801865142892e+02 3.538932801865142892e+02 3.551432801865142892e+02
0.000000000000000000e+00 0.000000000000000000e+00 0.000000000000000000e+00 0.000000000000000000e+00 0.000000000000000000e+00 0.000000000000000000e+00 0.000000000000000000e+00
2.224644436823297156e+01 1.274644436823297156e+01 3.496444368232971556e+00 3.409964443682329716e+02 3.084964443682329716e+02 3.134964443682329716e+02 3.472464443682329716e+02
0.000000000000000000e+00 0.000000000000000000e+00 0.000000000000000000e+00 0.000000000000000000e+00 0.000000000000000000e+00 0.000000000000000000e+00 0.000000000000000000e+00
7.817112827423471799e+00 1.006711282742347180e+01 5.067112827423471799e+00 1.567112827423471799e+00 2.817112827423471799e+00 1.317112827423471799e+00 3.575671128274234434e+02
0.000000000000000000e+00 0.000000000000000000e+00 0.000000000000000000e+00 0.000000000000000000e+00 0.000000000000000000e+00 0.000000000000000000e+00 0.000000000000000000e+00
1.332887832496527380e+01 3.207887832496527380e+01 4.182887832496527380e+01 4.957887832496527380e+01 2.432887832496527380e+01 3.485788783249652738e+02 3.330788783249652738e+02
0.000000000000000000e+00 0.000000000000000000e+00 0.000000000000000000e+00 0.000000000000000000e+00 0.000000000000000000e+00 0.000000000000000000e+00 0.000000000000000000e+00
0.000000000000000000e+00 0.000000000000000000e+00 0.000000000000000000e+00 0.000000000000000000e+00 0.000000000000000000e+00 0.000000000000000000e+00 0.000000000000000000e+00
3.789676753451146851e+00 5.289676753451146851e+00 1.128967675345114685e+01 1.528967675345114685e+01 1.028967675345114685e+01 3.487896767534511469e+02 3.500396767534511469e+02
1.962819143768697927e+00 3.562128191437686837e+02 2.128191437686979270e-01 5.462819143768697927e+00 8.212819143768697927e+00 7.962819143768697927e+00 6.712819143768697927e+00
7.388428076644231624e+00 6.888428076644231624e+00 3.586384280766442316e+02 1.138428076644231624e+00 2.913842807664423162e+01 3.763842807664423162e+01 3.613842807664423162e+01
0.000000000000000000e+00 0.000000000000000000e+00 0.000000000000000000e+00 0.000000000000000000e+00 0.000000000000000000e+00 0.000000000000000000e+00 0.000000000000000000e+00
5.014631799295329984e+00 4.014631799295329984e+00 2.014631799295329984e+00 1.764631799295329984e+00 2.646317992953299836e-01 3.552646317992953300e+02 3.555146317992953300e+02
0.000000000000000000e+00 0.000000000000000000e+00 0.000000000000000000e+00 0.000000000000000000e+00 0.000000000000000000e+00 0.000000000000000000e+00 0.000000000000000000e+00
0.000000000000000000e+00 0.000000000000000000e+00 0.000000000000000000e+00 0.000000000000000000e+00 0.000000000000000000e+00 0.000000000000000000e+00 0.000000000000000000e+00
3.508868658900988748e+02 3.531368658900988748e+02 3.498868658900988748e+02 3.511368658900988748e+02 9.636865890098860632e+00 2.613686589009886063e+01 2.886865890098860632e+00
0.000000000000000000e+00 0.000000000000000000e+00 0.000000000000000000e+00 0.000000000000000000e+00 0.000000000000000000e+00 0.000000000000000000e+00 0.000000000000000000e+00
1.666076758520978274e+01 9.910767585209782737e+00 2.660767585209782737e+00 3.660767585209782737e+00 1.191076758520978274e+01 3.160767585209782737e+00 3.344107675852097827e+02
3.487063829929951453e+02 7.063829929951452868e-01 3.320638299299514529e+01 4.920638299299514529e+01 3.670638299299514529e+01 6.456382992995145287e+00 1.720638299299514529e+01
3.580720321492949552e+02 1.157203214929495516e+01 2.457203214929495516e+01 2.932203214929495516e+01 1.957203214929495516e+01 7.203214929495516117e-02 1.532203214929495516e+01
3.638846672974899832e+00 1.138846672974899832e+00 3.336388466729749211e+02 3.318888466729749211e+02 3.536388466729749211e+02 3.528888466729749211e+02 3.546388466729749211e+02
1.587896497006943264e+01 2.962896497006943264e+01 3.012896497006943264e+01 3.612896497006943264e+01 4.037896497006943264e+01 4.437896497006943264e+01 3.587896497006943264e+01
0.000000000000000000e+00 0.000000000000000000e+00 0.000000000000000000e+00 0.000000000000000000e+00 0.000000000000000000e+00 0.000000000000000000e+00 0.000000000000000000e+00
3.597539253803180372e+02 3.535039253803180372e+02 3.475039253803180372e+02 3.442539253803180372e+02 3.465039253803180372e+02 1.253925380318037242e+00 3.542539253803180372e+02
3.496619658140360798e+00 3.549966196581403892e+02 3.549966196581403892e+02 3.554966196581403892e+02 3.517466196581403892e+02 3.524966196581403892e+02 3.357466196581403892e+02
3.539234186293628568e+02 3.579234186293628568e+02 2.923418629362856791e+00 2.923418629362856791e+00 3.596734186293628568e+02 4.234186293628567910e-01 3.594234186293628568e+02
3.512763375585606695e+02 6.526337558560669549e+00 6.776337558560669549e+00 3.552763375585606695e+02 1.827633755856066955e+01 2.252633755856066955e+01 6.276337558560669549e+00
3.431026853246521569e+00 4.310268532465215685e-01 3.599310268532465216e+02 8.431026853246521569e+00 1.143102685324652157e+01 1.468102685324652157e+01 1.193102685324652157e+01
3.323875598876327331e+00 3.238755988763273308e-01 3.598238755988763273e+02 8.823875598876327331e+00 1.182387559887632733e+01 1.507387559887632733e+01 1.207387559887632733e+01
1.244782017768744709e+01 1.694782017768744709e+01 1.869782017768744709e+01 5.697820177687447085e+00 3.571978201776874471e+02 3.569478201776874471e+02 3.439478201776874471e+02
0.000000000000000000e+00 0.000000000000000000e+00 0.000000000000000000e+00 0.000000000000000000e+00 0.000000000000000000e+00 0.000000000000000000e+00 0.000000000000000000e+00
0.000000000000000000e+00 0.000000000000000000e+00 0.000000000000000000e+00 0.000000000000000000e+00 0.000000000000000000e+00 0.000000000000000000e+00 0.000000000000000000e+00
0.000000000000000000e+00 0.000000000000000000e+00 0.000000000000000000e+00 0.000000000000000000e+00 0.000000000000000000e+00 0.000000000000000000e+00 0.000000000000000000e+00
1.696258940073356314e+01 2.771258940073356314e+01 4.696258940073356314e+01 5.571258940073356314e+01 2.746258940073356314e+01 2.471258940073356314e+01 7.546258940073356314e+01
3.213566891151761524e+02 3.256066891151761524e+02 2.876066891151761524e+02 1.635668911517615243e+01 6.035668911517615243e+01 5.560668911517615243e+01 3.473566891151761524e+02
3.514382620983092238e+02 3.446882620983092238e+02 3.376882620983092238e+02 3.501882620983092238e+02 1.688262098309223802e+00 3.544382620983092238e+02 3.501882620983092238e+02
0.000000000000000000e+00 0.000000000000000000e+00 0.000000000000000000e+00 0.000000000000000000e+00 0.000000000000000000e+00 0.000000000000000000e+00 0.000000000000000000e+00
8.342262797166824839e+00 5.592262797166824839e+00 3.592262797166824839e+00 6.342262797166824839e+00 6.592262797166824839e+00 3.563422627971668248e+02 3.580922627971668248e+02
3.466115366909069166e+02 3.448615366909069166e+02 3.438615366909069166e+02 1.611536690906916647e+00 2.361536690906916647e+00 3.513615366909069166e+02 3.528615366909069166e+02
2.759268611517454417e+01 1.592686115174544170e+00 3.440926861151745584e+02 3.308426861151745584e+02 3.318426861151745584e+02 6.092686115174544170e+00 1.359268611517454417e+01
3.585195453702721125e+01 2.210195453702721125e+01 4.101954537027211245e+00 3.851954537027211245e+00 7.351954537027211245e+00 3.588519545370272112e+02 3.588519545370272112e+02
3.573451909659564194e+02 3.483451909659564194e+02 3.385951909659564194e+02 3.460951909659564194e+02 3.451909659564194044e-01 3.483451909659564194e+02 3.548451909659564194e+02
3.543322108255808871e+02 3.433322108255808871e+02 3.370822108255808871e+02 3.420822108255808871e+02 3.518322108255808871e+02 3.475822108255808871e+02 3.533322108255808871e+02
3.519830770827844617e+02 3.452330770827844617e+02 3.389830770827844617e+02 3.407330770827844617e+02 3.494830770827844617e+02 3.427330770827844617e+02 3.499830770827844617e+02
9.379334429726895905e+00 1.129334429726895905e+00 1.129334429726895905e+00 1.087933442972689591e+01 6.629334429726895905e+00 3.551293344297268959e+02 3.576293344297268959e+02
2.286998066414980713e+00 1.786998066414980713e+00 3.572869980664149807e+02 3.542869980664149807e+02 3.585369980664149807e+02 5.036998066414980713e+00 4.036998066414980713e+00
3.009652841117230082e+00 6.509652841117230082e+00 3.562596528411172585e+02 1.375965284111723008e+01 2.025965284111723008e+01 8.009652841117230082e+00 8.009652841117230082e+00
0.000000000000000000e+00 0.000000000000000000e+00 0.000000000000000000e+00 0.000000000000000000e+00 0.000000000000000000e+00 0.000000000000000000e+00 0.000000000000000000e+00
3.575119099742615845e+02 3.402619099742615845e+02 3.345119099742615845e+02 3.435119099742615845e+02 3.257619099742615845e+02 2.842619099742615845e+02 2.740119099742615845e+02
3.602816873247837748e+01 4.977816873247837748e+01 1.977816873247837748e+01 3.252816873247837748e+01 4.777816873247837748e+01 6.077816873247837748e+01 5.327816873247837748e+01
3.520302464620987735e+02 3.502802464620987735e+02 3.502802464620987735e+02 3.532802464620987735e+02 3.517802464620987735e+02 3.445302464620987735e+02 3.407802464620987735e+02
1.125172690931788111e+01 1.300172690931788111e+01 1.800172690931788111e+01 2.125172690931788111e+01 7.501726909317881109e+00 3.577517269093178811e+02 3.560017269093178811e+02
3.383058472209106071e+02 3.068058472209106071e+02 3.218058472209106071e+02 3.528058472209106071e+02 3.305847220910607120e+00 3.555558472209106071e+02 3.453058472209106071e+02
0.000000000000000000e+00 0.000000000000000000e+00 0.000000000000000000e+00 0.000000000000000000e+00 0.000000000000000000e+00 0.000000000000000000e+00 0.000000000000000000e+00
0.000000000000000000e+00 0.000000000000000000e+00 0.000000000000000000e+00 0.000000000000000000e+00 0.000000000000000000e+00 0.000000000000000000e+00 0.000000000000000000e+00
5.724041459864139370e+00 3.489740414598641109e+02 3.582240414598641109e+02 2.172404145986413937e+01 2.622404145986413937e+01 2.397404145986413937e+01 1.422404145986413937e+01
0.000000000000000000e+00 0.000000000000000000e+00 0.000000000000000000e+00 0.000000000000000000e+00 0.000000000000000000e+00 0.000000000000000000e+00 0.000000000000000000e+00
1.326259354317744510e+01 1.801259354317744510e+01 2.351259354317744510e+01 2.051259354317744510e+01 1.601259354317744510e+01 1.376259354317744510e+01 3.590125935431774451e+02
1.751869303361132779e+01 1.226869303361132779e+01 3.580186930336113278e+02 1.768693033611327792e+00 2.251869303361132779e+01 4.351869303361132779e+01 6.301869303361132779e+01
1.657399926602056439e+01 1.532399926602056439e+01 1.257399926602056439e+01 6.573999266020564392e+00 3.468239992660205644e+02 3.043239992660205644e+02 2.850739992660205644e+02
0.000000000000000000e+00 0.000000000000000000e+00 0.000000000000000000e+00 0.000000000000000000e+00 0.000000000000000000e+00 0.000000000000000000e+00 0.000000000000000000e+00
1.535820838855164538e+01 1.435820838855164538e+01 1.085820838855164538e+01 3.358208388551645385e+00 3.576082083885516454e+02 3.346082083885516454e+02 3.471082083885516454e+02
2.132544518618378504e+02 2.052544518618378504e+02 2.197544518618378504e+02 2.130044518618378504e+02 1.760044518618378504e+02 1.422544518618378504e+02 1.392544518618378504e+02
6.854322890821663350e+00 2.354322890821663350e+00 3.556043228908216633e+02 3.563543228908216633e+02 1.810432289082166335e+01 2.410432289082166335e+01 1.035432289082166335e+01
1.915970724168209927e+01 3.549097072416820993e+02 3.441597072416820993e+02 3.289097072416820993e+02 3.216597072416820993e+02 3.331597072416820993e+02 3.494097072416820993e+02
3.580986099876818116e+02 3.520986099876818116e+02 3.558486099876818116e+02 1.848609987681811617e+00 3.558486099876818116e+02 3.555986099876818116e+02 3.273486099876818116e+02
3.529554069946591426e+02 3.477054069946591426e+02 3.557054069946591426e+02 7.705406994659142583e+00 1.220540699465914258e+01 3.567054069946591426e+02 3.467054069946591426e+02
8.419307805169978565e+00 4.669307805169978565e+00 4.169307805169978565e+00 6.919307805169978565e+00 5.419307805169978565e+00 3.669307805169978565e+00 1.919307805169978565e+00
3.407017260449111973e+01 2.907017260449111973e+01 6.320172604491119728e+00 3.503201726044911197e+02 2.570172604491119728e+00 1.282017260449111973e+01 3.538201726044911197e+02
4.121557480204387502e+00 3.546215574802043875e+02 3.406215574802043875e+02 3.338715574802043875e+02 3.468715574802043875e+02 3.498715574802043875e+02 3.378715574802043875e+02
3.500268845497551524e+02 2.852688454975515242e+01 4.927688454975515242e+01 3.277688454975515242e+01 9.026884549755159526e+00 3.582768845497551524e+02 3.590268845497551524e+02
3.125170015938812185e+01 1.775170015938812185e+01 8.001700159388121847e+00 5.017001593881218469e-01 6.001700159388121847e+00 1.150170015938812185e+01 3.492517001593881218e+02
3.368674344853127423e+02 3.431174344853127423e+02 3.508674344853127423e+02 3.568674344853127423e+02 1.617434485312770676e+00 1.117434485312770676e+00 3.591174344853127423e+02
8.584825547511869104e+00 3.573348255475118549e+02 3.488348255475118549e+02 3.390848255475118549e+02 3.445848255475118549e+02 3.348255475118691038e-01 3.834825547511869104e+00
7.882037781240995855e+00 3.571320377812410243e+02 3.521320377812410243e+02 4.882037781240995855e+00 2.438203778124099586e+01 2.013203778124099586e+01 3.820377812409958551e-01
5.369150880346012400e+00 3.543691508803460124e+02 3.503691508803460124e+02 3.588691508803460124e+02 1.686915088034601240e+01 1.211915088034601240e+01 3.461191508803460124e+02
6.127271746368592176e+00 1.487727174636859218e+01 1.612727174636859218e+01 2.262727174636859218e+01 1.387727174636859218e+01 7.627271746368592176e+00 2.377271746368592176e+00
0.000000000000000000e+00 0.000000000000000000e+00 0.000000000000000000e+00 0.000000000000000000e+00 0.000000000000000000e+00 0.000000000000000000e+00 0.000000000000000000e+00
1.283478956962994744e+01 1.733478956962994744e+01 3.758478956962994744e+01 3.583478956962994744e+01 2.733478956962994744e+01 1.283478956962994744e+01 3.568347895696299474e+02
1.383298382028692686e+01 3.578329838202869269e+02 1.808298382028692686e+01 4.958298382028692686e+01 4.733298382028692686e+01 1.933298382028692686e+01 3.560829838202869269e+02
8.477366783487184421e+00 2.977366783487184421e+00 3.594773667834871844e+02 3.597273667834871844e+02 2.022736678348718442e+01 2.622736678348718442e+01 3.517273667834871844e+02
0.000000000000000000e+00 0.000000000000000000e+00 0.000000000000000000e+00 0.000000000000000000e+00 0.000000000000000000e+00 0.000000000000000000e+00 0.000000000000000000e+00
3.579127793019707724e+02 3.579127793019707724e+02 3.576627793019707724e+02 3.559127793019707724e+02 3.546627793019707724e+02 3.579127793019707724e+02 2.662779301970772394e+00
0.000000000000000000e+00 0.000000000000000000e+00 0.000000000000000000e+00 0.000000000000000000e+00 0.000000000000000000e+00 0.000000000000000000e+00 0.000000000000000000e+00
2.570183155214705835e+02 2.902683155214705835e+02 6.026831552147058346e+01 6.826831552147058346e+01 5.376831552147058346e+01 5.526831552147058346e+01 3.580183155214705835e+02
1.889930521785410633e+01 1.489930521785410633e+01 8.399305217854106331e+00 3.458993052178541348e+02 3.031493052178541348e+02 2.868993052178541348e+02 2.891493052178541348e+02
0.000000000000000000e+00 0.000000000000000000e+00 0.000000000000000000e+00 0.000000000000000000e+00 0.000000000000000000e+00 0.000000000000000000e+00 0.000000000000000000e+00
1.559849529473211760e+01 1.348495294732117600e+00 3.525984952947321176e+02 3.513484952947321176e+02 3.483484952947321176e+02 3.528484952947321176e+02 1.234849529473211760e+01
0.000000000000000000e+00 0.000000000000000000e+00 0.000000000000000000e+00 0.000000000000000000e+00 0.000000000000000000e+00 0.000000000000000000e+00 0.000000000000000000e+00
7.702096581147941379e+00 1.702096581147941379e+00 2.020965811479413787e-01 4.452096581147941379e+00 5.452096581147941379e+00 3.597020965811479414e+02 3.542020965811479414e+02
0.000000000000000000e+00 0.000000000000000000e+00 0.000000000000000000e+00 0.000000000000000000e+00 0.000000000000000000e+00 0.000000000000000000e+00 0.000000000000000000e+00
3.238681366727626028e+02 3.306181366727626028e+02 3.326181366727626028e+02 3.436181366727626028e+02 3.576181366727626028e+02 3.576181366727626028e+02 3.588681366727626028e+02
0.000000000000000000e+00 0.000000000000000000e+00 0.000000000000000000e+00 0.000000000000000000e+00 0.000000000000000000e+00 0.000000000000000000e+00 0.000000000000000000e+00
3.908447367363618241e+01 1.008447367363618241e+01 3.380844736736361824e+02 3.253344736736361824e+02 3.288344736736361824e+02 3.385844736736361824e+02 3.500844736736361824e+02
1.126558769096186552e+01 8.765587690961865519e+00 3.515587690961865519e+00 3.560155876909618655e+02 3.480155876909618655e+02 3.585155876909618655e+02 4.601558769096186552e+01
3.597326267799803645e+02 3.019826267799803645e+02 2.854826267799803645e+02 3.079826267799803645e+02 1.998262677998036452e+01 2.173262677998036452e+01 2.982626779980364518e+00
3.414483922525929529e+02 3.516983922525929529e+02 3.544483922525929529e+02 3.589483922525929529e+02 3.591983922525929529e+02 2.448392252592924478e+00 3.599483922525929529e+02
1.787366383586834218e+01 9.873663835868338623e+00 3.511236638358683422e+02 3.323736638358683422e+02 3.053736638358683422e+02 2.936236638358683422e+02 3.271236638358683422e+02
1.030125681099974599e+01 1.130125681099974599e+01 1.330125681099974599e+01 1.130125681099974599e+01 3.483012568109997460e+02 1.755125681099974599e+01 8.051256810999745994e+00
8.066750401795388825e+00 8.316750401795388825e+00 7.816750401795388825e+00 4.816750401795388825e+00 3.583167504017953888e+02 1.081675040179538883e+01 3.555667504017953888e+02
0.000000000000000000e+00 0.000000000000000000e+00 0.000000000000000000e+00 0.000000000000000000e+00 0.000000000000000000e+00 0.000000000000000000e+00 0.000000000000000000e+00
0.000000000000000000e+00 0.000000000000000000e+00 0.000000000000000000e+00 0.000000000000000000e+00 0.000000000000000000e+00 0.000000000000000000e+00 0.000000000000000000e+00
1.070367947670024478e+01 9.453679476700244777e+00 9.703679476700244777e+00 7.203679476700244777e+00 3.382036794767002448e+02 3.564536794767002448e+02 7.036794767002447770e-01
3.970818751661795432e+00 4.720818751661795432e+00 8.970818751661795432e+00 8.470818751661795432e+00 3.477208187516617954e+02 9.470818751661795432e+00 3.514708187516617954e+02
3.933167481524435516e+00 3.526831674815244355e+02 3.456831674815244355e+02 3.414331674815244355e+02 3.501831674815244355e+02 1.118316748152443552e+01 3.584331674815244355e+02
3.579854594047949377e+02 3.485459404794937655e+00 1.735459404794937655e+00 3.599854594047949377e+02 3.567354594047949377e+02 3.447354594047949377e+02 3.407354594047949377e+02
0.000000000000000000e+00 0.000000000000000000e+00 0.000000000000000000e+00 0.000000000000000000e+00 0.000000000000000000e+00 0.000000000000000000e+00 0.000000000000000000e+00
3.546486769565770487e+02 3.488986769565770487e+02 3.441486769565770487e+02 3.466486769565770487e+02 1.148676956577048713e+00 3.563986769565770487e+02 3.531486769565770487e+02
1.969584189780164252e+01 1.894584189780164252e+01 7.445841897801642517e+00 4.695841897801642517e+00 9.445841897801642517e+00 1.294584189780164252e+01 3.599458418978016425e+02
3.371269429898605949e+02 3.251269429898605949e+02 3.268769429898605949e+02 3.408769429898605949e+02 3.491269429898605949e+02 4.626942989860623356e+00 3.568769429898605949e+02
0.000000000000000000e+00 0.000000000000000000e+00 0.000000000000000000e+00 0.000000000000000000e+00 0.000000000000000000e+00 0.000000000000000000e+00 0.000000000000000000e+00
6.747625805522488918e+00 1.199762580552248892e+01 7.997625805522488918e+00 3.597476258055224889e+02 3.567476258055224889e+02 5.247625805522488918e+00 6.747625805522488918e+00
5.422539693838928088e+00 3.594225396938389281e+02 3.589225396938389281e+02 8.172539693838928088e+00 6.172539693838928088e+00 3.534225396938389281e+02 4.422539693838928088e+00
3.106992951757320043e+00 8.606992951757320043e+00 1.360699295175732004e+01 1.110699295175732004e+01 3.583569929517573200e+02 1.069929517573200428e-01 3.593569929517573200e+02
0.000000000000000000e+00 0.000000000000000000e+00 0.000000000000000000e+00 0.000000000000000000e+00 0.000000000000000000e+00 0.000000000000000000e+00 0.000000000000000000e+00
0.000000000000000000e+00 0.000000000000000000e+00 0.000000000000000000e+00 0.000000000000000000e+00 0.000000000000000000e+00 0.000000000000000000e+00 0.000000000000000000e+00
1.478130850343603697e+01 1.278130850343603697e+01 9.781308503436036972e+00 5.313085034360369718e-01 3.427813085034360370e+02 3.225313085034360370e+02 3.102813085034360370e+02
3.508331802696655473e+02 1.583180269665533046e+00 3.608318026966553305e+01 5.758318026966553305e+01 2.633318026966553305e+01 1.633318026966553305e+01 6.883318026966553305e+01
1.143647521964217617e+01 1.443647521964217617e+01 1.043647521964217617e+01 5.936475219642176171e+00 1.343647521964217617e+01 3.293647521964217617e+01 2.793647521964217617e+01
3.580849149736302479e+02 3.588349149736302479e+02 2.334914973630247914e+00 3.340849149736302479e+02 2.878349149736302479e+02 2.768349149736302479e+02 2.878349149736302479e+02
0.000000000000000000e+00 0.000000000000000000e+00 0.000000000000000000e+00 0.000000000000000000e+00 0.000000000000000000e+00 0.000000000000000000e+00 0.000000000000000000e+00
1.402483988358255829e+00 3.536524839883582558e+02 3.541524839883582558e+02 3.571524839883582558e+02 3.589024839883582558e+02 2.902483988358255829e+00 1.465248398835825583e+01
4.008073985058729249e+00 5.008073985058729249e+00 8.758073985058729249e+00 1.525807398505872925e+01 2.400807398505872925e+01 6.025807398505872925e+01 7.758073985058729249e+00
0.000000000000000000e+00 0.000000000000000000e+00 0.000000000000000000e+00 0.000000000000000000e+00 0.000000000000000000e+00 0.000000000000000000e+00 0.000000000000000000e+00
0.000000000000000000e+00 0.000000000000000000e+00 0.000000000000000000e+00 0.000000000000000000e+00 0.000000000000000000e+00 0.000000000000000000e+00 0.000000000000000000e+00
3.505279528181218893e+02 3.535279528181218893e+02 1.377795281812191774e+01 9.027952818121917744e+00 1.152795281812191774e+01 1.952795281812191774e+01 1.502795281812191774e+01
3.876545264441006111e+01 5.276545264441006111e+01 4.451545264441006111e+01 3.005154526444100611e+02 3.220154526444100611e+02 4.676545264441006111e+01 6.765452644410061112e+00
4.826479928672821984e+01 1.926479928672821984e+01 1.951479928672821984e+01 5.826479928672821984e+01 9.651479928672821984e+01 1.562647992867282198e+02 2.215147992867282198e+02
3.499943220943496272e+02 3.452443220943496272e+02 3.492443220943496272e+02 3.589943220943496272e+02 3.744322094349598729e+00 3.557443220943496272e+02 3.594943220943496272e+02
6.859367538514050011e+00 2.609367538514050011e+00 1.093675385140500111e-01 1.093675385140500111e-01 1.109367538514050011e+00 3.411093675385140500e+02 3.336093675385140500e+02
0.000000000000000000e+00 0.000000000000000000e+00 0.000000000000000000e+00 0.000000000000000000e+00 0.000000000000000000e+00 0.000000000000000000e+00 0.000000000000000000e+00
0.000000000000000000e+00 0.000000000000000000e+00 0.000000000000000000e+00 0.000000000000000000e+00 0.000000000000000000e+00 0.000000000000000000e+00 0.000000000000000000e+00
