9.038923024591326794e+00 7.788923024591326794e+00 3.288923024591326794e+00 3.480389230245913268e+02 3.425389230245913268e+02 2.235389230245913268e+02 3.587889230245913268e+02
3.403675984284334390e+02 3.523675984284334390e+02 9.117598428433439040e+00 4.867598428433439040e+00 5.617598428433439040e+00 7.617598428433439040e+00 4.486759842843343904e+01
3.454197452032360616e+02 3.504197452032360616e+02 3.594197452032360616e+02 3.594197452032360616e+02 3.586697452032360616e+02 3.574197452032360616e+02 3.524197452032360616e+02
1.756566202852928882e+01 1.506566202852928882e+01 3.380656620285292888e+02 3.203156620285292888e+02 3.165656620285292888e+02 1.531566202852928882e+01 7.831566202852928882e+01
2.388558537994475728e+01 4.385585379944757278e+00 1.355853799447572783e-01 3.568855853799447573e+02 3.318855853799447573e+02 3.458855853799447573e+02 3.598855853799447573e+02
1.504971621218788869e+01 3.560497162121878887e+02 2.799716212187888686e+00 2.479971621218788869e+01 4.879971621218788869e+01 2.554971621218788869e+01 2.049716212187888686e+00
7.528270388385408296e+00 3.515282703883854083e+02 5.778270388385408296e+00 1.652827038838540830e+01 3.507782703883854083e+02 1.327827038838540830e+01 6.827827038838540830e+01
5.738945909927394951e+00 2.173894590992739495e+01 3.447389459099273950e+02 3.414889459099273950e+02 3.542389459099273950e+02 3.462389459099273950e+02 3.988945909927394951e+00
0.000000000000000000e+00 0.000000000000000000e+00 0.000000000000000000e+00 0.000000000000000000e+00 0.000000000000000000e+00 0.000000000000000000e+00 0.000000000000000000e+00
1.956153291650781512e+01 1.556153291650781512e+01 1.056153291650781512e+01 3.575615329165078151e+02 3.505615329165078151e+02 3.545615329165078151e+02 3.543115329165078151e+02
6.163561151841292940e+00 3.551635611518412929e+02 3.409135611518412929e+02 3.354135611518412929e+02 3.176635611518412929e+02 3.304135611518412929e+02 2.944135611518412929e+02
2.232772470654161339e+02 2.237772470654161339e+02 2.090272470654161339e+02 2.235272470654161339e+02 2.855272470654161339e+02 2.577724706541613386e+01 1.760272470654161339e+02
5.025611618627067401e+00 3.227561161862706740e+01 5.775611618627067401e+00 5.025611618627067401e+00 1.852561161862706740e+01 1.202561161862706740e+01 1.025611618627067401e+00
0.000000000000000000e+00 0.000000000000000000e+00 0.000000000000000000e+00 0.000000000000000000e+00 0.000000000000000000e+00 0.000000000000000000e+00 0.000000000000000000e+00
3.107410119984462540e+02 3.292410119984462540e+02 3.302410119984462540e+02 3.409910119984462540e+02 3.567410119984462540e+02 3.584910119984462540e+02 3.557410119984462540e+02
0.000000000000000000e+00 0.000000000000000000e+00 0.000000000000000000e+00 0.000000000000000000e+00 0.000000000000000000e+00 0.000000000000000000e+00 0.000000000000000000e+00
0.000000000000000000e+00 0.000000000000000000e+00 0.000000000000000000e+00 0.000000000000000000e+00 0.000000000000000000e+00 0.000000000000000000e+00 0.000000000000000000e+00
0.000000000000000000e+00 0.000000000000000000e+00 0.000000000000000000e+00 0.000000000000000000e+00 0.000000000000000000e+00 0.000000000000000000e+00 0.000000000000000000e+00
0.000000000000000000e+00 0.000000000000000000e+00 0.000000000000000000e+00 0.000000000000000000e+00 0.000000000000000000e+00 0.000000000000000000e+00 0.000000000000000000e+00
0.000000000000000000e+00 0.000000000000000000e+00 0.000000000000000000e+00 0.000000000000000000e+00 0.000000000000000000e+00 0.000000000000000000e+00 0.000000000000000000e+00
1.188088889545548454e+01 1.313088889545548454e+01 3.380888895455484544e+00 3.488808888954554845e+02 2.836308888954554845e+02 2.851308888954554845e+02 3.466308888954554845e+02
3.407210375905160618e+02 3.439710375905160618e+02 3.721037590516061755e+00 1.097103759051606175e+01 1.147103759051606175e+01 9.721037590516061755e+00 3.462210375905160618e+02
3.302443400941086793e+02 3.492443400941086793e+02 3.994340094108679295e+00 3.422443400941086793e+02 3.389943400941086793e+02 3.487443400941086793e+02 3.509943400941086793e+02
3.531264617093919469e+02 4.126461709391946897e+00 3.598764617093919469e+02 3.541264617093919469e+02 3.503764617093919469e+02 3.516264617093919469e+02 3.543764617093919469e+02
3.587370950419339692e+02 3.467370950419339692e+02 3.272370950419339692e+02 3.204870950419339692e+02 3.299870950419339692e+02 3.297370950419339692e+02 3.362370950419339692e+02
3.491744380944708155e+02 3.449244380944708155e+02 3.314244380944708155e+02 3.466744380944708155e+02 3.519244380944708155e+02 3.484244380944708155e+02 3.401744380944708155e+02
4.736690527950634078e+01 2.511690527950634078e+01 1.336690527950634078e+01 3.553669052795063408e+02 3.526169052795063408e+02 3.513669052795063408e+02 3.518669052795063408e+02
0.000000000000000000e+00 0.000000000000000000e+00 0.000000000000000000e+00 0.000000000000000000e+00 0.000000000000000000e+00 0.000000000000000000e+00 0.000000000000000000e+00
3.403053748187225551e+02 3.358053748187225551e+02 3.335553748187225551e+02 3.343053748187225551e+02 3.048053748187225551e+02 2.845553748187225551e+02 3.008053748187225551e+02
1.176958790381734445e+02 1.659458790381734445e+02 2.044458790381734445e+02 2.754458790381734161e+02 3.136958790381734161e+02 2.789458790381734161e+02 5.594587903817344454e+01
3.527194556703095714e+02 3.502194556703095714e+02 3.422194556703095714e+02 3.409694556703095714e+02 3.547194556703095714e+02 3.309694556703095714e+02 2.962194556703095714e+02
0.000000000000000000e+00 0.000000000000000000e+00 0.000000000000000000e+00 0.000000000000000000e+00 0.000000000000000000e+00 0.000000000000000000e+00 0.000000000000000000e+00
0.000000000000000000e+00 0.000000000000000000e+00 0.000000000000000000e+00 0.000000000000000000e+00 0.000000000000000000e+00 0.000000000000000000e+00 0.000000000000000000e+00
3.366735340692894169e+02 3.276735340692894169e+02 3.329235340692894169e+02 2.673534069289416948e+00 1.317353406928941695e+01 7.173534069289416948e+00 1.923534069289416948e+00
3.311189062345483762e+02 3.268689062345483762e+02 3.343689062345483762e+02 3.401189062345483762e+02 3.473689062345483762e+02 3.581189062345483762e+02 3.543689062345483762e+02
3.322858097074590660e+02 2.785809707459094398e+00 1.178580970745909440e+01 1.628580970745909440e+01 2.728580970745909440e+01 8.603580970745909440e+01 2.228580970745909440e+01
3.525924283851909991e+02 3.488424283851909991e+02 5.924283851909990517e-01 3.590924283851909991e+02 3.358424283851909991e+02 3.448424283851909991e+02 1.359242838519099905e+01
5.693825997402996109e+00 1.193825997402996109e+00 3.436938259974029961e+02 3.569438259974029961e+02 3.314438259974029961e+02 2.584438259974029961e+02 5.019382599740299611e+01
3.582366846289132809e+02 3.559866846289132809e+02 2.123668462891328090e+01 3.098668462891328090e+01 3.437366846289132809e+02 3.367366846289132809e+02 3.187366846289132809e+02
