7.460800304869494859e-01 5.397302442726563676e-01 5.821856815675328090e-01 1.787625251383430647e-01 3.098083922231095189e-01 3.944493685087528401e-01 3.740522888695216319e-01
9.559343410610865455e-01 9.571075235331922837e-01 9.320214131574194871e-01 8.980419427064358917e-01 6.722395893919980159e-01 3.957326852653560434e-01 1.897225246675819377e-01
9.625793983905310824e-01 9.683881818072274106e-01 9.606616751593021197e-01 9.421507071773678188e-01 7.287923098926708532e-01 6.541017335846129876e-01 5.978252941911430529e-01
9.868838611363999203e-01 9.866495309798692936e-01 9.885329697107178015e-01 9.632198299171420564e-01 7.810683466352154047e-01 2.220118189659937846e-01 1.509814139994916649e-01
9.797428610908508473e-01 9.758915484600914070e-01 9.585234054172359075e-01 8.912653425497333304e-01 8.057964423412043997e-01 5.181111353925830221e-01 1.466015863609545222e-01
9.506809728062389775e-01 9.723951754117600155e-01 9.559592326067690715e-01 8.585868013254218667e-01 6.014669417491083081e-01 3.995453384187110379e-01 5.581212795450668507e-01
8.242951773364928236e-01 6.225190018418911286e-01 3.402024727653674141e-01 2.508700645663689555e-01 3.506628530667767474e-01 1.986370788565629819e-01 4.822357325319197585e-01
9.692090486871072219e-01 9.746976128327308198e-01 9.708389034887725533e-01 9.239974979170914038e-01 8.659364284188282301e-01 6.872525660866272146e-01 7.735888276845255263e-01
0.000000000000000000e+00 0.000000000000000000e+00 0.000000000000000000e+00 0.000000000000000000e+00 0.000000000000000000e+00 0.000000000000000000e+00 0.000000000000000000e+00
9.646569209243038845e-01 9.518523543714788593e-01 9.064242572757057470e-01 7.767928445137014526e-01 5.538974952492482506e-01 5.402543535099759708e-01 5.511912935123942647e-01
9.744101546396831681e-01 9.717118363559846816e-01 9.439943971523884203e-01 7.598181623574393750e-01 4.887466495192402949e-01 3.968555440259559641e-01 3.489076914809506880e-01
6.424816385085519999e-01 4.736263188391072743e-01 3.397843540749114211e-01 4.392071525816325095e-01 6.725114538679730636e-01 6.007625997739709511e-01 1.052063845990579283e-01
9.614590991912337348e-01 9.622965213883084568e-01 9.571555325208165321e-01 8.454743139373523952e-01 7.035020461689674987e-01 7.051220229024842689e-01 7.923373434657136061e-01
0.000000000000000000e+00 0.000000000000000000e+00 0.000000000000000000e+00 0.000000000000000000e+00 0.000000000000000000e+00 0.000000000000000000e+00 0.000000000000000000e+00
7.770805436277700151e-01 6.739771543127904829e-01 4.443166041469465699e-01 1.278380424565067619e-01 7.127085626451575007e-02 5.014032136023894859e-01 1.160529918742818078e-01
0.000000000000000000e+00 0.000000000000000000e+00 0.000000000000000000e+00 0.000000000000000000e+00 0.000000000000000000e+00 0.000000000000000000e+00 0.000000000000000000e+00
0.000000000000000000e+00 0.000000000000000000e+00 0.000000000000000000e+00 0.000000000000000000e+00 0.000000000000000000e+00 0.000000000000000000e+00 0.000000000000000000e+00
0.000000000000000000e+00 0.000000000000000000e+00 0.000000000000000000e+00 0.000000000000000000e+00 0.000000000000000000e+00 0.000000000000000000e+00 0.000000000000000000e+00
0.000000000000000000e+00 0.000000000000000000e+00 0.000000000000000000e+00 0.000000000000000000e+00 0.000000000000000000e+00 0.000000000000000000e+00 0.000000000000000000e+00
0.000000000000000000e+00 0.000000000000000000e+00 0.000000000000000000e+00 0.000000000000000000e+00 0.000000000000000000e+00 0.000000000000000000e+00 0.000000000000000000e+00
9.207868941393084761e-01 9.593721821997727162e-01 9.649276400570858669e-01 9.684569529743760619e-01 9.086110125798494419e-01 7.966376107994583844e-01 5.866808257247294600e-01
3.930822592071699373e-01 3.765100082638409007e-01 2.797881707235795878e-01 1.243310674374770025e-01 6.660983321138283508e-02 1.657704035596367642e-01 3.065969835664910659e-01
0.000000000000000000e+00 0.000000000000000000e+00 0.000000000000000000e+00 0.000000000000000000e+00 0.000000000000000000e+00 0.000000000000000000e+00 0.000000000000000000e+00
9.359970368197840784e-01 8.767595869002439146e-01 7.034725457237126500e-01 6.211985876031492770e-01 5.083502414219639443e-01 2.904032920842803955e-01 4.403723546150538626e-01
7.539142526359354779e-01 6.600554673519662963e-01 6.697105197818938871e-01 5.010680637127142845e-01 4.175637051699173652e-01 2.766239085248608509e-01 4.519029873849434442e-01
9.465917780591718289e-01 9.438983124735436103e-01 9.477623505756456179e-01 8.700005263673291633e-01 4.466564449735702658e-01 1.475401850191314368e-01 2.893424902480408734e-01
2.896356480365873676e-01 1.221183360990992367e-01 1.210120962149597856e-01 1.410052621210065582e-01 1.587254167871990918e-01 3.636929140127006521e-01 4.006881983934917901e-01
0.000000000000000000e+00 0.000000000000000000e+00 0.000000000000000000e+00 0.000000000000000000e+00 0.000000000000000000e+00 0.000000000000000000e+00 0.000000000000000000e+00
9.412404523867096140e-01 9.167147330805524019e-01 8.330464088565692204e-01 6.880050042783556474e-01 6.481366488727062780e-01 1.602736718117768744e-01 1.734963543912352302e-01
9.081198973314235090e-01 9.092960031757387762e-01 8.016401835877092763e-01 5.877957666329594044e-01 5.513781054523095859e-01 4.953807679880976034e-01 2.342855317116689096e-01
9.568276960908594919e-01 9.697787751395736677e-01 9.580130032943470209e-01 8.980281178299347467e-01 5.454854211847393053e-01 4.025209763343448599e-01 3.304808368079242831e-01
3.937855989805178480e-01 4.455185513847031431e-01 2.180052018870999864e-01 2.994571047254809271e-01 3.236606323831491272e-01 5.751412270651911074e-01 4.598106250860883870e-01
0.000000000000000000e+00 0.000000000000000000e+00 0.000000000000000000e+00 0.000000000000000000e+00 0.000000000000000000e+00 0.000000000000000000e+00 0.000000000000000000e+00
7.977857871107434384e-01 7.563519012162707167e-01 8.819123246869492450e-01 8.939588540972920327e-01 9.327786051591888672e-01 9.401526542220818294e-01 7.836686821481163578e-01
9.737519625820448832e-01 9.797757432706544201e-01 9.826587457718903851e-01 9.145807173229880682e-01 5.653404930994955224e-01 3.779415564883256695e-01 3.888436214588280038e-01
3.981018477337601724e-01 4.471469981893180790e-01 4.769393485516080222e-01 5.934471878229766739e-01 7.066892212495163861e-01 3.984812583216161275e-01 2.573793240240950242e-01
7.641790785150198717e-01 8.241507133652848927e-01 9.178919437621098076e-01 9.676301811100411765e-01 9.875506147334145446e-01 9.593381962015017361e-01 9.350089694282990305e-01
9.235063469054414220e-01 8.807257662707109747e-01 8.960313516841802439e-01 6.370584610603639009e-01 6.585362195514806727e-01 3.834327619224539019e-01 2.353835838960610383e-01
9.163793436676910265e-01 9.419408386800796062e-01 8.508791269935062074e-01 8.565628774640593468e-01 6.110112336514720299e-01 5.272367173310639199e-01 6.486841896787083339e-01
4.587925090590444510e-01 3.267402682775037703e-02 4.067075828812555249e-02 3.333003292158957520e-01 4.625474607097198043e-01 6.610453536578779765e-01 5.793576103249942211e-01
9.784707191797401560e-01 9.858910103001684577e-01 9.789233202648360832e-01 9.398534721719639107e-01 9.275183550898055129e-01 8.718913761643389826e-01 5.336070643436400252e-01
0.000000000000000000e+00 0.000000000000000000e+00 0.000000000000000000e+00 0.000000000000000000e+00 0.000000000000000000e+00 0.000000000000000000e+00 0.000000000000000000e+00
9.555440840433983007e-01 9.462742505897695500e-01 9.208649934481529797e-01 7.059480220316329824e-01 5.194999426872481257e-02 1.363372870328555253e-01 4.655676503085974249e-01
7.514340282034077667e-01 8.238074122753361594e-01 8.399524731534971922e-01 8.796840494414592815e-01 8.570872228825021644e-01 6.959533986641147640e-01 2.367645745042587235e-01
8.015623710050692186e-01 6.998138803713207512e-01 4.332946785037818938e-01 9.147664416339698623e-02 3.979926417760270008e-01 7.210874122586136137e-02 5.851659458489632398e-02
7.533166167489662168e-01 8.393725613688622911e-01 7.348132999997764037e-01 8.207729771077573178e-01 7.655102858744242678e-01 3.559610850273261518e-01 3.885879225170745799e-01
9.603609555459147185e-01 9.666871893696077356e-01 9.432731048044915578e-01 8.814528595597850291e-01 8.077480600010913392e-01 5.948280072394416251e-01 4.841015859561569323e-01
0.000000000000000000e+00 0.000000000000000000e+00 0.000000000000000000e+00 0.000000000000000000e+00 0.000000000000000000e+00 0.000000000000000000e+00 0.000000000000000000e+00
0.000000000000000000e+00 0.000000000000000000e+00 0.000000000000000000e+00 0.000000000000000000e+00 0.000000000000000000e+00 0.000000000000000000e+00 0.000000000000000000e+00
9.135575280533856368e-01 8.754116193511197741e-01 7.627243275747943585e-01 4.711652885545167257e-01 4.029664495995834428e-01 1.027220154416643993e-01 2.862129485785669392e-01
9.683111958436881883e-01 9.508944916064033803e-01 8.652823805605860397e-01 5.174569240453230634e-01 1.835099743412159645e-01 1.021800699169971537e-02 3.859236564943258063e-01
6.890129405144845842e-01 7.380597117747934588e-01 7.671145053814883985e-01 6.768067629247118688e-01 5.555587426433332698e-01 6.913527032275222917e-01 6.687278114423610420e-01
0.000000000000000000e+00 0.000000000000000000e+00 0.000000000000000000e+00 0.000000000000000000e+00 0.000000000000000000e+00 0.000000000000000000e+00 0.000000000000000000e+00
1.747372221525233804e-01 7.896619478265130831e-02 1.838986368066943822e-01 2.075290440840593387e-01 1.741323298407316256e-01 1.214077603336310707e-01 7.042304508966457099e-02
9.402184581439179123e-01 9.272088639037672220e-01 9.097243544087249001e-01 8.369833747192907403e-01 7.397791612993732668e-01 5.928774762335080606e-01 3.953435253947220063e-01
0.000000000000000000e+00 0.000000000000000000e+00 0.000000000000000000e+00 0.000000000000000000e+00 0.000000000000000000e+00 0.000000000000000000e+00 0.000000000000000000e+00
0.000000000000000000e+00 0.000000000000000000e+00 0.000000000000000000e+00 0.000000000000000000e+00 0.000000000000000000e+00 0.000000000000000000e+00 0.000000000000000000e+00
0.000000000000000000e+00 0.000000000000000000e+00 0.000000000000000000e+00 0.000000000000000000e+00 0.000000000000000000e+00 0.000000000000000000e+00 0.000000000000000000e+00
0.000000000000000000e+00 0.000000000000000000e+00 0.000000000000000000e+00 0.000000000000000000e+00 0.000000000000000000e+00 0.000000000000000000e+00 0.000000000000000000e+00
9.449238004916592493e-01 9.351218872554817318e-01 9.416805890620064678e-01 9.582815667941171345e-01 9.571677760082766273e-01 4.753876471695914763e-01 7.705102354949984467e-02
9.597507983311989177e-01 9.573275509044899545e-01 9.131708994489817766e-01 6.215242493467856288e-01 4.176512150828677883e-01 5.223028052319184100e-01 1.889681087726793884e-01
9.383001541205837626e-01 8.540505743668429517e-01 6.221884954091055908e-01 4.640413220203581934e-01 4.147097210888964214e-01 1.315763570767000956e-01 3.105007942660271691e-01
0.000000000000000000e+00 0.000000000000000000e+00 0.000000000000000000e+00 0.000000000000000000e+00 0.000000000000000000e+00 0.000000000000000000e+00 0.000000000000000000e+00
0.000000000000000000e+00 0.000000000000000000e+00 0.000000000000000000e+00 0.000000000000000000e+00 0.000000000000000000e+00 0.000000000000000000e+00 0.000000000000000000e+00
7.312177055563960915e-01 8.707899872823076093e-01 9.161937667498406546e-01 8.040824850198364793e-01 8.482507212571966937e-01 8.131280885391611868e-01 5.184932621269650044e-01
0.000000000000000000e+00 0.000000000000000000e+00 0.000000000000000000e+00 0.000000000000000000e+00 0.000000000000000000e+00 0.000000000000000000e+00 0.000000000000000000e+00
9.675269187863234643e-01 9.607949405346397631e-01 9.617664825152082431e-01 9.429406626733347618e-01 8.460458969451010169e-01 6.000634766419649102e-01 1.985879308110327646e-01
8.623733853025477014e-01 8.378091243274182753e-01 8.570556602424617143e-01 8.679507807482330639e-01 9.023336327676642066e-01 7.797141442170567593e-01 6.613506091917460417e-01
