2.687147095185679291e+00 1.437147095185679291e+00 3.519371470951856509e+02 3.409371470951856509e+02 3.489371470951856509e+02 3.566871470951856509e+02 3.576871470951856509e+02
3.590952952424059390e+02 9.529524240593900686e-02 3.550952952424059390e+02 1.184529524240593901e+01 1.434529524240593901e+01 8.845295242405939007e+00 6.095295242405939007e+00
0.000000000000000000e+00 0.000000000000000000e+00 0.000000000000000000e+00 0.000000000000000000e+00 0.000000000000000000e+00 0.000000000000000000e+00 0.000000000000000000e+00
0.000000000000000000e+00 0.000000000000000000e+00 0.000000000000000000e+00 0.000000000000000000e+00 0.000000000000000000e+00 0.000000000000000000e+00 0.000000000000000000e+00
3.001760488190052456e+01 3.501760488190052456e+01 1.151760488190052456e+01 3.407676048819005246e+02 2.935176048819005246e+02 3.522676048819005246e+02 2.551760488190052456e+01
0.000000000000000000e+00 0.000000000000000000e+00 0.000000000000000000e+00 0.000000000000000000e+00 0.000000000000000000e+00 0.000000000000000000e+00 0.000000000000000000e+00
6.726314353100065091e+00 3.502263143531000651e+02 7.263143531000650910e-01 6.297631435310006509e+01 3.427263143531000651e+02 3.169763143531000651e+02 3.192263143531000651e+02
3.539347976350100566e+02 3.544347976350100566e+02 3.454347976350100566e+02 3.286847976350100566e+02 3.194347976350100566e+02 4.347976350100566378e-01 3.276847976350100566e+02
0.000000000000000000e+00 0.000000000000000000e+00 0.000000000000000000e+00 0.000000000000000000e+00 0.000000000000000000e+00 0.000000000000000000e+00 0.000000000000000000e+00
0.000000000000000000e+00 0.000000000000000000e+00 0.000000000000000000e+00 0.000000000000000000e+00 0.000000000000000000e+00 0.000000000000000000e+00 0.000000000000000000e+00
1.867368200549458379e+01 1.067368200549458379e+01 3.423682005494583791e+00 1.742368200549458379e+01 3.471736820054945838e+02 3.536736820054945838e+02 1.116736820054945838e+02
6.974017211285945450e+01 8.524017211285945450e+01 8.099017211285945450e+01 3.649017211285945450e+01 3.589901721128594545e+02 3.594901721128594545e+02 3.534901721128594545e+02
3.188112504501600597e+02 6.311250450160059700e+00 6.061250450160059700e+00 3.400612504501600597e+02 3.510612504501600597e+02 3.573112504501600597e+02 3.560612504501600597e+02
5.343526451567868207e-01 3.502843526451567868e+02 3.475343526451567868e+02 3.472843526451567868e+02 3.505343526451567868e+02 3.555343526451567868e+02 7.843526451567868207e-01
2.228896426458283031e+01 1.053896426458283031e+01 3.595389642645828303e+02 3.492889642645828303e+02 3.562889642645828303e+02 1.038964264582830310e+00 3.595389642645828303e+02
0.000000000000000000e+00 0.000000000000000000e+00 0.000000000000000000e+00 0.000000000000000000e+00 0.000000000000000000e+00 0.000000000000000000e+00 0.000000000000000000e+00
0.000000000000000000e+00 0.000000000000000000e+00 0.000000000000000000e+00 0.000000000000000000e+00 0.000000000000000000e+00 0.000000000000000000e+00 0.000000000000000000e+00
3.577917409652553715e+02 8.041740965255371520e+00 3.490417409652553715e+02 3.402917409652553715e+02 4.654174096525537152e+01 4.304174096525537152e+01 1.854174096525537152e+01
3.436279796226419307e+02 3.471279796226419307e+02 3.338779796226419307e+02 1.887797962264193075e+01 1.637797962264193075e+01 3.581279796226419307e+02 3.126279796226419307e+02
0.000000000000000000e+00 0.000000000000000000e+00 0.000000000000000000e+00 0.000000000000000000e+00 0.000000000000000000e+00 0.000000000000000000e+00 0.000000000000000000e+00
0.000000000000000000e+00 0.000000000000000000e+00 0.000000000000000000e+00 0.000000000000000000e+00 0.000000000000000000e+00 0.000000000000000000e+00 0.000000000000000000e+00
3.358199496725822542e+02 3.255699496725822542e+02 5.231994967258225415e+01 3.199496725822541521e-01 3.390699496725822542e+02 3.480699496725822542e+02 2.353199496725822542e+02
9.735925227008237925e+00 2.359252270082379255e-01 3.564859252270082379e+02 3.584859252270082379e+02 5.235925227008237925e+00 1.548592522700823793e+01 8.735925227008237925e+00
0.000000000000000000e+00 0.000000000000000000e+00 0.000000000000000000e+00 0.000000000000000000e+00 0.000000000000000000e+00 0.000000000000000000e+00 0.000000000000000000e+00
3.378993946387651022e+02 3.406493946387651022e+02 3.528993946387651022e+02 3.438993946387651022e+02 3.288993946387651022e+02 1.664939463876510217e+01 3.283993946387651022e+02
3.231746452913943131e+02 5.924645291394313062e+00 4.246452913943130625e-01 3.599246452913943131e+02 1.092464529139431306e+01 3.501746452913943131e+02 3.494246452913943131e+02
0.000000000000000000e+00 0.000000000000000000e+00 0.000000000000000000e+00 0.000000000000000000e+00 0.000000000000000000e+00 0.000000000000000000e+00 0.000000000000000000e+00
0.000000000000000000e+00 0.000000000000000000e+00 0.000000000000000000e+00 0.000000000000000000e+00 0.000000000000000000e+00 0.000000000000000000e+00 0.000000000000000000e+00
3.411162980017134032e+02 3.556162980017134032e+02 3.491162980017134032e+02 3.536162980017134032e+02 3.466162980017134032e+02 1.911629800171340321e+01 1.848662980017134032e+02
3.420284521140345646e+02 3.522784521140345646e+02 5.284521140345646018e-01 3.525284521140345646e+02 3.510284521140345646e+02 3.495284521140345646e+02 3.537784521140345646e+02
0.000000000000000000e+00 0.000000000000000000e+00 0.000000000000000000e+00 0.000000000000000000e+00 0.000000000000000000e+00 0.000000000000000000e+00 0.000000000000000000e+00
3.591400014014446356e+02 3.900014014446355759e-01 3.543900014014446356e+02 3.541400014014446356e+02 3.538900014014446356e+02 3.533900014014446356e+02 8.890001401444635576e+00
0.000000000000000000e+00 0.000000000000000000e+00 0.000000000000000000e+00 0.000000000000000000e+00 0.000000000000000000e+00 0.000000000000000000e+00 0.000000000000000000e+00
3.517564714540632167e+02 3.517564714540632167e+02 3.582564714540632167e+02 3.472564714540632167e+02 3.325064714540632167e+02 1.325647145406321670e+01 4.825647145406321670e+01
3.575180622231427492e+02 3.432680622231427492e+02 3.567680622231427492e+02 5.018062223142749190e+00 7.680622231427491897e-01 3.018062223142749190e+00 3.018062223142749190e+00
2.721262388670879773e-01 1.027212623886708798e+01 3.460221262388670880e+02 3.482721262388670880e+02 1.477212623886708798e+01 1.060221262388670880e+02 3.802212623886708798e+01
3.440033213202252114e+02 3.440033213202252114e+02 3.462533213202252114e+02 3.547533213202252114e+02 3.540033213202252114e+02 3.572533213202252114e+02 3.382533213202252114e+02
2.107353031211403049e+00 3.593573530312114030e+02 4.607353031211403049e+00 3.508573530312114030e+02 3.583573530312114030e+02 3.481073530312114030e+02 3.116073530312114030e+02
2.680560462004115152e+01 3.430560462004115152e+01 3.555560462004115152e+01 3.405560462004115152e+01 1.930560462004115152e+01 1.805560462004115152e+01 1.230560462004115152e+01
0.000000000000000000e+00 0.000000000000000000e+00 0.000000000000000000e+00 0.000000000000000000e+00 0.000000000000000000e+00 0.000000000000000000e+00 0.000000000000000000e+00
1.330755672401181755e+01 3.490575567240118176e+02 3.440575567240118176e+02 3.488075567240118176e+02 3.580575567240118176e+02 3.505575567240118176e+02 3.348075567240118176e+02
0.000000000000000000e+00 0.000000000000000000e+00 0.000000000000000000e+00 0.000000000000000000e+00 0.000000000000000000e+00 0.000000000000000000e+00 0.000000000000000000e+00
0.000000000000000000e+00 0.000000000000000000e+00 0.000000000000000000e+00 0.000000000000000000e+00 0.000000000000000000e+00 0.000000000000000000e+00 0.000000000000000000e+00
4.779050438459080397e-01 1.222790504384590804e+01 1.447790504384590804e+01 2.769779050438459080e+02 3.459779050438459080e+02 5.727905043845908040e+00 3.477905043845908040e+00
5.172615047251042597e+00 1.342261504725104260e+01 2.442261504725104260e+01 1.692261504725104260e+01 5.442261504725104260e+01 1.442261504725104260e+01 7.672615047251042597e+00
3.428997277765134868e+02 3.518997277765134868e+02 9.149727776513486788e+00 3.531497277765134868e+02 3.451497277765134868e+02 3.496497277765134868e+02 3.491497277765134868e+02
1.530131445034515991e+01 3.565513144503451599e+02 1.280131445034515991e+01 2.180131445034515991e+01 3.535513144503451599e+02 3.330131445034515991e+01 2.980131445034515991e+01
0.000000000000000000e+00 0.000000000000000000e+00 0.000000000000000000e+00 0.000000000000000000e+00 0.000000000000000000e+00 0.000000000000000000e+00 0.000000000000000000e+00
3.524565648470146471e+02 9.456564847014647057e+00 2.020656484701464706e+01 4.120656484701464706e+01 3.070656484701464706e+01 4.456564847014647057e+00 3.487065648470146471e+02
0.000000000000000000e+00 0.000000000000000000e+00 0.000000000000000000e+00 0.000000000000000000e+00 0.000000000000000000e+00 0.000000000000000000e+00 0.000000000000000000e+00
3.522690987493233479e+02 3.522690987493233479e+02 3.490190987493233479e+02 3.500190987493233479e+02 3.530190987493233479e+02 1.019098749323347874e+00 9.019098749323347874e+00
9.596652721663758712e+00 4.346652721663758712e+00 3.550966527216637587e+02 3.553466527216637587e+02 3.585966527216637587e+02 3.588466527216637587e+02 3.593466527216637587e+02
8.927908165658266171e+00 1.927908165658266171e+00 3.474279081656582662e+02 3.374279081656582662e+02 3.544279081656582662e+02 3.551779081656582662e+02 3.584279081656582662e+02
3.551252659958170170e+02 3.526252659958170170e+02 3.511252659958170170e+02 3.521252659958170170e+02 3.548752659958170170e+02 3.566252659958170170e+02 3.551252659958170170e+02
8.151532409033563908e+00 1.490153240903356391e+01 1.690153240903356391e+01 2.715153240903356391e+01 1.440153240903356391e+01 3.401532409033563908e+00 1.651532409033563908e+00
2.932220316846098740e+00 1.432220316846098740e+00 1.143222031684609874e+01 4.682220316846098740e+00 3.554322203168460987e+02 3.459322203168460987e+02 3.549322203168460987e+02
1.117061236521720957e+01 3.521706123652172096e+02 3.506706123652172096e+02 3.420612365217209572e+00 3.584206123652172096e+02 2.920612365217209572e+00 1.920612365217209572e+00
1.151071299318482488e+01 3.517607129931848249e+02 3.502607129931848249e+02 3.260712993184824882e+00 3.582607129931848249e+02 2.510712993184824882e+00 1.510712993184824882e+00
0.000000000000000000e+00 0.000000000000000000e+00 0.000000000000000000e+00 0.000000000000000000e+00 0.000000000000000000e+00 0.000000000000000000e+00 0.000000000000000000e+00
2.121548994384170328e+00 3.461215489943841703e+02 3.418715489943841703e+02 3.493715489943841703e+02 3.593715489943841703e+02 6.371548994384170328e+00 6.912154899438417033e+01
0.000000000000000000e+00 0.000000000000000000e+00 0.000000000000000000e+00 0.000000000000000000e+00 0.000000000000000000e+00 0.000000000000000000e+00 0.000000000000000000e+00
3.508870892854391172e+02 2.363708928543911725e+01 3.378870892854391172e+02 3.503870892854391172e+02 4.637089285439117248e+00 3.561370892854391172e+02 1.063708928543911725e+01
0.000000000000000000e+00 0.000000000000000000e+00 0.000000000000000000e+00 0.000000000000000000e+00 0.000000000000000000e+00 0.000000000000000000e+00 0.000000000000000000e+00
1.506813466490410747e+01 3.170681346649041075e+02 7.906813466490410747e+01 5.056813466490410747e+01 2.531813466490410747e+01 3.331813466490410747e+01 2.281813466490410747e+01
0.000000000000000000e+00 0.000000000000000000e+00 0.000000000000000000e+00 0.000000000000000000e+00 0.000000000000000000e+00 0.000000000000000000e+00 0.000000000000000000e+00
0.000000000000000000e+00 0.000000000000000000e+00 0.000000000000000000e+00 0.000000000000000000e+00 0.000000000000000000e+00 0.000000000000000000e+00 0.000000000000000000e+00
3.527059033564169681e+02 3.312059033564169681e+02 3.319559033564169681e+02 3.329559033564169681e+02 3.047059033564169681e+02 2.102059033564169681e+02 3.377059033564169681e+02
2.864788274511580539e+02 2.819788274511580539e+02 2.812288274511580539e+02 2.789788274511580539e+02 3.417288274511580539e+02 3.334788274511580539e+02 3.502288274511580539e+02
3.536887669576316853e+02 5.938766957631685273e+00 6.887669576316852726e-01 4.188766957631685273e+00 3.514387669576316853e+02 1.068876695763168527e+01 2.843876695763168527e+01
0.000000000000000000e+00 0.000000000000000000e+00 0.000000000000000000e+00 0.000000000000000000e+00 0.000000000000000000e+00 0.000000000000000000e+00 0.000000000000000000e+00
3.477281479924283758e+02 6.478147992428375801e+00 5.478147992428375801e+00 1.172814799242837580e+01 5.228147992428375801e+00 3.589781479924283758e+02 3.492281479924283758e+02
0.000000000000000000e+00 0.000000000000000000e+00 0.000000000000000000e+00 0.000000000000000000e+00 0.000000000000000000e+00 0.000000000000000000e+00 0.000000000000000000e+00
0.000000000000000000e+00 0.000000000000000000e+00 0.000000000000000000e+00 0.000000000000000000e+00 0.000000000000000000e+00 0.000000000000000000e+00 0.000000000000000000e+00
3.104459347325519047e+02 3.401959347325519047e+02 8.344593473255190474e+01 8.569593473255190474e+01 7.319593473255190474e+01 5.544593473255190474e+01 1.849459347325519047e+02
0.000000000000000000e+00 0.000000000000000000e+00 0.000000000000000000e+00 0.000000000000000000e+00 0.000000000000000000e+00 0.000000000000000000e+00 0.000000000000000000e+00
3.006188114137876255e+01 1.006188114137876255e+01 3.495618811413787625e+02 3.553118811413787625e+02 4.561881141378762550e+00 6.561881141378762550e+00 1.656188114137876255e+01
3.224696916441076269e+02 2.121969164410762687e+01 5.221969164410762687e+01 4.846969164410762687e+01 6.969691644107626871e+00 3.582196916441076269e+02 1.599696916441076269e+02
3.393344097694574657e+02 3.330844097694574657e+02 3.510844097694574657e+02 1.210844097694574657e+02 1.820844097694574657e+02 2.690844097694574657e+02 3.193344097694574657e+02
1.298001683427662556e+01 3.730016834276625559e+00 3.562300168342766256e+02 3.572300168342766256e+02 3.562300168342766256e+02 3.247300168342766256e+02 3.472300168342766256e+02
1.253491430967636688e+01 9.784914309676366884e+00 3.534914309676366884e+00 3.597849143096763669e+02 1.284914309676366884e+00 3.272849143096763669e+02 2.392849143096763669e+02
0.000000000000000000e+00 0.000000000000000000e+00 0.000000000000000000e+00 0.000000000000000000e+00 0.000000000000000000e+00 0.000000000000000000e+00 0.000000000000000000e+00
3.573347434604484079e+02 1.084743460448407859e+00 3.525847434604484079e+02 3.548347434604484079e+02 3.593347434604484079e+02 3.347434604484078591e-01 3.593347434604484079e+02
3.659892856407236650e+01 3.568489285640723665e+02 1.834892856407236650e+01 2.934892856407236650e+01 3.323489285640723665e+02 2.935989285640723665e+02 3.140989285640723665e+02
1.473088410471768839e+01 3.529808841047176884e+02 1.448088410471768839e+01 3.348088410471768839e+01 3.273088410471768839e+01 3.487308841047176884e+02 5.148088410471768839e+01
3.460853160437890779e+02 1.558531604378907787e+01 3.490853160437890779e+02 3.233353160437890779e+02 3.240853160437890779e+02 3.535853160437890779e+02 3.523353160437890779e+02
3.830597275370678290e+00 5.805972753706782896e-01 2.733059727537067829e+01 4.258059727537067829e+01 1.858059727537067829e+01 1.393305972753706783e+02 2.940805972753706783e+02
3.473670201011657355e+00 7.236702010116573547e-01 2.722367020101165735e+01 4.272367020101165735e+01 1.872367020101165735e+01 1.389736702010116574e+02 2.947236702010116574e+02
3.412399877706203597e+02 3.437399877706203597e+02 3.492399877706203597e+02 3.339899877706203597e+02 3.497399877706203597e+02 1.323998777062035970e+01 3.498998777062035970e+01
0.000000000000000000e+00 0.000000000000000000e+00 0.000000000000000000e+00 0.000000000000000000e+00 0.000000000000000000e+00 0.000000000000000000e+00 0.000000000000000000e+00
0.000000000000000000e+00 0.000000000000000000e+00 0.000000000000000000e+00 0.000000000000000000e+00 0.000000000000000000e+00 0.000000000000000000e+00 0.000000000000000000e+00
0.000000000000000000e+00 0.000000000000000000e+00 0.000000000000000000e+00 0.000000000000000000e+00 0.000000000000000000e+00 0.000000000000000000e+00 0.000000000000000000e+00
3.532118083307132110e+02 6.211808330713211035e+00 3.544618083307132110e+02 3.484618083307132110e+02 2.221180833071321103e+01 7.471180833071321103e+01 5.646180833071321103e+01
3.591775187344786673e+02 3.364275187344786673e+02 3.559275187344786673e+02 5.927518734478667284e+00 5.677518734478667284e+00 2.742751873447866728e+01 4.842751873447866728e+01
3.522118641630876255e+02 3.417118641630876255e+02 3.497118641630876255e+02 3.484618641630876255e+02 3.467118641630876255e+02 3.509618641630876255e+02 3.484618641630876255e+02
0.000000000000000000e+00 0.000000000000000000e+00 0.000000000000000000e+00 0.000000000000000000e+00 0.000000000000000000e+00 0.000000000000000000e+00 0.000000000000000000e+00
3.522007000264102317e+02 3.567007000264102317e+02 3.492007000264102317e+02 3.487007000264102317e+02 3.562007000264102317e+02 3.539507000264102317e+02 3.537007000264102317e+02
3.506200444002315635e+02 8.370044400231563486e+00 3.588700444002315635e+02 3.498700444002315635e+02 3.446200444002315635e+02 3.426200444002315635e+02 3.446200444002315635e+02
6.686243260379728781e+01 5.486243260379728781e+01 4.761243260379728781e+01 7.612432603797287811e+00 3.168624326037972878e+02 3.186124326037972878e+02 3.366124326037972878e+02
2.066128782805802757e+02 3.386128782805802757e+02 3.311287828058027571e+01 2.158628782805802757e+02 1.811128782805802757e+02 2.993628782805802757e+02 3.121128782805802757e+02
3.201220478211037062e+02 3.158720478211037062e+02 3.553720478211037062e+02 3.583720478211037062e+02 3.553720478211037062e+02 3.516220478211037062e+02 3.498720478211037062e+02
3.280980596373439084e+02 3.510980596373439084e+02 5.980596373439084346e-01 3.585980596373439084e+02 3.528480596373439084e+02 3.485980596373439084e+02 3.478480596373439084e+02
3.899379616103237822e+01 2.993796161032378222e+00 2.437961610323782224e-01 1.124379616103237822e+01 4.493796161032378222e+00 3.482437961610323782e+02 3.469937961610323782e+02
2.114690561151905968e+01 2.146905611519059676e+00 2.883969056115190597e+02 2.763969056115190597e+02 1.513969056115190597e+02 2.883969056115190597e+02 3.789690561151905968e+01
2.024825406758554891e+01 3.998254067585548910e+00 7.482540675855489098e-01 5.248254067585548910e+00 2.748254067585548910e+00 3.427482540675855489e+02 3.424982540675855489e+02
1.418778671252437107e+01 7.187786712524371069e+00 3.546877867125243711e+02 3.509377867125243711e+02 3.479377867125243711e+02 3.334377867125243711e+02 3.426877867125243711e+02
0.000000000000000000e+00 0.000000000000000000e+00 0.000000000000000000e+00 0.000000000000000000e+00 0.000000000000000000e+00 0.000000000000000000e+00 0.000000000000000000e+00
3.551443794896385953e+00 3.458014437948963860e+02 3.455514437948963860e+02 3.478014437948963860e+02 3.560514437948963860e+02 1.405144379489638595e+01 1.055144379489638595e+01
3.571930520264530742e+02 3.599430520264530742e+02 2.193052026453074177e+00 2.319305202645307418e+01 3.669305202645307418e+01 3.644305202645307418e+01 2.194305202645307418e+01
3.544177499472601767e+02 3.464177499472601767e+02 8.917749947260176668e+00 1.491774994726017667e+01 3.561677499472601767e+02 3.434177499472601767e+02 3.549177499472601767e+02
1.734731234968899116e+01 9.097312349688991162e+00 3.528473123496889912e+02 3.578473123496889912e+02 3.565973123496889912e+02 3.473123496889911621e-01 7.597312349688991162e+00
6.055499848926251616e+01 7.080499848926251616e+01 5.755499848926251616e+01 4.580499848926251616e+01 2.880499848926251616e+01 3.515549984892625162e+02 3.560549984892625162e+02
0.000000000000000000e+00 0.000000000000000000e+00 0.000000000000000000e+00 0.000000000000000000e+00 0.000000000000000000e+00 0.000000000000000000e+00 0.000000000000000000e+00
0.000000000000000000e+00 0.000000000000000000e+00 0.000000000000000000e+00 0.000000000000000000e+00 0.000000000000000000e+00 0.000000000000000000e+00 0.000000000000000000e+00
3.169630303747510425e+00 5.669630303747510425e+00 3.596696303037475104e+02 3.371696303037475104e+02 3.329196303037475104e+02 3.426696303037475104e+02 3.459196303037475104e+02
0.000000000000000000e+00 0.000000000000000000e+00 0.000000000000000000e+00 0.000000000000000000e+00 0.000000000000000000e+00 0.000000000000000000e+00 0.000000000000000000e+00
8.116786195581084939e-01 2.056167861955810849e+01 3.588116786195581085e+02 3.553116786195581085e+02 3.348116786195581085e+02 3.120616786195581085e+02 3.173116786195581085e+02
0.000000000000000000e+00 0.000000000000000000e+00 0.000000000000000000e+00 0.000000000000000000e+00 0.000000000000000000e+00 0.000000000000000000e+00 0.000000000000000000e+00
0.000000000000000000e+00 0.000000000000000000e+00 0.000000000000000000e+00 0.000000000000000000e+00 0.000000000000000000e+00 0.000000000000000000e+00 0.000000000000000000e+00
0.000000000000000000e+00 0.000000000000000000e+00 0.000000000000000000e+00 0.000000000000000000e+00 0.000000000000000000e+00 0.000000000000000000e+00 0.000000000000000000e+00
0.000000000000000000e+00 0.000000000000000000e+00 0.000000000000000000e+00 0.000000000000000000e+00 0.000000000000000000e+00 0.000000000000000000e+00 0.000000000000000000e+00
0.000000000000000000e+00 0.000000000000000000e+00 0.000000000000000000e+00 0.000000000000000000e+00 0.000000000000000000e+00 0.000000000000000000e+00 0.000000000000000000e+00
0.000000000000000000e+00 0.000000000000000000e+00 0.000000000000000000e+00 0.000000000000000000e+00 0.000000000000000000e+00 0.000000000000000000e+00 0.000000000000000000e+00
0.000000000000000000e+00 0.000000000000000000e+00 0.000000000000000000e+00 0.000000000000000000e+00 0.000000000000000000e+00 0.000000000000000000e+00 0.000000000000000000e+00
0.000000000000000000e+00 0.000000000000000000e+00 0.000000000000000000e+00 0.000000000000000000e+00 0.000000000000000000e+00 0.000000000000000000e+00 0.000000000000000000e+00
0.000000000000000000e+00 0.000000000000000000e+00 0.000000000000000000e+00 0.000000000000000000e+00 0.000000000000000000e+00 0.000000000000000000e+00 0.000000000000000000e+00
0.000000000000000000e+00 0.000000000000000000e+00 0.000000000000000000e+00 0.000000000000000000e+00 0.000000000000000000e+00 0.000000000000000000e+00 0.000000000000000000e+00
0.000000000000000000e+00 0.000000000000000000e+00 0.000000000000000000e+00 0.000000000000000000e+00 0.000000000000000000e+00 0.000000000000000000e+00 0.000000000000000000e+00
0.000000000000000000e+00 0.000000000000000000e+00 0.000000000000000000e+00 0.000000000000000000e+00 0.000000000000000000e+00 0.000000000000000000e+00 0.000000000000000000e+00
0.000000000000000000e+00 0.000000000000000000e+00 0.000000000000000000e+00 0.000000000000000000e+00 0.000000000000000000e+00 0.000000000000000000e+00 0.000000000000000000e+00
0.000000000000000000e+00 0.000000000000000000e+00 0.000000000000000000e+00 0.000000000000000000e+00 0.000000000000000000e+00 0.000000000000000000e+00 0.000000000000000000e+00
0.000000000000000000e+00 0.000000000000000000e+00 0.000000000000000000e+00 0.000000000000000000e+00 0.000000000000000000e+00 0.000000000000000000e+00 0.000000000000000000e+00
0.000000000000000000e+00 0.000000000000000000e+00 0.000000000000000000e+00 0.000000000000000000e+00 0.000000000000000000e+00 0.000000000000000000e+00 0.000000000000000000e+00
0.000000000000000000e+00 0.000000000000000000e+00 0.000000000000000000e+00 0.000000000000000000e+00 0.000000000000000000e+00 0.000000000000000000e+00 0.000000000000000000e+00
0.000000000000000000e+00 0.000000000000000000e+00 0.000000000000000000e+00 0.000000000000000000e+00 0.000000000000000000e+00 0.000000000000000000e+00 0.000000000000000000e+00
0.000000000000000000e+00 0.000000000000000000e+00 0.000000000000000000e+00 0.000000000000000000e+00 0.000000000000000000e+00 0.000000000000000000e+00 0.000000000000000000e+00
0.000000000000000000e+00 0.000000000000000000e+00 0.000000000000000000e+00 0.000000000000000000e+00 0.000000000000000000e+00 0.000000000000000000e+00 0.000000000000000000e+00
0.000000000000000000e+00 0.000000000000000000e+00 0.000000000000000000e+00 0.000000000000000000e+00 0.000000000000000000e+00 0.000000000000000000e+00 0.000000000000000000e+00
0.000000000000000000e+00 0.000000000000000000e+00 0.000000000000000000e+00 0.000000000000000000e+00 0.000000000000000000e+00 0.000000000000000000e+00 0.000000000000000000e+00
0.000000000000000000e+00 0.000000000000000000e+00 0.000000000000000000e+00 0.000000000000000000e+00 0.000000000000000000e+00 0.000000000000000000e+00 0.000000000000000000e+00
0.000000000000000000e+00 0.000000000000000000e+00 0.000000000000000000e+00 0.000000000000000000e+00 0.000000000000000000e+00 0.000000000000000000e+00 0.000000000000000000e+00
0.000000000000000000e+00 0.000000000000000000e+00 0.000000000000000000e+00 0.000000000000000000e+00 0.000000000000000000e+00 0.000000000000000000e+00 0.000000000000000000e+00
0.000000000000000000e+00 0.000000000000000000e+00 0.000000000000000000e+00 0.000000000000000000e+00 0.000000000000000000e+00 0.000000000000000000e+00 0.000000000000000000e+00
0.000000000000000000e+00 0.000000000000000000e+00 0.000000000000000000e+00 0.000000000000000000e+00 0.000000000000000000e+00 0.000000000000000000e+00 0.000000000000000000e+00
0.000000000000000000e+00 0.000000000000000000e+00 0.000000000000000000e+00 0.000000000000000000e+00 0.000000000000000000e+00 0.000000000000000000e+00 0.000000000000000000e+00
0.000000000000000000e+00 0.000000000000000000e+00 0.000000000000000000e+00 0.000000000000000000e+00 0.000000000000000000e+00 0.000000000000000000e+00 0.000000000000000000e+00
0.000000000000000000e+00 0.000000000000000000e+00 0.000000000000000000e+00 0.000000000000000000e+00 0.000000000000000000e+00 0.000000000000000000e+00 0.000000000000000000e+00
0.000000000000000000e+00 0.000000000000000000e+00 0.000000000000000000e+00 0.000000000000000000e+00 0.000000000000000000e+00 0.000000000000000000e+00 0.000000000000000000e+00
0.000000000000000000e+00 0.000000000000000000e+00 0.000000000000000000e+00 0.000000000000000000e+00 0.000000000000000000e+00 0.000000000000000000e+00 0.000000000000000000e+00
0.000000000000000000e+00 0.000000000000000000e+00 0.000000000000000000e+00 0.000000000000000000e+00 0.000000000000000000e+00 0.000000000000000000e+00 0.000000000000000000e+00
0.000000000000000000e+00 0.000000000000000000e+00 0.000000000000000000e+00 0.000000000000000000e+00 0.000000000000000000e+00 0.000000000000000000e+00 0.000000000000000000e+00
0.000000000000000000e+00 0.000000000000000000e+00 0.000000000000000000e+00 0.000000000000000000e+00 0.000000000000000000e+00 0.000000000000000000e+00 0.000000000000000000e+00
0.000000000000000000e+00 0.000000000000000000e+00 0.000000000000000000e+00 0.000000000000000000e+00 0.000000000000000000e+00 0.000000000000000000e+00 0.000000000000000000e+00
0.000000000000000000e+00 0.000000000000000000e+00 0.000000000000000000e+00 0.000000000000000000e+00 0.000000000000000000e+00 0.000000000000000000e+00 0.000000000000000000e+00
0.000000000000000000e+00 0.000000000000000000e+00 0.000000000000000000e+00 0.000000000000000000e+00 0.000000000000000000e+00 0.000000000000000000e+00 0.000000000000000000e+00
0.000000000000000000e+00 0.000000000000000000e+00 0.000000000000000000e+00 0.000000000000000000e+00 0.000000000000000000e+00 0.000000000000000000e+00 0.000000000000000000e+00
0.000000000000000000e+00 0.000000000000000000e+00 0.000000000000000000e+00 0.000000000000000000e+00 0.000000000000000000e+00 0.000000000000000000e+00 0.000000000000000000e+00
0.000000000000000000e+00 0.000000000000000000e+00 0.000000000000000000e+00 0.000000000000000000e+00 0.000000000000000000e+00 0.000000000000000000e+00 0.000000000000000000e+00
0.000000000000000000e+00 0.000000000000000000e+00 0.000000000000000000e+00 0.000000000000000000e+00 0.000000000000000000e+00 0.000000000000000000e+00 0.000000000000000000e+00
0.000000000000000000e+00 0.000000000000000000e+00 0.000000000000000000e+00 0.000000000000000000e+00 0.000000000000000000e+00 0.000000000000000000e+00 0.000000000000000000e+00
0.000000000000000000e+00 0.000000000000000000e+00 0.000000000000000000e+00 0.000000000000000000e+00 0.000000000000000000e+00 0.000000000000000000e+00 0.000000000000000000e+00
0.000000000000000000e+00 0.000000000000000000e+00 0.000000000000000000e+00 0.000000000000000000e+00 0.000000000000000000e+00 0.000000000000000000e+00 0.000000000000000000e+00
0.000000000000000000e+00 0.000000000000000000e+00 0.000000000000000000e+00 0.000000000000000000e+00 0.000000000000000000e+00 0.000000000000000000e+00 0.000000000000000000e+00
0.000000000000000000e+00 0.000000000000000000e+00 0.000000000000000000e+00 0.000000000000000000e+00 0.000000000000000000e+00 0.000000000000000000e+00 0.000000000000000000e+00
0.000000000000000000e+00 0.000000000000000000e+00 0.000000000000000000e+00 0.000000000000000000e+00 0.000000000000000000e+00 0.000000000000000000e+00 0.000000000000000000e+00
0.000000000000000000e+00 0.000000000000000000e+00 0.000000000000000000e+00 0.000000000000000000e+00 0.000000000000000000e+00 0.000000000000000000e+00 0.000000000000000000e+00
0.000000000000000000e+00 0.000000000000000000e+00 0.000000000000000000e+00 0.000000000000000000e+00 0.000000000000000000e+00 0.000000000000000000e+00 0.000000000000000000e+00
0.000000000000000000e+00 0.000000000000000000e+00 0.000000000000000000e+00 0.000000000000000000e+00 0.000000000000000000e+00 0.000000000000000000e+00 0.000000000000000000e+00
0.000000000000000000e+00 0.000000000000000000e+00 0.000000000000000000e+00 0.000000000000000000e+00 0.000000000000000000e+00 0.000000000000000000e+00 0.000000000000000000e+00
0.000000000000000000e+00 0.000000000000000000e+00 0.000000000000000000e+00 0.000000000000000000e+00 0.000000000000000000e+00 0.000000000000000000e+00 0.000000000000000000e+00
0.000000000000000000e+00 0.000000000000000000e+00 0.000000000000000000e+00 0.000000000000000000e+00 0.000000000000000000e+00 0.000000000000000000e+00 0.000000000000000000e+00
0.000000000000000000e+00 0.000000000000000000e+00 0.000000000000000000e+00 0.000000000000000000e+00 0.000000000000000000e+00 0.000000000000000000e+00 0.000000000000000000e+00
0.000000000000000000e+00 0.000000000000000000e+00 0.000000000000000000e+00 0.000000000000000000e+00 0.000000000000000000e+00 0.000000000000000000e+00 0.000000000000000000e+00
0.000000000000000000e+00 0.000000000000000000e+00 0.000000000000000000e+00 0.000000000000000000e+00 0.000000000000000000e+00 0.000000000000000000e+00 0.000000000000000000e+00
0.000000000000000000e+00 0.000000000000000000e+00 0.000000000000000000e+00 0.000000000000000000e+00 0.000000000000000000e+00 0.000000000000000000e+00 0.000000000000000000e+00
0.000000000000000000e+00 0.000000000000000000e+00 0.000000000000000000e+00 0.000000000000000000e+00 0.000000000000000000e+00 0.000000000000000000e+00 0.000000000000000000e+00
0.000000000000000000e+00 0.000000000000000000e+00 0.000000000000000000e+00 0.000000000000000000e+00 0.000000000000000000e+00 0.000000000000000000e+00 0.000000000000000000e+00
0.000000000000000000e+00 0.000000000000000000e+00 0.000000000000000000e+00 0.000000000000000000e+00 0.000000000000000000e+00 0.000000000000000000e+00 0.000000000000000000e+00
0.000000000000000000e+00 0.000000000000000000e+00 0.000000000000000000e+00 0.000000000000000000e+00 0.000000000000000000e+00 0.000000000000000000e+00 0.000000000000000000e+00
0.000000000000000000e+00 0.000000000000000000e+00 0.000000000000000000e+00 0.000000000000000000e+00 0.000000000000000000e+00 0.000000000000000000e+00 0.000000000000000000e+00
0.000000000000000000e+00 0.000000000000000000e+00 0.000000000000000000e+00 0.000000000000000000e+00 0.000000000000000000e+00 0.000000000000000000e+00 0.000000000000000000e+00
0.000000000000000000e+00 0.000000000000000000e+00 0.000000000000000000e+00 0.000000000000000000e+00 0.000000000000000000e+00 0.000000000000000000e+00 0.000000000000000000e+00
0.000000000000000000e+00 0.000000000000000000e+00 0.000000000000000000e+00 0.000000000000000000e+00 0.000000000000000000e+00 0.000000000000000000e+00 0.000000000000000000e+00
0.000000000000000000e+00 0.000000000000000000e+00 0.000000000000000000e+00 0.000000000000000000e+00 0.000000000000000000e+00 0.000000000000000000e+00 0.000000000000000000e+00
0.000000000000000000e+00 0.000000000000000000e+00 0.000000000000000000e+00 0.000000000000000000e+00 0.000000000000000000e+00 0.000000000000000000e+00 0.000000000000000000e+00
0.000000000000000000e+00 0.000000000000000000e+00 0.000000000000000000e+00 0.000000000000000000e+00 0.000000000000000000e+00 0.000000000000000000e+00 0.000000000000000000e+00
0.000000000000000000e+00 0.000000000000000000e+00 0.000000000000000000e+00 0.000000000000000000e+00 0.000000000000000000e+00 0.000000000000000000e+00 0.000000000000000000e+00
0.000000000000000000e+00 0.000000000000000000e+00 0.000000000000000000e+00 0.000000000000000000e+00 0.000000000000000000e+00 0.000000000000000000e+00 0.000000000000000000e+00
0.000000000000000000e+00 0.000000000000000000e+00 0.000000000000000000e+00 0.000000000000000000e+00 0.000000000000000000e+00 0.000000000000000000e+00 0.000000000000000000e+00
0.000000000000000000e+00 0.000000000000000000e+00 0.000000000000000000e+00 0.000000000000000000e+00 0.000000000000000000e+00 0.000000000000000000e+00 0.000000000000000000e+00
0.000000000000000000e+00 0.000000000000000000e+00 0.000000000000000000e+00 0.000000000000000000e+00 0.000000000000000000e+00 0.000000000000000000e+00 0.000000000000000000e+00
