9.595542828071301766e-01 9.801077843897066932e-01 9.434289735157078693e-01 8.377419437206138353e-01 5.956097784124315675e-01 3.602479025430012638e-01 6.344856063295269966e-01
9.246660304336371539e-01 9.234273203768308402e-01 9.376725529887081079e-01 9.320210346725522621e-01 8.614323826165056763e-01 7.910136525569760879e-01 6.411906988997684298e-01
0.000000000000000000e+00 0.000000000000000000e+00 0.000000000000000000e+00 0.000000000000000000e+00 0.000000000000000000e+00 0.000000000000000000e+00 0.000000000000000000e+00
0.000000000000000000e+00 0.000000000000000000e+00 0.000000000000000000e+00 0.000000000000000000e+00 0.000000000000000000e+00 0.000000000000000000e+00 0.000000000000000000e+00
3.470351949529290048e-01 7.770020960514428809e-01 7.180201794214600142e-01 6.820852539691234506e-01 5.664994349338151602e-01 6.304727660936814138e-01 7.131700734062863534e-01
0.000000000000000000e+00 0.000000000000000000e+00 0.000000000000000000e+00 0.000000000000000000e+00 0.000000000000000000e+00 0.000000000000000000e+00 0.000000000000000000e+00
8.779096096899821067e-01 6.405337970909324996e-01 5.795389371884808183e-01 3.765507779696122270e-01 3.682702715089433143e-01 7.324029629687915932e-01 7.297905364984351717e-01
5.937550811603675704e-01 6.039390262670997211e-01 4.521953933437476425e-01 6.201354945756806236e-01 3.921626358291905867e-01 3.633971651106429612e-01 3.431852329116484301e-01
0.000000000000000000e+00 0.000000000000000000e+00 0.000000000000000000e+00 0.000000000000000000e+00 0.000000000000000000e+00 0.000000000000000000e+00 0.000000000000000000e+00
0.000000000000000000e+00 0.000000000000000000e+00 0.000000000000000000e+00 0.000000000000000000e+00 0.000000000000000000e+00 0.000000000000000000e+00 0.000000000000000000e+00
0.000000000000000000e+00 0.000000000000000000e+00 0.000000000000000000e+00 0.000000000000000000e+00 0.000000000000000000e+00 0.000000000000000000e+00 0.000000000000000000e+00
8.929962375324063117e-01 8.899720810785948233e-01 8.356774831230596723e-01 7.649713905184526430e-01 8.557461242511220645e-01 9.616195393036007788e-01 9.767941093199399294e-01
9.015200522248569825e-01 7.928418790925213511e-01 7.365266088151740664e-01 6.238536238146265012e-01 6.246729751621914462e-01 5.577373758555408401e-01 5.195053282817896356e-01
8.997169129419358979e-01 8.092707514488225451e-01 9.388835651143785377e-01 9.601668466044751549e-01 9.490557859265282836e-01 9.264662885095377165e-01 9.316623650861014516e-01
8.842307773406179461e-01 8.213681375227658288e-01 8.636219145135136666e-01 9.119398525029108749e-01 9.343730288446541188e-01 8.870293636519971381e-01 9.207089025697561269e-01
0.000000000000000000e+00 0.000000000000000000e+00 0.000000000000000000e+00 0.000000000000000000e+00 0.000000000000000000e+00 0.000000000000000000e+00 0.000000000000000000e+00
0.000000000000000000e+00 0.000000000000000000e+00 0.000000000000000000e+00 0.000000000000000000e+00 0.000000000000000000e+00 0.000000000000000000e+00 0.000000000000000000e+00
6.661195828041480693e-01 7.708920258499148970e-01 7.877450284099081212e-01 7.707996311356849484e-01 8.173480464682593150e-01 8.538467611998600271e-01 7.989107052917767682e-01
8.099933547172754045e-01 8.603121757264944325e-01 8.579467680195840273e-01 8.454157615332416054e-01 8.264301837671476081e-01 6.346342643126894334e-01 7.985961504605580963e-01
0.000000000000000000e+00 0.000000000000000000e+00 0.000000000000000000e+00 0.000000000000000000e+00 0.000000000000000000e+00 0.000000000000000000e+00 0.000000000000000000e+00
0.000000000000000000e+00 0.000000000000000000e+00 0.000000000000000000e+00 0.000000000000000000e+00 0.000000000000000000e+00 0.000000000000000000e+00 0.000000000000000000e+00
7.199504389010282779e-01 6.928656434696967015e-01 5.959299028625377748e-01 7.241355053420542864e-01 5.675638480668415697e-01 7.034572032458248358e-01 6.689526118563864365e-01
9.363545267821987705e-01 9.012158653416534326e-01 9.093732820474005329e-01 8.188752862124601961e-01 4.627434319904016879e-01 5.483950979071101628e-01 6.163602696965667649e-01
0.000000000000000000e+00 0.000000000000000000e+00 0.000000000000000000e+00 0.000000000000000000e+00 0.000000000000000000e+00 0.000000000000000000e+00 0.000000000000000000e+00
6.498520200429533933e-01 7.427012894796432008e-01 7.476872818494455508e-01 6.607034302385009772e-01 4.597132850122042091e-01 5.442401206015015092e-01 4.418230079608736482e-01
8.920883278830601393e-01 8.732536590613501071e-01 9.288901787284925549e-01 8.479411103042008291e-01 7.848777591128476283e-01 6.182506562215557278e-01 7.342659657667871542e-01
0.000000000000000000e+00 0.000000000000000000e+00 0.000000000000000000e+00 0.000000000000000000e+00 0.000000000000000000e+00 0.000000000000000000e+00 0.000000000000000000e+00
0.000000000000000000e+00 0.000000000000000000e+00 0.000000000000000000e+00 0.000000000000000000e+00 0.000000000000000000e+00 0.000000000000000000e+00 0.000000000000000000e+00
4.789529361973968724e-01 5.711604191548624865e-01 7.773086281076141413e-01 8.743913263969407268e-01 9.388258775023373692e-01 9.415987785868239479e-01 9.671610082980107714e-01
7.593985703283003819e-01 7.121573011348477644e-01 7.099829826086613282e-01 7.936789266294058676e-01 8.789583897537232016e-01 8.997900045727191820e-01 8.751077936595476059e-01
0.000000000000000000e+00 0.000000000000000000e+00 0.000000000000000000e+00 0.000000000000000000e+00 0.000000000000000000e+00 0.000000000000000000e+00 0.000000000000000000e+00
8.155673784557739836e-01 8.014016811922743955e-01 8.694198992602181209e-01 9.447087114636841809e-01 9.577117097761216336e-01 9.281738972458655201e-01 9.393059697140907494e-01
0.000000000000000000e+00 0.000000000000000000e+00 0.000000000000000000e+00 0.000000000000000000e+00 0.000000000000000000e+00 0.000000000000000000e+00 0.000000000000000000e+00
8.538479960562098681e-01 9.214377893064966685e-01 9.053553078227462025e-01 9.525652854421005067e-01 9.796481868691739869e-01 9.726594116062610151e-01 9.499116154070179618e-01
7.266853650931873743e-01 8.075811317622394458e-01 8.290684029838129021e-01 7.008817991837197336e-01 3.883891475782452751e-01 7.565693642613675607e-01 9.152376191437223696e-01
9.339822684079394088e-01 9.201009904037351639e-01 8.008404253665349914e-01 6.061604923440413462e-01 2.722239843351804689e-01 2.308181770213020012e-01 5.027318644094650457e-01
9.305216619178553472e-01 9.630484844701435732e-01 9.615608334048838524e-01 8.389021589375854626e-01 8.449625518738724805e-01 9.055260638794467853e-01 8.383880886504908592e-01
9.364211846336354395e-01 9.314196001352312848e-01 9.632691577781804515e-01 9.573929457006634669e-01 8.945819089570101745e-01 8.758622846573476117e-01 9.227300781670227936e-01
8.866150936793649739e-01 8.636362633884171469e-01 7.303827864217231625e-01 6.997795057647434591e-01 7.236198229032329010e-01 8.781118277303490149e-01 9.479714293833950700e-01
0.000000000000000000e+00 0.000000000000000000e+00 0.000000000000000000e+00 0.000000000000000000e+00 0.000000000000000000e+00 0.000000000000000000e+00 0.000000000000000000e+00
7.780510258487268738e-01 7.979547678554109735e-01 7.837016971927764919e-01 7.055370272432872625e-01 6.235396025318071800e-01 5.062304655144694854e-01 6.654920993600321744e-01
0.000000000000000000e+00 0.000000000000000000e+00 0.000000000000000000e+00 0.000000000000000000e+00 0.000000000000000000e+00 0.000000000000000000e+00 0.000000000000000000e+00
0.000000000000000000e+00 0.000000000000000000e+00 0.000000000000000000e+00 0.000000000000000000e+00 0.000000000000000000e+00 0.000000000000000000e+00 0.000000000000000000e+00
7.679737851844450347e-01 8.230573098180865577e-01 7.471531902202023234e-01 5.699982052078015338e-01 5.269947167655956166e-01 7.902704874213800634e-01 9.241639890492228115e-01
8.022663698143353006e-01 7.102147099952637044e-01 6.707688523346237996e-01 6.526262500992350279e-01 8.042573329337406873e-01 9.438988926077576114e-01 9.575719029848285269e-01
8.206306450183556978e-01 7.708968209380817616e-01 8.208540513272087891e-01 9.129948704172045071e-01 9.487775086684755443e-01 9.567544717397722387e-01 9.816867297735376585e-01
6.922229521391860541e-01 4.438991421387816771e-01 5.367003843542694774e-01 6.366457453583900250e-01 3.332878882368823237e-01 6.261995761242609149e-01 8.199439133124142298e-01
6.057607241077761495e-01 3.831083398458809408e-01 1.574265026173833071e-01 2.489237994986844005e-01 3.088883753963718726e-01 5.813067568588901057e-01 8.806135197615913013e-01
8.251801563853138344e-01 8.964539822084151011e-01 9.122374694737401812e-01 7.982608265316895046e-01 7.194741360150259668e-01 7.143981518696308486e-01 5.485280634441197511e-01
0.000000000000000000e+00 0.000000000000000000e+00 0.000000000000000000e+00 0.000000000000000000e+00 0.000000000000000000e+00 0.000000000000000000e+00 0.000000000000000000e+00
9.366228876429172345e-01 9.262315725317097348e-01 9.484722355380592607e-01 9.655042229171443280e-01 9.754837421381582496e-01 9.728125358520808286e-01 9.318842066195349716e-01
9.602883041639956874e-01 9.548433254908996748e-01 9.262405242240745462e-01 9.324449150842353262e-01 9.436393576784629644e-01 8.930393298804064628e-01 7.346513281547752960e-01
8.501228730087265761e-01 7.932185079776032932e-01 8.065974596526724882e-01 8.206167148385687948e-01 7.987351086003862122e-01 7.994535537062903430e-01 8.349119379632762294e-01
7.815518846920677110e-01 8.854379780798236066e-01 9.444816456918844194e-01 9.697792442962459569e-01 9.570021601354352647e-01 8.757250046740603366e-01 9.090407136585938463e-01
8.455012379485107310e-01 8.564144508871001094e-01 8.998531488252398125e-01 9.296599752495032787e-01 8.870885084933034515e-01 7.199778644419326801e-01 4.539010353094413697e-01
9.134928420407163463e-01 9.216999753993891931e-01 8.975048369237715873e-01 9.041296096647788438e-01 4.848031629912590845e-01 3.835991993366750230e-01 5.759999243521428669e-01
8.926355701430422895e-01 8.295872499711818282e-01 9.396984306340980808e-01 9.608725100437405242e-01 9.082806459808435706e-01 8.480200959563441998e-01 8.554866817334800810e-01
8.953424638996327900e-01 8.261871193327506857e-01 9.398489959816596073e-01 9.610275277756819001e-01 9.066629778015392604e-01 8.482549272601138668e-01 8.570042169285030376e-01
0.000000000000000000e+00 0.000000000000000000e+00 0.000000000000000000e+00 0.000000000000000000e+00 0.000000000000000000e+00 0.000000000000000000e+00 0.000000000000000000e+00
8.961558146255422797e-01 7.534184230884306555e-01 7.743972404787924368e-01 8.416125250146815340e-01 7.808622824855174782e-01 7.796799569892466364e-01 7.006133305342991946e-01
0.000000000000000000e+00 0.000000000000000000e+00 0.000000000000000000e+00 0.000000000000000000e+00 0.000000000000000000e+00 0.000000000000000000e+00 0.000000000000000000e+00
8.515314786597972807e-01 8.739124835223436305e-01 8.866498464825049997e-01 9.092943786202771772e-01 9.767094150445740919e-01 9.012868502102825419e-01 8.870512259820073631e-01
0.000000000000000000e+00 0.000000000000000000e+00 0.000000000000000000e+00 0.000000000000000000e+00 0.000000000000000000e+00 0.000000000000000000e+00 0.000000000000000000e+00
4.162528099516422109e-01 4.684970590633993903e-01 2.979599380312006329e-01 1.643195310914476737e-01 1.511854480286990154e-01 2.018614552961146003e-01 4.122042929795421418e-01
0.000000000000000000e+00 0.000000000000000000e+00 0.000000000000000000e+00 0.000000000000000000e+00 0.000000000000000000e+00 0.000000000000000000e+00 0.000000000000000000e+00
0.000000000000000000e+00 0.000000000000000000e+00 0.000000000000000000e+00 0.000000000000000000e+00 0.000000000000000000e+00 0.000000000000000000e+00 0.000000000000000000e+00
8.850620596993180600e-01 9.206840590268521307e-01 9.105346469912668494e-01 8.763669130092794912e-01 6.494413802045008177e-01 2.276459965458580148e-01 3.722178573203590024e-01
6.253178185694072688e-01 6.063592340378943790e-01 5.520462349264738666e-01 5.428658674907684833e-01 5.198393118748098063e-01 5.271172043138147023e-01 5.697647512110831647e-01
9.135491063455387639e-01 8.868200064055833387e-01 5.689174114262255388e-01 5.603346666566698664e-01 7.457516044516786513e-01 5.726380728282666199e-01 7.018469125797003327e-01
0.000000000000000000e+00 0.000000000000000000e+00 0.000000000000000000e+00 0.000000000000000000e+00 0.000000000000000000e+00 0.000000000000000000e+00 0.000000000000000000e+00
8.293846264535660318e-01 8.525964523212656854e-01 7.687414075424769955e-01 5.827122557474805342e-01 5.465495984051536027e-01 7.078792252415090358e-01 6.372152106443351727e-01
0.000000000000000000e+00 0.000000000000000000e+00 0.000000000000000000e+00 0.000000000000000000e+00 0.000000000000000000e+00 0.000000000000000000e+00 0.000000000000000000e+00
0.000000000000000000e+00 0.000000000000000000e+00 0.000000000000000000e+00 0.000000000000000000e+00 0.000000000000000000e+00 0.000000000000000000e+00 0.000000000000000000e+00
3.753547235735762433e-01 5.301166712051051944e-01 5.030497998382127411e-01 6.067024456100755803e-01 4.819561984460548620e-01 3.938525767393546984e-01 6.055816353061982404e-01
0.000000000000000000e+00 0.000000000000000000e+00 0.000000000000000000e+00 0.000000000000000000e+00 0.000000000000000000e+00 0.000000000000000000e+00 0.000000000000000000e+00
8.977813882431306958e-01 8.808626250747541020e-01 8.519396104388728963e-01 7.898970418728475940e-01 8.492945850164659305e-01 8.591603780325205442e-01 8.947439875007564547e-01
6.565332066438425151e-01 6.128709269075413024e-01 5.169816975647089086e-01 5.109953026544279409e-01 4.150714360421585147e-01 1.375061156474241542e-01 5.458258509496057842e-01
4.847679744943064750e-01 4.306024190210108737e-01 3.198364407955384126e-01 3.856582343164628446e-01 6.254067581134957754e-01 5.160615056264536982e-01 5.389140810361304768e-01
7.664289109542170575e-01 8.062287197293231955e-01 8.733208256310687201e-01 9.191248370085037811e-01 9.043008486118728761e-01 8.481670224966670890e-01 8.615475866133243121e-01
7.175582418825711128e-01 8.716094860908022435e-01 8.465463615495808503e-01 7.614717481295311119e-01 6.353658058196193226e-01 4.551749676234146391e-01 3.898837705608677595e-01
0.000000000000000000e+00 0.000000000000000000e+00 0.000000000000000000e+00 0.000000000000000000e+00 0.000000000000000000e+00 0.000000000000000000e+00 0.000000000000000000e+00
9.366621875274087072e-01 9.472638790939015285e-01 9.499896292426432964e-01 9.702047129954188831e-01 9.799449456130551184e-01 9.748088492734018340e-01 9.836661395491701487e-01
7.158483857987153476e-01 7.572184097223431110e-01 6.963004315305089120e-01 5.469606189101114957e-01 5.281046637298361102e-01 5.597729577788567168e-01 4.242857823987033483e-01
8.048581277943180901e-01 8.950604970898629054e-01 8.722293804105409887e-01 8.321034993079620135e-01 7.306722370237389574e-01 6.760010017408280003e-01 9.124589868950799820e-01
5.527935956469606227e-01 5.781235531421820006e-01 6.916155269360184654e-01 6.469949081695017812e-01 4.455231076109377741e-01 5.240282103354437782e-01 8.098586499168353159e-01
7.812473617285776717e-01 8.525353641702062557e-01 8.386355131116858264e-01 6.268117583422906369e-01 6.164186820011909873e-01 6.594268082560480471e-01 4.617518904993331841e-01
7.845237250072750745e-01 8.473455391347749499e-01 8.373487076983285871e-01 6.505279475663835465e-01 6.179677429194692095e-01 6.600853716133594506e-01 4.600465211289380130e-01
4.713844829056502705e-01 6.500079037740776888e-01 7.069185382500804415e-01 5.806201250137424941e-01 5.460732965335775013e-01 5.006572506786659549e-01 7.099081251452473706e-01
0.000000000000000000e+00 0.000000000000000000e+00 0.000000000000000000e+00 0.000000000000000000e+00 0.000000000000000000e+00 0.000000000000000000e+00 0.000000000000000000e+00
0.000000000000000000e+00 0.000000000000000000e+00 0.000000000000000000e+00 0.000000000000000000e+00 0.000000000000000000e+00 0.000000000000000000e+00 0.000000000000000000e+00
0.000000000000000000e+00 0.000000000000000000e+00 0.000000000000000000e+00 0.000000000000000000e+00 0.000000000000000000e+00 0.000000000000000000e+00 0.000000000000000000e+00
7.377125049393441492e-01 6.242610035609157393e-01 3.809262646418492548e-01 3.016314515594681334e-01 1.596173509059883033e-01 4.212506945716752438e-01 5.002625206265848279e-01
7.438005015653683660e-01 7.225992255015216692e-01 7.586859638543597129e-01 6.503943967793043290e-01 7.816292477260682325e-01 8.933083192095866432e-01 7.755216374601794360e-01
6.787671027067728735e-01 8.114387692973958899e-01 9.210821738478019993e-01 9.092468445956574108e-01 9.347394410139587828e-01 9.402855966488624651e-01 9.837024530011624357e-01
0.000000000000000000e+00 0.000000000000000000e+00 0.000000000000000000e+00 0.000000000000000000e+00 0.000000000000000000e+00 0.000000000000000000e+00 0.000000000000000000e+00
8.817090361754682526e-01 9.664291048060562606e-01 9.802534854358277983e-01 9.724072645224506317e-01 9.528022374291883478e-01 7.484455737223121297e-01 8.393669952493690856e-01
8.731701150390670518e-01 8.578962381304789941e-01 8.911627974757608817e-01 8.106303036582190868e-01 9.181093824485491162e-01 9.462276366295498953e-01 9.795920704414917690e-01
3.782210094775721454e-01 3.941781407939691784e-01 4.844848051892477470e-01 3.909134501888869018e-01 4.818001825212580025e-01 4.830502060721518776e-01 5.353067896346725973e-01
2.422664256385107240e-01 3.116975024735397226e-01 2.236912842625126130e-01 3.564096379071725051e-01 3.165223013251341477e-01 1.005081051924951868e-01 3.082197608658377441e-01
7.931185516242874600e-01 7.642045361070634035e-01 8.365790670620849578e-01 9.448797761248064475e-01 9.775163400973219119e-01 9.843202911940478472e-01 9.905932856651102902e-01
6.610369016000775533e-01 6.956838411793883070e-01 8.312312845140467088e-01 9.269760634791733844e-01 9.546656718314008305e-01 9.528024660802552059e-01 9.880749177360870217e-01
6.115563211012613465e-01 5.702826367452885625e-01 7.466666554994756400e-01 8.837002667136205636e-01 8.927221052444762606e-01 9.270968440391558207e-01 9.634989312156060359e-01
7.734841655229787172e-01 7.995317063952419590e-01 4.715135490260604634e-01 1.000824577451213115e-01 4.099321146696081053e-01 3.359673686342729004e-01 8.332072512600693925e-02
7.915633890297902875e-01 8.508322460512414143e-01 8.309472064108067713e-01 7.531388249901467269e-01 7.106408797946832667e-01 5.627503838284295679e-01 5.131967187696068189e-01
8.092985201807851858e-01 6.482908349061806685e-01 6.369538138969735863e-01 7.887739819032899558e-01 3.845376012958689471e-01 1.082746114315870645e-01 3.484950501819064628e-01
0.000000000000000000e+00 0.000000000000000000e+00 0.000000000000000000e+00 0.000000000000000000e+00 0.000000000000000000e+00 0.000000000000000000e+00 0.000000000000000000e+00
9.472537540794172539e-01 8.734390865890376832e-01 8.866119283001593354e-01 7.658018115371322265e-01 9.997755787967360641e-02 1.581477946212648533e-01 4.115320186106545264e-01
5.228272928148758325e-01 4.432534499814885787e-01 6.209099293519574347e-01 7.461266010232611157e-01 7.292145730442355367e-01 6.915439458184374777e-01 5.801168344685936340e-01
9.340503176218721837e-01 9.101376552941201625e-01 9.245627545302155248e-01 9.754483232525773539e-01 8.517405113516927084e-01 6.371460230758914101e-01 8.287168970451759265e-01
7.801704295875412365e-01 7.680545396425905169e-01 8.819238819271594254e-01 9.312026794725017931e-01 9.713035288114908461e-01 9.839166509421302109e-01 9.934534169974227336e-01
9.598691353031865159e-01 9.289822764757357243e-01 8.795916160698358244e-01 9.401022092740096703e-01 9.588036542959332831e-01 9.927813524461864825e-01 9.924061989182676458e-01
0.000000000000000000e+00 0.000000000000000000e+00 0.000000000000000000e+00 0.000000000000000000e+00 0.000000000000000000e+00 0.000000000000000000e+00 0.000000000000000000e+00
0.000000000000000000e+00 0.000000000000000000e+00 0.000000000000000000e+00 0.000000000000000000e+00 0.000000000000000000e+00 0.000000000000000000e+00 0.000000000000000000e+00
7.745550030514363193e-01 8.308442856813491595e-01 8.430015139993922713e-01 7.567137590554284809e-01 7.595438372811500471e-01 9.321981640488885557e-01 9.867458773353208201e-01
0.000000000000000000e+00 0.000000000000000000e+00 0.000000000000000000e+00 0.000000000000000000e+00 0.000000000000000000e+00 0.000000000000000000e+00 0.000000000000000000e+00
7.446558374266903924e-01 8.027152221789104480e-01 7.076619586800909634e-01 5.419387850095161996e-01 7.596282858226793833e-01 8.063273754733157883e-01 7.858869326859150295e-01
6.201904550354230272e-01 7.212054541391147433e-01 7.746105666977559645e-01 7.310701031101257685e-01 6.733208998157678149e-01 6.324418988749860304e-01 6.308438012619631552e-01
8.656084375875021664e-01 7.291276517522736755e-01 5.835166745237176933e-01 4.232227833327271704e-01 4.119899977268334235e-01 4.135019061245224781e-01 5.231499056526578428e-01
0.000000000000000000e+00 0.000000000000000000e+00 0.000000000000000000e+00 0.000000000000000000e+00 0.000000000000000000e+00 0.000000000000000000e+00 0.000000000000000000e+00
9.055146062937765583e-01 8.209296244854126234e-01 9.053498726305545530e-01 8.996411432684080500e-01 9.026346757568149970e-01 8.956330165069651406e-01 7.737545395058387232e-01
9.600335261657317876e-01 9.383936084797318555e-01 6.044787449013129255e-01 4.745097748896703882e-01 2.055994430866247280e-01 4.481515632110850134e-01 3.120624137411405208e-01
9.202272018723287594e-01 9.368232248548801211e-01 6.545258877714722479e-01 6.698843612244383960e-01 7.514138003649497577e-01 6.730909105833133843e-01 5.546673746257385629e-01
8.320240512185500537e-01 8.286105928316721547e-01 8.602405819135060527e-01 8.760112995290388893e-01 9.285270709264171751e-01 9.621885517507492436e-01 9.333020581524121839e-01
7.923437086179060396e-01 8.253421060622644356e-01 8.284593285519749051e-01 6.942763980890145348e-01 8.846547435461991071e-01 7.817792724240631985e-01 8.751906263367872363e-01
9.093993903396601075e-01 9.075126527971481005e-01 9.312653020200617471e-01 9.372536769056728501e-01 9.616913288085789935e-01 9.789008056475669850e-01 9.882423829517544833e-01
8.635904467044068777e-01 8.630680129577928961e-01 9.569342848793987999e-01 9.658317912606954048e-01 9.358380162312468498e-01 9.270254867545553168e-01 9.066095336436527097e-01
5.067136521008714922e-01 5.122668798505731758e-01 6.302903170340147243e-01 7.555166362227591081e-01 8.004492096836702819e-01 5.754282372015799840e-01 5.809117790843776330e-01
8.886530644935969336e-01 9.168605640200639950e-01 8.991660137970139965e-01 7.400934733248148989e-01 7.497060815504906772e-01 4.834907022873122240e-01 7.461179021183194093e-01
9.133886966109020511e-01 9.161001995909084927e-01 8.987582249089536290e-01 9.233617444833618348e-01 9.532940795808866330e-01 9.723795719618549827e-01 9.261002258399568809e-01
7.677017461278766719e-01 5.927822159397000412e-01 5.574635424734399880e-01 5.432432746951647573e-01 4.295049424803019100e-01 5.239791026732358858e-01 6.459723553629750370e-01
8.980125172141180112e-01 9.176977115279156827e-01 9.413355422137160700e-01 9.490962869869322693e-01 9.171937400913212635e-01 3.499438992489634082e-01 4.624534725549976355e-01
9.172274917715544928e-01 9.071422673673498194e-01 8.951612971303342103e-01 8.664900203859454697e-01 7.964448705387086047e-01 8.008308456959978283e-01 9.021750768042252622e-01
8.330709312091568730e-01 8.826259884632764452e-01 6.029322503865052196e-01 3.170758324737841805e-01 1.298080629140091757e-01 3.939934387706032770e-01 3.050292270986671439e-01
8.181150843419782159e-01 8.388979284468468522e-01 6.444336748103250967e-01 4.513230303593874226e-01 1.419884217941510263e-01 2.007541221691019340e-01 4.300048234504110778e-01
9.012761763585973585e-01 7.977579709607560687e-01 8.644145552192824544e-01 8.778010055277363222e-01 8.752372563555876894e-01 7.043054132263132372e-01 5.119517956188283092e-01
0.000000000000000000e+00 0.000000000000000000e+00 0.000000000000000000e+00 0.000000000000000000e+00 0.000000000000000000e+00 0.000000000000000000e+00 0.000000000000000000e+00
8.029439326387147746e-01 8.212330508141454377e-01 8.979442102353651922e-01 8.201961935402881654e-01 7.603776403512712001e-01 8.378089823328981334e-01 7.347567638060156225e-01
8.041284483127989491e-01 8.487331006831986269e-01 7.961077650842830478e-01 5.090739583412157154e-01 4.398282468481032881e-01 4.877020895647882770e-01 7.181151486686392360e-01
9.264427568938852220e-01 9.221559025169984158e-01 8.498239222138934679e-01 8.997706230788150572e-01 9.349301964330520853e-01 9.506252922851703424e-01 9.180922779010761703e-01
0.000000000000000000e+00 0.000000000000000000e+00 0.000000000000000000e+00 0.000000000000000000e+00 0.000000000000000000e+00 0.000000000000000000e+00 0.000000000000000000e+00
0.000000000000000000e+00 0.000000000000000000e+00 0.000000000000000000e+00 0.000000000000000000e+00 0.000000000000000000e+00 0.000000000000000000e+00 0.000000000000000000e+00
0.000000000000000000e+00 0.000000000000000000e+00 0.000000000000000000e+00 0.000000000000000000e+00 0.000000000000000000e+00 0.000000000000000000e+00 0.000000000000000000e+00
0.000000000000000000e+00 0.000000000000000000e+00 0.000000000000000000e+00 0.000000000000000000e+00 0.000000000000000000e+00 0.000000000000000000e+00 0.000000000000000000e+00
0.000000000000000000e+00 0.000000000000000000e+00 0.000000000000000000e+00 0.000000000000000000e+00 0.000000000000000000e+00 0.000000000000000000e+00 0.000000000000000000e+00
0.000000000000000000e+00 0.000000000000000000e+00 0.000000000000000000e+00 0.000000000000000000e+00 0.000000000000000000e+00 0.000000000000000000e+00 0.000000000000000000e+00
0.000000000000000000e+00 0.000000000000000000e+00 0.000000000000000000e+00 0.000000000000000000e+00 0.000000000000000000e+00 0.000000000000000000e+00 0.000000000000000000e+00
0.000000000000000000e+00 0.000000000000000000e+00 0.000000000000000000e+00 0.000000000000000000e+00 0.000000000000000000e+00 0.000000000000000000e+00 0.000000000000000000e+00
0.000000000000000000e+00 0.000000000000000000e+00 0.000000000000000000e+00 0.000000000000000000e+00 0.000000000000000000e+00 0.000000000000000000e+00 0.000000000000000000e+00
0.000000000000000000e+00 0.000000000000000000e+00 0.000000000000000000e+00 0.000000000000000000e+00 0.000000000000000000e+00 0.000000000000000000e+00 0.000000000000000000e+00
0.000000000000000000e+00 0.000000000000000000e+00 0.000000000000000000e+00 0.000000000000000000e+00 0.000000000000000000e+00 0.000000000000000000e+00 0.000000000000000000e+00
0.000000000000000000e+00 0.000000000000000000e+00 0.000000000000000000e+00 0.000000000000000000e+00 0.000000000000000000e+00 0.000000000000000000e+00 0.000000000000000000e+00
0.000000000000000000e+00 0.000000000000000000e+00 0.000000000000000000e+00 0.000000000000000000e+00 0.000000000000000000e+00 0.000000000000000000e+00 0.000000000000000000e+00
0.000000000000000000e+00 0.000000000000000000e+00 0.000000000000000000e+00 0.000000000000000000e+00 0.000000000000000000e+00 0.000000000000000000e+00 0.000000000000000000e+00
0.000000000000000000e+00 0.000000000000000000e+00 0.000000000000000000e+00 0.000000000000000000e+00 0.000000000000000000e+00 0.000000000000000000e+00 0.000000000000000000e+00
0.000000000000000000e+00 0.000000000000000000e+00 0.000000000000000000e+00 0.000000000000000000e+00 0.000000000000000000e+00 0.000000000000000000e+00 0.000000000000000000e+00
0.000000000000000000e+00 0.000000000000000000e+00 0.000000000000000000e+00 0.000000000000000000e+00 0.000000000000000000e+00 0.000000000000000000e+00 0.000000000000000000e+00
0.000000000000000000e+00 0.000000000000000000e+00 0.000000000000000000e+00 0.000000000000000000e+00 0.000000000000000000e+00 0.000000000000000000e+00 0.000000000000000000e+00
3.261678508471702043e-01 4.279809793811202856e-01 2.513131386031668968e-01 1.196596800241255670e-01 3.126340120867051042e-01 2.962305299247480206e-01 2.436645212510548664e-01
0.000000000000000000e+00 0.000000000000000000e+00 0.000000000000000000e+00 0.000000000000000000e+00 0.000000000000000000e+00 0.000000000000000000e+00 0.000000000000000000e+00
0.000000000000000000e+00 0.000000000000000000e+00 0.000000000000000000e+00 0.000000000000000000e+00 0.000000000000000000e+00 0.000000000000000000e+00 0.000000000000000000e+00
2.708888626169301261e-01 8.707250070317920643e-02 1.441067076030994876e-01 3.364305846934789179e-01 4.182147022636906741e-01 4.197769498878484717e-01 1.202031521779388934e-01
6.132724095199804104e-01 4.688606611952245706e-01 3.411876605177235344e-01 1.751769473663882248e-01 3.233736011234203400e-01 5.225432440271080559e-01 3.070273910784984128e-01
7.994446119225824265e-01 8.730597097243339988e-01 6.407708469756956404e-01 4.089143007441792821e-01 4.160218156531106937e-01 9.716778624031550959e-02 4.810558873421049708e-01
3.227294876245672683e-01 1.845064034586949286e-01 2.329329475534120952e-01 5.009546729838578738e-01 1.552309043452788362e-01 1.802244671915619045e-01 3.637767555183919477e-01
0.000000000000000000e+00 0.000000000000000000e+00 0.000000000000000000e+00 0.000000000000000000e+00 0.000000000000000000e+00 0.000000000000000000e+00 0.000000000000000000e+00
0.000000000000000000e+00 0.000000000000000000e+00 0.000000000000000000e+00 0.000000000000000000e+00 0.000000000000000000e+00 0.000000000000000000e+00 0.000000000000000000e+00
1.752917887720631118e-01 2.589141548660467418e-01 1.772310331863269639e-01 4.311793269709786047e-01 3.030188314091323276e-01 3.156887324802222783e-01 3.270168256410967977e-01
3.296168670034983483e-01 2.597847422375485493e-01 2.645663402614045756e-01 1.990580471094845760e-01 4.999031246425207908e-01 3.490610010518867545e-01 2.303386006317636459e-01
0.000000000000000000e+00 0.000000000000000000e+00 0.000000000000000000e+00 0.000000000000000000e+00 0.000000000000000000e+00 0.000000000000000000e+00 0.000000000000000000e+00
6.506587849882504715e-01 7.481641140430181913e-01 2.383214945771452986e-01 5.344032006722552186e-01 5.192778292668750462e-01 2.487064875005397802e-01 5.107966154889450605e-01
7.566178766465170291e-01 7.256306262373811711e-01 9.903585748160542712e-02 4.121637966553191590e-01 2.893562909125648175e-01 3.685122590540462761e-01 3.481483884458998479e-01
3.844791444824448567e-01 2.734076691898971734e-01 2.650117330864550924e-01 2.026530027608139661e-01 4.352432611347121783e-01 5.425223113687500653e-01 1.143794145557938541e-01
1.608758087664131087e-01 3.447725521210390776e-01 1.698916572819063331e-01 3.995573049726993120e-01 2.073433228168329590e-01 2.978278464160931671e-01 5.987701506290077358e-01
0.000000000000000000e+00 0.000000000000000000e+00 0.000000000000000000e+00 0.000000000000000000e+00 0.000000000000000000e+00 0.000000000000000000e+00 0.000000000000000000e+00
3.725531847736552327e-01 1.546190831453764514e-01 4.371379403430349919e-01 2.038987274940513017e-01 3.289771709155387414e-01 2.198743788709821290e-01 2.514726608434569299e-01
0.000000000000000000e+00 0.000000000000000000e+00 0.000000000000000000e+00 0.000000000000000000e+00 0.000000000000000000e+00 0.000000000000000000e+00 0.000000000000000000e+00
0.000000000000000000e+00 0.000000000000000000e+00 0.000000000000000000e+00 0.000000000000000000e+00 0.000000000000000000e+00 0.000000000000000000e+00 0.000000000000000000e+00
0.000000000000000000e+00 0.000000000000000000e+00 0.000000000000000000e+00 0.000000000000000000e+00 0.000000000000000000e+00 0.000000000000000000e+00 0.000000000000000000e+00
0.000000000000000000e+00 0.000000000000000000e+00 0.000000000000000000e+00 0.000000000000000000e+00 0.000000000000000000e+00 0.000000000000000000e+00 0.000000000000000000e+00
0.000000000000000000e+00 0.000000000000000000e+00 0.000000000000000000e+00 0.000000000000000000e+00 0.000000000000000000e+00 0.000000000000000000e+00 0.000000000000000000e+00
0.000000000000000000e+00 0.000000000000000000e+00 0.000000000000000000e+00 0.000000000000000000e+00 0.000000000000000000e+00 0.000000000000000000e+00 0.000000000000000000e+00
0.000000000000000000e+00 0.000000000000000000e+00 0.000000000000000000e+00 0.000000000000000000e+00 0.000000000000000000e+00 0.000000000000000000e+00 0.000000000000000000e+00
0.000000000000000000e+00 0.000000000000000000e+00 0.000000000000000000e+00 0.000000000000000000e+00 0.000000000000000000e+00 0.000000000000000000e+00 0.000000000000000000e+00
0.000000000000000000e+00 0.000000000000000000e+00 0.000000000000000000e+00 0.000000000000000000e+00 0.000000000000000000e+00 0.000000000000000000e+00 0.000000000000000000e+00
0.000000000000000000e+00 0.000000000000000000e+00 0.000000000000000000e+00 0.000000000000000000e+00 0.000000000000000000e+00 0.000000000000000000e+00 0.000000000000000000e+00
0.000000000000000000e+00 0.000000000000000000e+00 0.000000000000000000e+00 0.000000000000000000e+00 0.000000000000000000e+00 0.000000000000000000e+00 0.000000000000000000e+00
0.000000000000000000e+00 0.000000000000000000e+00 0.000000000000000000e+00 0.000000000000000000e+00 0.000000000000000000e+00 0.000000000000000000e+00 0.000000000000000000e+00
0.000000000000000000e+00 0.000000000000000000e+00 0.000000000000000000e+00 0.000000000000000000e+00 0.000000000000000000e+00 0.000000000000000000e+00 0.000000000000000000e+00
0.000000000000000000e+00 0.000000000000000000e+00 0.000000000000000000e+00 0.000000000000000000e+00 0.000000000000000000e+00 0.000000000000000000e+00 0.000000000000000000e+00
0.000000000000000000e+00 0.000000000000000000e+00 0.000000000000000000e+00 0.000000000000000000e+00 0.000000000000000000e+00 0.000000000000000000e+00 0.000000000000000000e+00
