9.407439506424520870e-01 8.957251069409628563e-01 8.599665741600129865e-01 8.170134628635747909e-01 4.531836558006221427e-01 2.154764637134082006e-01 2.356651432768882559e-01
8.045856995988961424e-01 8.667600102721209065e-01 8.840369561799427123e-01 4.241604131303896574e-01 2.763530953971186088e-01 1.551762068730511424e-01 8.441273821901461305e-02
8.401515480821165616e-01 7.833215031943125961e-01 5.587751626871180211e-01 5.901632723903186273e-01 8.344805425092237661e-01 8.569144283426448627e-01 9.450826909866950620e-01
6.382252612510773693e-01 7.381570714248364418e-01 8.659960054135792396e-01 8.635282152419544444e-01 8.832524139270997443e-01 7.242194344011635421e-01 3.487189689798419479e-01
4.709890005634566612e-01 6.928705835081381270e-01 8.338846371952807202e-01 8.446913179922193038e-01 8.852104183057345477e-01 7.060351730993070785e-01 5.279458092361254407e-01
9.167644806431781701e-01 9.562388458090899102e-01 8.444684256379670906e-01 9.241576460342668664e-01 9.322497213853785381e-01 8.812400572003147303e-01 7.456700053456922772e-01
8.952435825181415119e-01 8.944922219180856393e-01 8.581127591761615880e-01 8.026782129920081443e-01 8.123630814718670878e-01 8.788264329012457354e-01 7.332264382863628027e-01
8.329624394910363216e-01 8.893225496737579006e-01 8.664711151336139672e-01 7.575680428806468303e-01 5.203407713012547786e-01 7.770559027334308366e-01 8.927899689181372223e-01
0.000000000000000000e+00 0.000000000000000000e+00 0.000000000000000000e+00 0.000000000000000000e+00 0.000000000000000000e+00 0.000000000000000000e+00 0.000000000000000000e+00
8.924079460102180006e-01 8.283806971359509719e-01 7.918070577318908621e-01 8.256296462693860638e-01 8.926072143439274242e-01 9.075857724645904900e-01 9.594668826615518897e-01
5.936630097885107205e-01 5.628728492408939799e-01 4.002877608463543124e-01 4.488668991170743361e-01 5.982920544609918734e-01 2.327317657343997981e-01 3.231022815472033849e-01
6.759155387755748368e-02 1.320331201829879897e-01 2.673499740462179086e-01 1.045705918725626793e-01 3.336307747806239177e-01 2.785848648136728389e-01 5.070464100861281631e-01
7.995823746787232844e-01 8.872163559058546811e-01 8.606835535779205903e-01 9.211405123142502038e-01 9.152169478685781012e-01 8.970048543819605369e-01 9.621091310735749857e-01
0.000000000000000000e+00 0.000000000000000000e+00 0.000000000000000000e+00 0.000000000000000000e+00 0.000000000000000000e+00 0.000000000000000000e+00 0.000000000000000000e+00
7.657894647580986147e-01 9.173360723382270043e-01 9.601069150743407610e-01 9.732424350175395977e-01 9.732036596522624095e-01 9.418641417508926139e-01 9.796790787251489219e-01
0.000000000000000000e+00 0.000000000000000000e+00 0.000000000000000000e+00 0.000000000000000000e+00 0.000000000000000000e+00 0.000000000000000000e+00 0.000000000000000000e+00
0.000000000000000000e+00 0.000000000000000000e+00 0.000000000000000000e+00 0.000000000000000000e+00 0.000000000000000000e+00 0.000000000000000000e+00 0.000000000000000000e+00
0.000000000000000000e+00 0.000000000000000000e+00 0.000000000000000000e+00 0.000000000000000000e+00 0.000000000000000000e+00 0.000000000000000000e+00 0.000000000000000000e+00
0.000000000000000000e+00 0.000000000000000000e+00 0.000000000000000000e+00 0.000000000000000000e+00 0.000000000000000000e+00 0.000000000000000000e+00 0.000000000000000000e+00
0.000000000000000000e+00 0.000000000000000000e+00 0.000000000000000000e+00 0.000000000000000000e+00 0.000000000000000000e+00 0.000000000000000000e+00 0.000000000000000000e+00
9.059769660372858358e-01 8.250747446214783398e-01 5.189626577721437872e-01 5.235287143702070933e-01 6.887847558287361061e-01 5.072210589751073861e-01 4.947075313182559553e-01
8.344783780868214595e-01 8.141624109316127900e-01 8.788292919111235779e-01 9.037734771425219860e-01 9.453182602732719264e-01 9.248304501600362881e-01 8.897967123152665803e-01
8.465380266146770305e-01 7.180118121071109583e-01 8.221628485366322403e-01 7.947716209296626921e-01 9.093281734910255709e-01 9.659554358411958086e-01 9.644912649099404156e-01
9.123328967043874416e-01 9.671276508848810627e-01 9.660424830212762659e-01 8.301736626057861779e-01 8.535807114350328906e-01 8.189181218873448076e-01 8.248183598428452390e-01
8.605477358751484340e-01 8.814648630366284099e-01 5.826931890747828469e-01 6.778329007470976775e-01 8.574421529339842918e-01 8.403658492587207096e-01 8.494741400594347791e-01
7.454542104384042078e-01 7.674233154239954446e-01 8.620760210043687533e-01 9.247218401460971515e-01 9.175680248869179101e-01 9.054157969422558239e-01 6.564617183596512806e-01
9.176405150262880728e-01 9.115318191913500678e-01 9.198540056662386499e-01 9.404125097146387446e-01 9.275921095569202857e-01 9.471314113671593926e-01 9.897159087316316217e-01
0.000000000000000000e+00 0.000000000000000000e+00 0.000000000000000000e+00 0.000000000000000000e+00 0.000000000000000000e+00 0.000000000000000000e+00 0.000000000000000000e+00
9.231547341826085162e-01 9.081802788739388177e-01 8.068106705678641521e-01 8.045594826228794627e-01 8.662798166445909720e-01 6.358552219607809253e-01 6.894811925470067937e-01
3.133365675479286572e-01 6.243202089773139951e-01 7.075008789849496216e-01 6.602939304238366613e-01 4.204052303648240230e-01 6.251658095679424321e-02 5.094920696574193331e-01
9.203941588515347494e-01 8.300398859022969367e-01 7.512674837151077645e-01 7.829139271812195489e-01 8.585662026911624611e-01 8.836972546755086366e-01 9.252402902963539066e-01
9.433673930544730357e-01 9.689048701009540521e-01 9.484579644451966995e-01 8.889430035924361651e-01 8.939302589208557581e-01 7.381203484502486534e-01 5.019466321871273173e-01
0.000000000000000000e+00 0.000000000000000000e+00 0.000000000000000000e+00 0.000000000000000000e+00 0.000000000000000000e+00 0.000000000000000000e+00 0.000000000000000000e+00
7.028694539259084939e-01 8.865701022469615333e-01 9.606781358429261619e-01 9.763354728357845902e-01 9.772660752743052015e-01 9.817214784728131027e-01 9.902808990767125730e-01
8.922029513077394114e-01 8.395833579375872047e-01 8.296254938862824835e-01 5.355809714524576437e-01 7.592197611007590607e-01 7.603495265648447798e-01 7.443730680363587204e-01
8.851896728751285082e-01 8.929807067894631745e-01 7.797301663209039724e-01 7.878448578320557116e-01 6.582711016851279240e-01 5.518556233627308627e-01 3.539846647626429532e-01
6.982154801995531512e-01 5.792984766177535771e-01 6.635515338102955241e-01 5.756721138893829970e-01 9.036166078524470180e-01 8.848152579119326067e-01 8.403893557313252272e-01
7.941808241918361100e-01 8.555212694722861277e-01 8.244061794512295149e-01 7.923624218496931881e-01 7.296356857397623408e-01 9.539054895991877503e-02 4.450060168704054742e-01
4.563436984942627062e-01 4.743029998153062698e-01 4.695627738261130002e-01 5.431113822785638146e-01 7.471473148102888429e-01 8.318956460106405881e-01 9.490931094929526690e-01
