9.563706205678943473e-01 9.652471249221309391e-01 9.371304691042545709e-01 9.142558560611886431e-01 7.609955051494012856e-01 5.146958038722926343e-01 5.926039916660466034e-01
7.112537557933124033e-01 6.459770702061297110e-01 7.823639856787529823e-01 8.696815562387022469e-01 8.616430651542991148e-01 5.392119936526669211e-01 3.128902859968906158e-01
0.000000000000000000e+00 0.000000000000000000e+00 0.000000000000000000e+00 0.000000000000000000e+00 0.000000000000000000e+00 0.000000000000000000e+00 0.000000000000000000e+00
0.000000000000000000e+00 0.000000000000000000e+00 0.000000000000000000e+00 0.000000000000000000e+00 0.000000000000000000e+00 0.000000000000000000e+00 0.000000000000000000e+00
6.434550100301043019e-01 7.404370521774037428e-01 7.565679080599505557e-01 7.589878863318144653e-01 3.879687065283480840e-01 2.171223345091554402e-01 1.525807977633811818e-01
0.000000000000000000e+00 0.000000000000000000e+00 0.000000000000000000e+00 0.000000000000000000e+00 0.000000000000000000e+00 0.000000000000000000e+00 0.000000000000000000e+00
6.461835137003753005e-01 7.764961999827152406e-01 2.180649865602119764e-01 4.959246968184218285e-01 5.409261120064250417e-01 6.454583089716188216e-01 6.568966859817745307e-01
2.759835727233019287e-01 1.698231014012546725e-01 5.502924851812483753e-02 2.860173143399279416e-01 2.658468052136523929e-01 6.798438119954389180e-02 8.562602006001157617e-02
0.000000000000000000e+00 0.000000000000000000e+00 0.000000000000000000e+00 0.000000000000000000e+00 0.000000000000000000e+00 0.000000000000000000e+00 0.000000000000000000e+00
0.000000000000000000e+00 0.000000000000000000e+00 0.000000000000000000e+00 0.000000000000000000e+00 0.000000000000000000e+00 0.000000000000000000e+00 0.000000000000000000e+00
9.108598491907080597e-01 7.161748960608260717e-01 6.137021932655719603e-01 7.018797895348645177e-01 4.048610622583906360e-01 2.436793468186394529e-01 2.594289553505288448e-01
8.966043715429371508e-01 8.881301715668981078e-01 7.204869990231527188e-01 3.895034460722475167e-01 5.961973548147169177e-01 7.826741148335069065e-01 8.978176560251617255e-01
6.930501500518385649e-01 5.574267883487978859e-01 7.162321104250094495e-01 4.742475388873185205e-01 5.584742156904540789e-01 7.521630108699479678e-01 5.753240767010542323e-01
8.284693625039685205e-01 7.885435512428607963e-01 8.157382307845564284e-01 8.765649693876770288e-01 9.415637350605206013e-01 9.508626762891323470e-01 9.416826269266106442e-01
8.463674546108760355e-01 7.355273444101534386e-01 6.676410124146791025e-01 7.671540888770275179e-01 9.251165370651865949e-01 9.302036015318398965e-01 9.250395284542851648e-01
0.000000000000000000e+00 0.000000000000000000e+00 0.000000000000000000e+00 0.000000000000000000e+00 0.000000000000000000e+00 0.000000000000000000e+00 0.000000000000000000e+00
0.000000000000000000e+00 0.000000000000000000e+00 0.000000000000000000e+00 0.000000000000000000e+00 0.000000000000000000e+00 0.000000000000000000e+00 0.000000000000000000e+00
7.649664637935627010e-01 7.438237253194055487e-01 6.753078783689082654e-01 6.458564105852730997e-01 6.294990083972473727e-01 8.460687831412690985e-01 7.588468370207438474e-01
6.399767646281350197e-01 7.115536817422318805e-01 7.771315639983398249e-01 7.723412771412023758e-01 8.477937609049867040e-01 7.050498224627421706e-01 5.246203633958718138e-01
0.000000000000000000e+00 0.000000000000000000e+00 0.000000000000000000e+00 0.000000000000000000e+00 0.000000000000000000e+00 0.000000000000000000e+00 0.000000000000000000e+00
0.000000000000000000e+00 0.000000000000000000e+00 0.000000000000000000e+00 0.000000000000000000e+00 0.000000000000000000e+00 0.000000000000000000e+00 0.000000000000000000e+00
9.345736879960087062e-02 6.560448173228541902e-02 4.341634482885463331e-02 4.518074728040424315e-01 4.306986020459381836e-01 7.118070794181724503e-01 4.952283162395854643e-01
7.290984300103068305e-01 6.750498616281717101e-01 7.316123654321299297e-01 6.678839274138402837e-01 6.613783289548733624e-01 4.437840079325048315e-01 7.193252869353818080e-02
0.000000000000000000e+00 0.000000000000000000e+00 0.000000000000000000e+00 0.000000000000000000e+00 0.000000000000000000e+00 0.000000000000000000e+00 0.000000000000000000e+00
6.780675914031306650e-01 5.500036635328841017e-01 6.230437817293583702e-01 4.540328342724272437e-01 3.397166379322670848e-01 3.476382500547385845e-01 2.512610430337181011e-01
7.973913467085950169e-01 8.166957882090345455e-01 8.147897091280784654e-01 7.568398967823027901e-01 7.168756507955259538e-01 5.160165822720840234e-01 5.555480578487843601e-01
0.000000000000000000e+00 0.000000000000000000e+00 0.000000000000000000e+00 0.000000000000000000e+00 0.000000000000000000e+00 0.000000000000000000e+00 0.000000000000000000e+00
0.000000000000000000e+00 0.000000000000000000e+00 0.000000000000000000e+00 0.000000000000000000e+00 0.000000000000000000e+00 0.000000000000000000e+00 0.000000000000000000e+00
6.748181816736776861e-01 8.251690310436932130e-01 8.928130102048957850e-01 9.388404124077148749e-01 9.602812037375317855e-01 8.631226401627082323e-01 7.393655003471283349e-01
8.777793093201898822e-01 8.817428420899274810e-01 8.541000354428607277e-01 8.754857194176717261e-01 8.275126231626676043e-01 8.213326074820138656e-01 9.190296258580122890e-01
0.000000000000000000e+00 0.000000000000000000e+00 0.000000000000000000e+00 0.000000000000000000e+00 0.000000000000000000e+00 0.000000000000000000e+00 0.000000000000000000e+00
8.102582939301441467e-01 7.664987431376523164e-01 8.197028155594300314e-01 8.982386560403857745e-01 9.076272148324602274e-01 9.229353810608290631e-01 9.404204450736474152e-01
0.000000000000000000e+00 0.000000000000000000e+00 0.000000000000000000e+00 0.000000000000000000e+00 0.000000000000000000e+00 0.000000000000000000e+00 0.000000000000000000e+00
6.902109288014712796e-01 8.258465703076557363e-01 7.860624137581549986e-01 8.532193121011636405e-01 6.809153792601005950e-01 5.591701626069718323e-01 2.314577697414202662e-01
0.000000000000000000e+00 0.000000000000000000e+00 0.000000000000000000e+00 0.000000000000000000e+00 0.000000000000000000e+00 0.000000000000000000e+00 0.000000000000000000e+00
0.000000000000000000e+00 0.000000000000000000e+00 0.000000000000000000e+00 0.000000000000000000e+00 0.000000000000000000e+00 0.000000000000000000e+00 0.000000000000000000e+00
7.253685170481999345e-01 6.747391659417699694e-01 7.541286291149762455e-01 7.095042233478194849e-01 1.420414907533564530e-01 3.139994894306993856e-01 4.770616908735966777e-01
8.404462139428356959e-01 8.526339980916635142e-01 8.469874901098254361e-01 8.599645006559374361e-01 8.383220554261673341e-01 8.936956832511083748e-01 9.196463522213282893e-01
3.650570383358776594e-01 5.754016558468344478e-01 6.893518379060353807e-01 6.713255777141297065e-01 4.490066266317049304e-01 4.807041195634674247e-01 1.387599766401290957e-01
0.000000000000000000e+00 0.000000000000000000e+00 0.000000000000000000e+00 0.000000000000000000e+00 0.000000000000000000e+00 0.000000000000000000e+00 0.000000000000000000e+00
5.960514131155228990e-01 5.558213813903093437e-01 5.927078322619601103e-01 6.805468515796779805e-01 8.306821951690050998e-01 8.197610339070011687e-01 7.019835826183767891e-01
0.000000000000000000e+00 0.000000000000000000e+00 0.000000000000000000e+00 0.000000000000000000e+00 0.000000000000000000e+00 0.000000000000000000e+00 0.000000000000000000e+00
0.000000000000000000e+00 0.000000000000000000e+00 0.000000000000000000e+00 0.000000000000000000e+00 0.000000000000000000e+00 0.000000000000000000e+00 0.000000000000000000e+00
7.471169091416648422e-01 6.724612213556122597e-01 4.889549793465717276e-01 6.332071902978616551e-01 6.600068769152792614e-01 4.723011574114369671e-01 8.522195697537877923e-02
7.670460708484568846e-01 7.323758483705893330e-01 7.508862743717463761e-01 6.028341865384263532e-01 5.052103184863827590e-01 6.809081578351530162e-01 4.860161565134398787e-01
8.779035788608563484e-01 8.308466372231103625e-01 8.512875339911365469e-01 9.371257164204529477e-01 9.581132759016471878e-01 9.153023437369685045e-01 8.421915048043158158e-01
7.576030704401155447e-01 6.600250602563957347e-01 5.436849940142308713e-01 5.144143289348018788e-01 6.731790808587932995e-01 6.496726372795280646e-01 5.554273664549804757e-01
6.541292929415302160e-01 3.137585410775370898e-01 2.685648666695526487e-01 3.691591425747798305e-01 4.580421465271685699e-01 4.566294976755848056e-01 6.419018087858116006e-01
5.028627760938051416e-01 7.079104106252458450e-01 8.361120362954822527e-01 7.425741690520880622e-01 6.097012414860949470e-01 3.623502757322779599e-01 4.006845334547965432e-01
0.000000000000000000e+00 0.000000000000000000e+00 0.000000000000000000e+00 0.000000000000000000e+00 0.000000000000000000e+00 0.000000000000000000e+00 0.000000000000000000e+00
7.782135370855831624e-01 8.174102804151398560e-01 8.777018000621161775e-01 9.511507126799151335e-01 9.810127964999735273e-01 9.681249227057173723e-01 9.425740756620120120e-01
7.014359629748404545e-01 7.750071294120568499e-01 8.598650740523925418e-01 8.744777587064564983e-01 8.455433533179498307e-01 6.410164428238276368e-01 6.936644586735979390e-01
6.163471492652969896e-01 6.830107714220653436e-01 6.559786858420874056e-01 6.699155784674092340e-01 8.583728288454579580e-01 7.757896952416113434e-01 7.273125057323106546e-01
8.917224165543403691e-01 9.384235492002587220e-01 9.813375209830726975e-01 9.725007287735066841e-01 9.181848717533076520e-01 7.210282194258316180e-01 8.946529263371747476e-01
6.973718026756329236e-01 7.079101619202046169e-01 7.357690116479258524e-01 7.934112730447847595e-01 8.508349726085288056e-01 4.004435326625431779e-01 3.560938612835501949e-01
6.084978713411678397e-01 7.122427165284332951e-01 7.913565328010002675e-01 8.545889745016461703e-01 8.920648676326643489e-01 8.497073308834907079e-01 6.508815996770365153e-01
9.022461815050321077e-01 9.204453983966950359e-01 9.539368059418957824e-01 8.258863449701774329e-01 7.940268481124177491e-01 8.079545667651305552e-01 8.187074664187868889e-01
8.992497263084446857e-01 9.213694953956271805e-01 9.429884705102875575e-01 8.275795949757756009e-01 7.942593145084190231e-01 8.076803956511950933e-01 8.203620934715771806e-01
0.000000000000000000e+00 0.000000000000000000e+00 0.000000000000000000e+00 0.000000000000000000e+00 0.000000000000000000e+00 0.000000000000000000e+00 0.000000000000000000e+00
7.467919345035624046e-01 6.878476518779234050e-01 4.893762846231238806e-01 3.524284782643966607e-01 4.143862322076045657e-01 3.327072547154655835e-01 6.267158595220313488e-01
0.000000000000000000e+00 0.000000000000000000e+00 0.000000000000000000e+00 0.000000000000000000e+00 0.000000000000000000e+00 0.000000000000000000e+00 0.000000000000000000e+00
7.374485339867480338e-01 7.224892570510687007e-01 8.064021619953176678e-01 8.277338202105541942e-01 8.146838514782528406e-01 6.977098226679866455e-01 5.925918444348707848e-01
0.000000000000000000e+00 0.000000000000000000e+00 0.000000000000000000e+00 0.000000000000000000e+00 0.000000000000000000e+00 0.000000000000000000e+00 0.000000000000000000e+00
6.587681882766169839e-01 4.351048826739424835e-01 2.215959421048040723e-01 1.348856681984971773e-01 2.180589111093252375e-01 2.728306903782030668e-01 6.906874956891143613e-01
0.000000000000000000e+00 0.000000000000000000e+00 0.000000000000000000e+00 0.000000000000000000e+00 0.000000000000000000e+00 0.000000000000000000e+00 0.000000000000000000e+00
0.000000000000000000e+00 0.000000000000000000e+00 0.000000000000000000e+00 0.000000000000000000e+00 0.000000000000000000e+00 0.000000000000000000e+00 0.000000000000000000e+00
6.428615324547802823e-01 5.711645920040753222e-01 6.527328965906861180e-01 5.708097722354884551e-01 5.582686726868667515e-01 3.961591595244527975e-01 4.138043526982813081e-01
2.586937797799415684e-01 4.368308999925071823e-01 6.416902177362270310e-01 6.066786506603418783e-01 4.637127744121734008e-01 5.185805412254398394e-01 4.724699377993724081e-01
5.830216207389806726e-01 7.034862050149199852e-01 6.919613346638120444e-01 7.573035631662460299e-01 7.963970643590684295e-01 6.935673028678254193e-01 6.723259193984497673e-01
0.000000000000000000e+00 0.000000000000000000e+00 0.000000000000000000e+00 0.000000000000000000e+00 0.000000000000000000e+00 0.000000000000000000e+00 0.000000000000000000e+00
4.158192830482332902e-01 5.461565452511440988e-01 7.728453151195385784e-01 8.299856542772197088e-01 8.404011177191459403e-01 7.230602424023182540e-01 3.637513983023610842e-01
0.000000000000000000e+00 0.000000000000000000e+00 0.000000000000000000e+00 0.000000000000000000e+00 0.000000000000000000e+00 0.000000000000000000e+00 0.000000000000000000e+00
0.000000000000000000e+00 0.000000000000000000e+00 0.000000000000000000e+00 0.000000000000000000e+00 0.000000000000000000e+00 0.000000000000000000e+00 0.000000000000000000e+00
4.226551545168112378e-01 6.658381451879736845e-01 5.708210739731283123e-01 3.416022964729240052e-01 6.633385713209555279e-01 5.244740884710739071e-01 5.091088921436299763e-01
0.000000000000000000e+00 0.000000000000000000e+00 0.000000000000000000e+00 0.000000000000000000e+00 0.000000000000000000e+00 0.000000000000000000e+00 0.000000000000000000e+00
7.561185849420730687e-01 8.128116834545245917e-01 7.300068893002894521e-01 7.892114198703730210e-01 7.449868247691162626e-01 6.383264531354542193e-01 4.568641507752566611e-01
2.051871559399623401e-01 8.735261139599195812e-02 1.596278839923568615e-01 2.809424863648102288e-01 5.021702304444082277e-01 2.384412458796189294e-01 1.299555449198233625e-01
3.457398349557331829e-01 4.626129772682055497e-01 2.098043432317908408e-01 2.635194610249190772e-01 3.177699830130498726e-01 2.796833269782639242e-01 1.441646469742503267e-01
6.612353550493018650e-01 8.121949423989560657e-01 8.552224852866586735e-01 8.179735834171305564e-01 8.935853779107119088e-01 7.125552991242014578e-01 5.415790860123624872e-01
6.461990894698603771e-01 6.455319830080984422e-01 7.123559499200362577e-01 5.229291011710778259e-01 1.951973649797240085e-01 4.272894551149958864e-01 5.553607952807179116e-01
0.000000000000000000e+00 0.000000000000000000e+00 0.000000000000000000e+00 0.000000000000000000e+00 0.000000000000000000e+00 0.000000000000000000e+00 0.000000000000000000e+00
0.000000000000000000e+00 0.000000000000000000e+00 0.000000000000000000e+00 0.000000000000000000e+00 0.000000000000000000e+00 0.000000000000000000e+00 0.000000000000000000e+00
0.000000000000000000e+00 0.000000000000000000e+00 0.000000000000000000e+00 0.000000000000000000e+00 0.000000000000000000e+00 0.000000000000000000e+00 0.000000000000000000e+00
0.000000000000000000e+00 0.000000000000000000e+00 0.000000000000000000e+00 0.000000000000000000e+00 0.000000000000000000e+00 0.000000000000000000e+00 0.000000000000000000e+00
0.000000000000000000e+00 0.000000000000000000e+00 0.000000000000000000e+00 0.000000000000000000e+00 0.000000000000000000e+00 0.000000000000000000e+00 0.000000000000000000e+00
0.000000000000000000e+00 0.000000000000000000e+00 0.000000000000000000e+00 0.000000000000000000e+00 0.000000000000000000e+00 0.000000000000000000e+00 0.000000000000000000e+00
0.000000000000000000e+00 0.000000000000000000e+00 0.000000000000000000e+00 0.000000000000000000e+00 0.000000000000000000e+00 0.000000000000000000e+00 0.000000000000000000e+00
0.000000000000000000e+00 0.000000000000000000e+00 0.000000000000000000e+00 0.000000000000000000e+00 0.000000000000000000e+00 0.000000000000000000e+00 0.000000000000000000e+00
0.000000000000000000e+00 0.000000000000000000e+00 0.000000000000000000e+00 0.000000000000000000e+00 0.000000000000000000e+00 0.000000000000000000e+00 0.000000000000000000e+00
0.000000000000000000e+00 0.000000000000000000e+00 0.000000000000000000e+00 0.000000000000000000e+00 0.000000000000000000e+00 0.000000000000000000e+00 0.000000000000000000e+00
0.000000000000000000e+00 0.000000000000000000e+00 0.000000000000000000e+00 0.000000000000000000e+00 0.000000000000000000e+00 0.000000000000000000e+00 0.000000000000000000e+00
0.000000000000000000e+00 0.000000000000000000e+00 0.000000000000000000e+00 0.000000000000000000e+00 0.000000000000000000e+00 0.000000000000000000e+00 0.000000000000000000e+00
0.000000000000000000e+00 0.000000000000000000e+00 0.000000000000000000e+00 0.000000000000000000e+00 0.000000000000000000e+00 0.000000000000000000e+00 0.000000000000000000e+00
0.000000000000000000e+00 0.000000000000000000e+00 0.000000000000000000e+00 0.000000000000000000e+00 0.000000000000000000e+00 0.000000000000000000e+00 0.000000000000000000e+00
0.000000000000000000e+00 0.000000000000000000e+00 0.000000000000000000e+00 0.000000000000000000e+00 0.000000000000000000e+00 0.000000000000000000e+00 0.000000000000000000e+00
0.000000000000000000e+00 0.000000000000000000e+00 0.000000000000000000e+00 0.000000000000000000e+00 0.000000000000000000e+00 0.000000000000000000e+00 0.000000000000000000e+00
0.000000000000000000e+00 0.000000000000000000e+00 0.000000000000000000e+00 0.000000000000000000e+00 0.000000000000000000e+00 0.000000000000000000e+00 0.000000000000000000e+00
0.000000000000000000e+00 0.000000000000000000e+00 0.000000000000000000e+00 0.000000000000000000e+00 0.000000000000000000e+00 0.000000000000000000e+00 0.000000000000000000e+00
0.000000000000000000e+00 0.000000000000000000e+00 0.000000000000000000e+00 0.000000000000000000e+00 0.000000000000000000e+00 0.000000000000000000e+00 0.000000000000000000e+00
0.000000000000000000e+00 0.000000000000000000e+00 0.000000000000000000e+00 0.000000000000000000e+00 0.000000000000000000e+00 0.000000000000000000e+00 0.000000000000000000e+00
0.000000000000000000e+00 0.000000000000000000e+00 0.000000000000000000e+00 0.000000000000000000e+00 0.000000000000000000e+00 0.000000000000000000e+00 0.000000000000000000e+00
0.000000000000000000e+00 0.000000000000000000e+00 0.000000000000000000e+00 0.000000000000000000e+00 0.000000000000000000e+00 0.000000000000000000e+00 0.000000000000000000e+00
0.000000000000000000e+00 0.000000000000000000e+00 0.000000000000000000e+00 0.000000000000000000e+00 0.000000000000000000e+00 0.000000000000000000e+00 0.000000000000000000e+00
0.000000000000000000e+00 0.000000000000000000e+00 0.000000000000000000e+00 0.000000000000000000e+00 0.000000000000000000e+00 0.000000000000000000e+00 0.000000000000000000e+00
0.000000000000000000e+00 0.000000000000000000e+00 0.000000000000000000e+00 0.000000000000000000e+00 0.000000000000000000e+00 0.000000000000000000e+00 0.000000000000000000e+00
0.000000000000000000e+00 0.000000000000000000e+00 0.000000000000000000e+00 0.000000000000000000e+00 0.000000000000000000e+00 0.000000000000000000e+00 0.000000000000000000e+00
0.000000000000000000e+00 0.000000000000000000e+00 0.000000000000000000e+00 0.000000000000000000e+00 0.000000000000000000e+00 0.000000000000000000e+00 0.000000000000000000e+00
0.000000000000000000e+00 0.000000000000000000e+00 0.000000000000000000e+00 0.000000000000000000e+00 0.000000000000000000e+00 0.000000000000000000e+00 0.000000000000000000e+00
0.000000000000000000e+00 0.000000000000000000e+00 0.000000000000000000e+00 0.000000000000000000e+00 0.000000000000000000e+00 0.000000000000000000e+00 0.000000000000000000e+00
0.000000000000000000e+00 0.000000000000000000e+00 0.000000000000000000e+00 0.000000000000000000e+00 0.000000000000000000e+00 0.000000000000000000e+00 0.000000000000000000e+00
0.000000000000000000e+00 0.000000000000000000e+00 0.000000000000000000e+00 0.000000000000000000e+00 0.000000000000000000e+00 0.000000000000000000e+00 0.000000000000000000e+00
0.000000000000000000e+00 0.000000000000000000e+00 0.000000000000000000e+00 0.000000000000000000e+00 0.000000000000000000e+00 0.000000000000000000e+00 0.000000000000000000e+00
0.000000000000000000e+00 0.000000000000000000e+00 0.000000000000000000e+00 0.000000000000000000e+00 0.000000000000000000e+00 0.000000000000000000e+00 0.000000000000000000e+00
0.000000000000000000e+00 0.000000000000000000e+00 0.000000000000000000e+00 0.000000000000000000e+00 0.000000000000000000e+00 0.000000000000000000e+00 0.000000000000000000e+00
0.000000000000000000e+00 0.000000000000000000e+00 0.000000000000000000e+00 0.000000000000000000e+00 0.000000000000000000e+00 0.000000000000000000e+00 0.000000000000000000e+00
0.000000000000000000e+00 0.000000000000000000e+00 0.000000000000000000e+00 0.000000000000000000e+00 0.000000000000000000e+00 0.000000000000000000e+00 0.000000000000000000e+00
0.000000000000000000e+00 0.000000000000000000e+00 0.000000000000000000e+00 0.000000000000000000e+00 0.000000000000000000e+00 0.000000000000000000e+00 0.000000000000000000e+00
8.057613864534037829e-01 8.104311050217630763e-01 6.389151601957985260e-01 2.792638738660694897e-01 4.788259019022816920e-01 3.268964539664804825e-01 2.846106464690676963e-01
0.000000000000000000e+00 0.000000000000000000e+00 0.000000000000000000e+00 0.000000000000000000e+00 0.000000000000000000e+00 0.000000000000000000e+00 0.000000000000000000e+00
4.793059785268820039e-01 5.538332793611929761e-01 6.462718132614310163e-01 7.844639017041150630e-01 7.950747607432480102e-01 6.405714589558749728e-01 1.698256796327667906e-01
8.914454612716979920e-01 7.239345079790804327e-01 4.288473903866502068e-01 3.322170142573129259e-01 3.459781071273319575e-01 2.154389698013964294e-01 4.116826440525406250e-01
6.505331544722294801e-01 6.699780065406680807e-01 5.654969368685813791e-01 7.149351166874796659e-01 6.536069435149898244e-01 2.383753783157507855e-01 2.330934860363763073e-01
6.657057951073828139e-01 6.848541666903665837e-01 7.708604083960318709e-01 8.095326277155648897e-01 8.840065354849068191e-01 8.422170623218463437e-01 8.733902532398183371e-01
5.114282005679995358e-01 3.023279550822412509e-01 5.935507646369879708e-01 8.277793863344399261e-01 3.931142638342621232e-01 3.351507531713787125e-01 2.201417684630636307e-01
7.727726170371174153e-01 9.086142643332275615e-01 9.238662604343199636e-01 9.668860187908715487e-01 9.716976624159107123e-01 9.837230129318131899e-01 9.662759152690241216e-01
7.699777931603148939e-01 8.466562909947635829e-01 9.265312678412370717e-01 9.424065288047827060e-01 9.293149561599464148e-01 8.657693072477675722e-01 8.749646667381727472e-01
4.497095426541413143e-01 6.952971097252256261e-01 6.086409384345027318e-01 2.886620763615042051e-01 4.392912638279488080e-01 3.195777646243772030e-01 2.726716525900751420e-01
7.799452713653417524e-01 6.892745258091370619e-01 8.063393193104468892e-01 8.112604753563645854e-01 7.522023819083681895e-01 6.649466490653797024e-01 5.433424803648397861e-01
8.758369207093961162e-01 8.463951951952721764e-01 9.145300908789359973e-01 8.906609174509239057e-01 8.484458391139686473e-01 9.203949805197334522e-01 9.239417463494944416e-01
2.423131301216275568e-01 3.631646373168500030e-01 7.051487678277041926e-01 7.433616918762895320e-01 6.706223930448059756e-01 5.809998260724004160e-01 6.122644318276915243e-01
8.502315878858914822e-01 8.306101682512430084e-01 8.949113101523653580e-01 8.983936013940073684e-01 8.826316822454676192e-01 8.384087694896860121e-01 8.542299332177434312e-01
9.258746431484331518e-01 9.054171624780287253e-01 8.331667862755954834e-01 6.889078642117911766e-01 6.796953859307548473e-01 6.360967002145433424e-01 3.283736988580228666e-01
6.814453246609532000e-01 4.989198241811599877e-01 2.822626762075383100e-01 1.270831360575775948e-01 2.591595957964033525e-01 4.019089408732421931e-01 4.940775774755361005e-01
7.960308578880900265e-01 8.053617164632203007e-01 7.745190785303142089e-01 6.432795676710680866e-01 4.008251872049457543e-01 7.838477893241940775e-02 5.788467695228237675e-01
6.829231561242224968e-01 7.434931653156762188e-01 6.138782092817355318e-01 5.531506733179712976e-01 1.651483243405024726e-01 3.829859145197793691e-01 4.894131673482550737e-01
0.000000000000000000e+00 0.000000000000000000e+00 0.000000000000000000e+00 0.000000000000000000e+00 0.000000000000000000e+00 0.000000000000000000e+00 0.000000000000000000e+00
6.415139085237985261e-01 7.074075807705157981e-01 6.687817439123778795e-01 5.728885307034780050e-01 7.278016153339949001e-01 6.355962489119807435e-01 6.630826833785912200e-01
7.622190080655925071e-01 7.494039876224872776e-01 3.876305470521250740e-01 4.338924675140104492e-01 6.599093089090150022e-01 4.086265538775887829e-01 7.092382359379535428e-01
8.030812110853871033e-01 7.987224400830872373e-01 7.639188677270816186e-01 6.499574466260020777e-01 7.950691089285043534e-01 6.753762045091503685e-01 7.806334786040017848e-01
0.000000000000000000e+00 0.000000000000000000e+00 0.000000000000000000e+00 0.000000000000000000e+00 0.000000000000000000e+00 0.000000000000000000e+00 0.000000000000000000e+00
8.622590292084928443e-01 9.232860837533952703e-01 8.902878421800727304e-01 8.977381598862647083e-01 9.127206364607505229e-01 6.067808188826083748e-01 3.693264243798539681e-01
0.000000000000000000e+00 0.000000000000000000e+00 0.000000000000000000e+00 0.000000000000000000e+00 0.000000000000000000e+00 0.000000000000000000e+00 0.000000000000000000e+00
7.817932401552963873e-01 6.729795491588329570e-01 7.235771443326806107e-01 4.887870021282411104e-01 3.014588889393397531e-01 4.867270934673174065e-01 6.179286440932630908e-01
8.495530517003986315e-01 8.355818042155626069e-01 8.451680169525404018e-01 8.463990894203829995e-01 7.184579431473891997e-01 6.916776663943469128e-01 6.848496404341937183e-01
0.000000000000000000e+00 0.000000000000000000e+00 0.000000000000000000e+00 0.000000000000000000e+00 0.000000000000000000e+00 0.000000000000000000e+00 0.000000000000000000e+00
2.213978173441747688e-01 3.858396716489648770e-01 5.873452728691437308e-01 5.924486415834455677e-01 6.837137164125278721e-01 5.175689943297520079e-01 4.423494167459017246e-01
2.609989888809816083e-01 8.675227474112152948e-02 2.721423201723127683e-01 5.953835520019081784e-01 6.045482986228613020e-01 5.704112548306843333e-01 4.362001580456224548e-01
6.110542489809048794e-01 7.101484943285291118e-01 6.922199021570097921e-01 6.080857048979029233e-01 3.669238950409701716e-01 1.147266856377945343e-01 1.628906016299767057e-01
0.000000000000000000e+00 0.000000000000000000e+00 0.000000000000000000e+00 0.000000000000000000e+00 0.000000000000000000e+00 0.000000000000000000e+00 0.000000000000000000e+00
8.284477175332272125e-01 7.192473096730840343e-01 7.778481139598830696e-01 7.618074599826536453e-01 4.359153141975811163e-01 4.647924465411319983e-01 3.873938030761775453e-01
0.000000000000000000e+00 0.000000000000000000e+00 0.000000000000000000e+00 0.000000000000000000e+00 0.000000000000000000e+00 0.000000000000000000e+00 0.000000000000000000e+00
3.842897625360421898e-01 7.808175074825062234e-01 4.471105535634606332e-01 1.579545733041228250e-01 1.796082050235656147e-01 3.417097170440421272e-01 1.604897925412887005e-01
6.279789119012934018e-01 6.249598156452644826e-01 4.577552878470623754e-01 2.140772731945644047e-01 4.702803077398033382e-01 4.590411340098388693e-01 5.299581351067210733e-01
4.885755454366622619e-01 1.638184917927679451e-01 3.412881097206235115e-01 6.186983615698042893e-01 6.623418355885307696e-01 7.340044105751587500e-01 6.936741104723724849e-01
5.461761642947263740e-01 5.737746456496647385e-01 4.572839197390754507e-01 4.209705761043398553e-01 4.407362352531521421e-01 5.842856253627753960e-01 7.485589521918979417e-01
8.317086024851433335e-01 8.262406752013822242e-01 7.584669627888332988e-01 5.871626257417258410e-01 5.538635051427900358e-01 8.062359181765178517e-01 4.418380315786868406e-01
5.431241094767066402e-01 5.849398336451416824e-01 5.950967471129309239e-01 8.360614766170275658e-01 8.714624382194253727e-01 8.467541705207349834e-01 8.749523332860155156e-01
8.179283776065083833e-01 8.608663648553760428e-01 8.492986531021698982e-01 9.462065812811575327e-01 9.404878871075980085e-01 7.968514456066606577e-01 7.086637375829231145e-01
0.000000000000000000e+00 0.000000000000000000e+00 0.000000000000000000e+00 0.000000000000000000e+00 0.000000000000000000e+00 0.000000000000000000e+00 0.000000000000000000e+00
0.000000000000000000e+00 0.000000000000000000e+00 0.000000000000000000e+00 0.000000000000000000e+00 0.000000000000000000e+00 0.000000000000000000e+00 0.000000000000000000e+00
7.184437319571049807e-01 5.796104373509184393e-01 6.614516098599086957e-01 8.267123239231082277e-01 8.717889236172814416e-01 8.448289027873084889e-01 7.092966126708208918e-01
7.619081759893224781e-01 7.032402971593686436e-01 6.641333197268868282e-01 7.994614771750701010e-01 6.955113141410239619e-01 4.817749197735912148e-01 4.597318443096541363e-01
5.811580250912506962e-01 6.725944209305850796e-01 7.319167120829687123e-01 8.290363816694937826e-01 8.069370175333159256e-01 6.564321717787112709e-01 6.095516950365790221e-01
7.984284304560532730e-01 8.675020274459069869e-01 8.798401055007357696e-01 8.972512839510279337e-01 9.325115237623867737e-01 8.358704024472559668e-01 5.152422216362132490e-01
0.000000000000000000e+00 0.000000000000000000e+00 0.000000000000000000e+00 0.000000000000000000e+00 0.000000000000000000e+00 0.000000000000000000e+00 0.000000000000000000e+00
7.296763539655636288e-01 7.527099234927774329e-01 7.291865831595603087e-01 7.913079884616497361e-01 9.045540562206787483e-01 8.049232644271883119e-01 7.662295984540639093e-01
0.000000000000000000e+00 0.000000000000000000e+00 0.000000000000000000e+00 0.000000000000000000e+00 0.000000000000000000e+00 0.000000000000000000e+00 0.000000000000000000e+00
0.000000000000000000e+00 0.000000000000000000e+00 0.000000000000000000e+00 0.000000000000000000e+00 0.000000000000000000e+00 0.000000000000000000e+00 0.000000000000000000e+00
0.000000000000000000e+00 0.000000000000000000e+00 0.000000000000000000e+00 0.000000000000000000e+00 0.000000000000000000e+00 0.000000000000000000e+00 0.000000000000000000e+00
0.000000000000000000e+00 0.000000000000000000e+00 0.000000000000000000e+00 0.000000000000000000e+00 0.000000000000000000e+00 0.000000000000000000e+00 0.000000000000000000e+00
0.000000000000000000e+00 0.000000000000000000e+00 0.000000000000000000e+00 0.000000000000000000e+00 0.000000000000000000e+00 0.000000000000000000e+00 0.000000000000000000e+00
0.000000000000000000e+00 0.000000000000000000e+00 0.000000000000000000e+00 0.000000000000000000e+00 0.000000000000000000e+00 0.000000000000000000e+00 0.000000000000000000e+00
0.000000000000000000e+00 0.000000000000000000e+00 0.000000000000000000e+00 0.000000000000000000e+00 0.000000000000000000e+00 0.000000000000000000e+00 0.000000000000000000e+00
0.000000000000000000e+00 0.000000000000000000e+00 0.000000000000000000e+00 0.000000000000000000e+00 0.000000000000000000e+00 0.000000000000000000e+00 0.000000000000000000e+00
0.000000000000000000e+00 0.000000000000000000e+00 0.000000000000000000e+00 0.000000000000000000e+00 0.000000000000000000e+00 0.000000000000000000e+00 0.000000000000000000e+00
0.000000000000000000e+00 0.000000000000000000e+00 0.000000000000000000e+00 0.000000000000000000e+00 0.000000000000000000e+00 0.000000000000000000e+00 0.000000000000000000e+00
0.000000000000000000e+00 0.000000000000000000e+00 0.000000000000000000e+00 0.000000000000000000e+00 0.000000000000000000e+00 0.000000000000000000e+00 0.000000000000000000e+00
0.000000000000000000e+00 0.000000000000000000e+00 0.000000000000000000e+00 0.000000000000000000e+00 0.000000000000000000e+00 0.000000000000000000e+00 0.000000000000000000e+00
0.000000000000000000e+00 0.000000000000000000e+00 0.000000000000000000e+00 0.000000000000000000e+00 0.000000000000000000e+00 0.000000000000000000e+00 0.000000000000000000e+00
0.000000000000000000e+00 0.000000000000000000e+00 0.000000000000000000e+00 0.000000000000000000e+00 0.000000000000000000e+00 0.000000000000000000e+00 0.000000000000000000e+00
0.000000000000000000e+00 0.000000000000000000e+00 0.000000000000000000e+00 0.000000000000000000e+00 0.000000000000000000e+00 0.000000000000000000e+00 0.000000000000000000e+00
0.000000000000000000e+00 0.000000000000000000e+00 0.000000000000000000e+00 0.000000000000000000e+00 0.000000000000000000e+00 0.000000000000000000e+00 0.000000000000000000e+00
0.000000000000000000e+00 0.000000000000000000e+00 0.000000000000000000e+00 0.000000000000000000e+00 0.000000000000000000e+00 0.000000000000000000e+00 0.000000000000000000e+00
0.000000000000000000e+00 0.000000000000000000e+00 0.000000000000000000e+00 0.000000000000000000e+00 0.000000000000000000e+00 0.000000000000000000e+00 0.000000000000000000e+00
0.000000000000000000e+00 0.000000000000000000e+00 0.000000000000000000e+00 0.000000000000000000e+00 0.000000000000000000e+00 0.000000000000000000e+00 0.000000000000000000e+00
0.000000000000000000e+00 0.000000000000000000e+00 0.000000000000000000e+00 0.000000000000000000e+00 0.000000000000000000e+00 0.000000000000000000e+00 0.000000000000000000e+00
0.000000000000000000e+00 0.000000000000000000e+00 0.000000000000000000e+00 0.000000000000000000e+00 0.000000000000000000e+00 0.000000000000000000e+00 0.000000000000000000e+00
0.000000000000000000e+00 0.000000000000000000e+00 0.000000000000000000e+00 0.000000000000000000e+00 0.000000000000000000e+00 0.000000000000000000e+00 0.000000000000000000e+00
0.000000000000000000e+00 0.000000000000000000e+00 0.000000000000000000e+00 0.000000000000000000e+00 0.000000000000000000e+00 0.000000000000000000e+00 0.000000000000000000e+00
0.000000000000000000e+00 0.000000000000000000e+00 0.000000000000000000e+00 0.000000000000000000e+00 0.000000000000000000e+00 0.000000000000000000e+00 0.000000000000000000e+00
