9.511391308403702727e-01 9.486341164277229954e-01 8.834233144304067809e-01 7.060723831462770717e-01 7.646879238526359535e-01 6.857812083743439757e-01 8.636476298659239159e-01
9.729085796785993390e-01 9.821941945638315019e-01 9.889738213630475672e-01 9.837150411535133809e-01 9.566973144360536585e-01 9.599615365807894207e-01 9.158206442571320549e-01
0.000000000000000000e+00 0.000000000000000000e+00 0.000000000000000000e+00 0.000000000000000000e+00 0.000000000000000000e+00 0.000000000000000000e+00 0.000000000000000000e+00
0.000000000000000000e+00 0.000000000000000000e+00 0.000000000000000000e+00 0.000000000000000000e+00 0.000000000000000000e+00 0.000000000000000000e+00 0.000000000000000000e+00
7.030579149090709912e-01 6.312910085308243158e-01 6.397772378307388097e-01 4.936951385550792382e-01 9.234114629418007647e-01 8.839245943286065943e-01 9.379287926084056704e-01
0.000000000000000000e+00 0.000000000000000000e+00 0.000000000000000000e+00 0.000000000000000000e+00 0.000000000000000000e+00 0.000000000000000000e+00 0.000000000000000000e+00
8.285496109698413658e-01 7.584788123620532785e-01 7.501611016091419559e-01 8.031830842676964677e-01 7.637872807164199918e-01 7.382709211680273942e-01 7.946323042784257940e-01
9.347805331476042312e-01 9.600120978072731459e-01 9.762568646064680999e-01 9.463087904700596686e-01 8.965930640495515247e-01 7.222473661148115509e-01 5.172693157573025058e-01
0.000000000000000000e+00 0.000000000000000000e+00 0.000000000000000000e+00 0.000000000000000000e+00 0.000000000000000000e+00 0.000000000000000000e+00 0.000000000000000000e+00
0.000000000000000000e+00 0.000000000000000000e+00 0.000000000000000000e+00 0.000000000000000000e+00 0.000000000000000000e+00 0.000000000000000000e+00 0.000000000000000000e+00
0.000000000000000000e+00 0.000000000000000000e+00 0.000000000000000000e+00 0.000000000000000000e+00 0.000000000000000000e+00 0.000000000000000000e+00 0.000000000000000000e+00
0.000000000000000000e+00 0.000000000000000000e+00 0.000000000000000000e+00 0.000000000000000000e+00 0.000000000000000000e+00 0.000000000000000000e+00 0.000000000000000000e+00
0.000000000000000000e+00 0.000000000000000000e+00 0.000000000000000000e+00 0.000000000000000000e+00 0.000000000000000000e+00 0.000000000000000000e+00 0.000000000000000000e+00
0.000000000000000000e+00 0.000000000000000000e+00 0.000000000000000000e+00 0.000000000000000000e+00 0.000000000000000000e+00 0.000000000000000000e+00 0.000000000000000000e+00
0.000000000000000000e+00 0.000000000000000000e+00 0.000000000000000000e+00 0.000000000000000000e+00 0.000000000000000000e+00 0.000000000000000000e+00 0.000000000000000000e+00
0.000000000000000000e+00 0.000000000000000000e+00 0.000000000000000000e+00 0.000000000000000000e+00 0.000000000000000000e+00 0.000000000000000000e+00 0.000000000000000000e+00
0.000000000000000000e+00 0.000000000000000000e+00 0.000000000000000000e+00 0.000000000000000000e+00 0.000000000000000000e+00 0.000000000000000000e+00 0.000000000000000000e+00
0.000000000000000000e+00 0.000000000000000000e+00 0.000000000000000000e+00 0.000000000000000000e+00 0.000000000000000000e+00 0.000000000000000000e+00 0.000000000000000000e+00
0.000000000000000000e+00 0.000000000000000000e+00 0.000000000000000000e+00 0.000000000000000000e+00 0.000000000000000000e+00 0.000000000000000000e+00 0.000000000000000000e+00
0.000000000000000000e+00 0.000000000000000000e+00 0.000000000000000000e+00 0.000000000000000000e+00 0.000000000000000000e+00 0.000000000000000000e+00 0.000000000000000000e+00
0.000000000000000000e+00 0.000000000000000000e+00 0.000000000000000000e+00 0.000000000000000000e+00 0.000000000000000000e+00 0.000000000000000000e+00 0.000000000000000000e+00
0.000000000000000000e+00 0.000000000000000000e+00 0.000000000000000000e+00 0.000000000000000000e+00 0.000000000000000000e+00 0.000000000000000000e+00 0.000000000000000000e+00
0.000000000000000000e+00 0.000000000000000000e+00 0.000000000000000000e+00 0.000000000000000000e+00 0.000000000000000000e+00 0.000000000000000000e+00 0.000000000000000000e+00
0.000000000000000000e+00 0.000000000000000000e+00 0.000000000000000000e+00 0.000000000000000000e+00 0.000000000000000000e+00 0.000000000000000000e+00 0.000000000000000000e+00
0.000000000000000000e+00 0.000000000000000000e+00 0.000000000000000000e+00 0.000000000000000000e+00 0.000000000000000000e+00 0.000000000000000000e+00 0.000000000000000000e+00
0.000000000000000000e+00 0.000000000000000000e+00 0.000000000000000000e+00 0.000000000000000000e+00 0.000000000000000000e+00 0.000000000000000000e+00 0.000000000000000000e+00
0.000000000000000000e+00 0.000000000000000000e+00 0.000000000000000000e+00 0.000000000000000000e+00 0.000000000000000000e+00 0.000000000000000000e+00 0.000000000000000000e+00
0.000000000000000000e+00 0.000000000000000000e+00 0.000000000000000000e+00 0.000000000000000000e+00 0.000000000000000000e+00 0.000000000000000000e+00 0.000000000000000000e+00
0.000000000000000000e+00 0.000000000000000000e+00 0.000000000000000000e+00 0.000000000000000000e+00 0.000000000000000000e+00 0.000000000000000000e+00 0.000000000000000000e+00
0.000000000000000000e+00 0.000000000000000000e+00 0.000000000000000000e+00 0.000000000000000000e+00 0.000000000000000000e+00 0.000000000000000000e+00 0.000000000000000000e+00
0.000000000000000000e+00 0.000000000000000000e+00 0.000000000000000000e+00 0.000000000000000000e+00 0.000000000000000000e+00 0.000000000000000000e+00 0.000000000000000000e+00
0.000000000000000000e+00 0.000000000000000000e+00 0.000000000000000000e+00 0.000000000000000000e+00 0.000000000000000000e+00 0.000000000000000000e+00 0.000000000000000000e+00
0.000000000000000000e+00 0.000000000000000000e+00 0.000000000000000000e+00 0.000000000000000000e+00 0.000000000000000000e+00 0.000000000000000000e+00 0.000000000000000000e+00
9.695877162789683368e-01 9.508554692351228743e-01 8.612648427280023000e-01 8.441529374939719110e-01 9.381047185738391470e-01 5.145656024981237753e-01 7.572635265311726815e-01
9.545040473374245549e-01 9.669343688360690914e-01 9.761749870465268319e-01 9.765662471525915489e-01 9.692429426660376102e-01 9.701654159991961457e-01 9.761407709370776287e-01
9.190229991563420020e-01 9.393767173890185118e-01 9.583325574653033252e-01 9.650514901417743818e-01 9.629148097199464740e-01 9.608672954817419898e-01 9.764881980761040969e-01
0.000000000000000000e+00 0.000000000000000000e+00 0.000000000000000000e+00 0.000000000000000000e+00 0.000000000000000000e+00 0.000000000000000000e+00 0.000000000000000000e+00
0.000000000000000000e+00 0.000000000000000000e+00 0.000000000000000000e+00 0.000000000000000000e+00 0.000000000000000000e+00 0.000000000000000000e+00 0.000000000000000000e+00
0.000000000000000000e+00 0.000000000000000000e+00 0.000000000000000000e+00 0.000000000000000000e+00 0.000000000000000000e+00 0.000000000000000000e+00 0.000000000000000000e+00
0.000000000000000000e+00 0.000000000000000000e+00 0.000000000000000000e+00 0.000000000000000000e+00 0.000000000000000000e+00 0.000000000000000000e+00 0.000000000000000000e+00
0.000000000000000000e+00 0.000000000000000000e+00 0.000000000000000000e+00 0.000000000000000000e+00 0.000000000000000000e+00 0.000000000000000000e+00 0.000000000000000000e+00
0.000000000000000000e+00 0.000000000000000000e+00 0.000000000000000000e+00 0.000000000000000000e+00 0.000000000000000000e+00 0.000000000000000000e+00 0.000000000000000000e+00
0.000000000000000000e+00 0.000000000000000000e+00 0.000000000000000000e+00 0.000000000000000000e+00 0.000000000000000000e+00 0.000000000000000000e+00 0.000000000000000000e+00
0.000000000000000000e+00 0.000000000000000000e+00 0.000000000000000000e+00 0.000000000000000000e+00 0.000000000000000000e+00 0.000000000000000000e+00 0.000000000000000000e+00
0.000000000000000000e+00 0.000000000000000000e+00 0.000000000000000000e+00 0.000000000000000000e+00 0.000000000000000000e+00 0.000000000000000000e+00 0.000000000000000000e+00
0.000000000000000000e+00 0.000000000000000000e+00 0.000000000000000000e+00 0.000000000000000000e+00 0.000000000000000000e+00 0.000000000000000000e+00 0.000000000000000000e+00
0.000000000000000000e+00 0.000000000000000000e+00 0.000000000000000000e+00 0.000000000000000000e+00 0.000000000000000000e+00 0.000000000000000000e+00 0.000000000000000000e+00
0.000000000000000000e+00 0.000000000000000000e+00 0.000000000000000000e+00 0.000000000000000000e+00 0.000000000000000000e+00 0.000000000000000000e+00 0.000000000000000000e+00
0.000000000000000000e+00 0.000000000000000000e+00 0.000000000000000000e+00 0.000000000000000000e+00 0.000000000000000000e+00 0.000000000000000000e+00 0.000000000000000000e+00
0.000000000000000000e+00 0.000000000000000000e+00 0.000000000000000000e+00 0.000000000000000000e+00 0.000000000000000000e+00 0.000000000000000000e+00 0.000000000000000000e+00
0.000000000000000000e+00 0.000000000000000000e+00 0.000000000000000000e+00 0.000000000000000000e+00 0.000000000000000000e+00 0.000000000000000000e+00 0.000000000000000000e+00
0.000000000000000000e+00 0.000000000000000000e+00 0.000000000000000000e+00 0.000000000000000000e+00 0.000000000000000000e+00 0.000000000000000000e+00 0.000000000000000000e+00
0.000000000000000000e+00 0.000000000000000000e+00 0.000000000000000000e+00 0.000000000000000000e+00 0.000000000000000000e+00 0.000000000000000000e+00 0.000000000000000000e+00
0.000000000000000000e+00 0.000000000000000000e+00 0.000000000000000000e+00 0.000000000000000000e+00 0.000000000000000000e+00 0.000000000000000000e+00 0.000000000000000000e+00
9.417390227791228030e-01 9.508164898145228250e-01 9.394318131989823906e-01 8.786834748576677345e-01 7.573239091396100076e-01 3.797085153663181667e-01 3.479216514778425973e-01
9.900258752481665425e-01 9.917177737981667240e-01 9.870597034280431670e-01 9.667382458760680475e-01 9.530867749435767422e-01 8.738034217134172943e-01 6.232541493793877230e-01
9.663918472110303304e-01 9.778545073324899084e-01 9.845585146287498812e-01 9.909055140831825037e-01 9.954505558853952163e-01 9.863587062031738961e-01 9.295410955091768512e-01
9.664269760263070053e-01 9.778472857090803050e-01 9.845440383722371402e-01 9.908979896771948903e-01 9.954856592753539291e-01 9.860260774897664504e-01 9.261844560777748869e-01
0.000000000000000000e+00 0.000000000000000000e+00 0.000000000000000000e+00 0.000000000000000000e+00 0.000000000000000000e+00 0.000000000000000000e+00 0.000000000000000000e+00
9.234835001558147072e-01 9.365882797370506108e-01 9.417008330724112586e-01 9.416889471236177256e-01 4.927975671613940012e-01 5.001854957318427886e-01 8.291563050192087836e-01
0.000000000000000000e+00 0.000000000000000000e+00 0.000000000000000000e+00 0.000000000000000000e+00 0.000000000000000000e+00 0.000000000000000000e+00 0.000000000000000000e+00
9.260543594998440486e-01 9.377067645547723096e-01 9.575407693081369187e-01 9.644550664734378165e-01 9.802172982887248365e-01 9.702628711152323504e-01 9.495801974721891359e-01
0.000000000000000000e+00 0.000000000000000000e+00 0.000000000000000000e+00 0.000000000000000000e+00 0.000000000000000000e+00 0.000000000000000000e+00 0.000000000000000000e+00
9.072824974959117217e-01 9.067091590525646616e-01 8.529935829987211893e-01 7.025980296185295737e-01 6.162376304749369593e-01 2.796654661371136830e-01 2.040747707250837040e-01
0.000000000000000000e+00 0.000000000000000000e+00 0.000000000000000000e+00 0.000000000000000000e+00 0.000000000000000000e+00 0.000000000000000000e+00 0.000000000000000000e+00
0.000000000000000000e+00 0.000000000000000000e+00 0.000000000000000000e+00 0.000000000000000000e+00 0.000000000000000000e+00 0.000000000000000000e+00 0.000000000000000000e+00
9.847225282745527553e-01 9.890427180247414185e-01 9.912518337191577045e-01 9.862758558568809342e-01 9.387226185670599632e-01 3.094714536983756981e-01 3.179296232651415699e-01
9.445323702578863889e-01 9.518331130367702064e-01 9.612789374874614046e-01 9.611713110647061020e-01 9.703676072989340096e-01 8.855149707432152795e-01 6.190241982385664699e-01
9.304351619446503685e-01 9.599923814166166913e-01 9.721855573089008828e-01 9.644227986909142958e-01 7.901602074755793570e-01 5.871489471976607533e-01 6.592821076428161398e-01
0.000000000000000000e+00 0.000000000000000000e+00 0.000000000000000000e+00 0.000000000000000000e+00 0.000000000000000000e+00 0.000000000000000000e+00 0.000000000000000000e+00
8.469914369892631578e-01 7.922949549491177246e-01 6.544415167861552529e-01 2.022604434095212067e-01 2.154821841345211375e-01 3.873001055097218814e-01 6.613309248979984956e-01
0.000000000000000000e+00 0.000000000000000000e+00 0.000000000000000000e+00 0.000000000000000000e+00 0.000000000000000000e+00 0.000000000000000000e+00 0.000000000000000000e+00
0.000000000000000000e+00 0.000000000000000000e+00 0.000000000000000000e+00 0.000000000000000000e+00 0.000000000000000000e+00 0.000000000000000000e+00 0.000000000000000000e+00
8.968980837797771999e-01 9.325345455092163283e-01 9.595924090477563340e-01 9.576146122857018828e-01 8.703134585430026826e-01 8.835538966152470808e-01 7.213807995094830838e-01
0.000000000000000000e+00 0.000000000000000000e+00 0.000000000000000000e+00 0.000000000000000000e+00 0.000000000000000000e+00 0.000000000000000000e+00 0.000000000000000000e+00
9.442209065038350557e-01 9.353542209114622530e-01 9.021269254123061021e-01 7.933557711647613031e-01 5.185884129352229532e-01 3.923165217086180823e-01 4.585959262119837510e-01
8.963287010135588817e-01 8.336732531284004599e-01 7.061303279005211042e-01 5.732386043758708194e-01 4.822721617205459888e-01 7.921593778325778379e-01 5.602032354962190874e-01
9.116399347467492031e-01 8.682524251192971221e-01 8.157289090079464788e-01 7.318759889958629250e-01 6.639026461680880287e-01 8.443993151506524741e-01 8.190858312350343118e-01
9.392196519365698659e-01 8.865626585992166797e-01 8.582275950437666667e-01 8.125919919692622395e-01 6.054828492582622346e-01 6.443083378493055235e-01 6.410394094851863400e-01
7.424050448996307727e-01 8.721085134218219403e-01 8.498030314878768365e-01 8.306078228914953732e-01 8.491953181341983514e-01 5.728996430621242641e-01 3.007185347495718863e-01
0.000000000000000000e+00 0.000000000000000000e+00 0.000000000000000000e+00 0.000000000000000000e+00 0.000000000000000000e+00 0.000000000000000000e+00 0.000000000000000000e+00
9.038805522357115096e-01 9.560984974847895890e-01 9.643999395706469580e-01 9.064595526990291141e-01 8.674223513659681251e-01 9.477443778978660305e-01 9.788640337191322205e-01
8.936587045277317731e-01 9.220319856779113366e-01 9.429004215734890781e-01 8.690953186080273563e-01 8.511715607121910221e-01 8.237248912963968106e-01 3.783603666238057328e-01
9.816926681417587064e-01 9.651375929747129101e-01 9.748060098823702058e-01 9.771930071434775655e-01 9.834496062757103196e-01 9.791194460221624984e-01 9.585617429027235570e-01
8.884796364852610706e-01 9.066346545654357936e-01 9.347857942591053515e-01 9.154893212916518364e-01 8.836088798351021678e-01 9.316869476570076580e-01 9.435084050850492954e-01
9.787487875755028766e-01 9.834181327448714427e-01 9.868804381320234187e-01 9.828641582005501753e-01 9.633007673860989328e-01 8.901202473346221389e-01 8.567203389763071719e-01
9.786978452446861709e-01 9.834355106364811583e-01 9.864376184299896710e-01 9.826215266983170382e-01 9.622565775538876043e-01 8.895629435987481015e-01 8.566212691072457863e-01
0.000000000000000000e+00 0.000000000000000000e+00 0.000000000000000000e+00 0.000000000000000000e+00 0.000000000000000000e+00 0.000000000000000000e+00 0.000000000000000000e+00
0.000000000000000000e+00 0.000000000000000000e+00 0.000000000000000000e+00 0.000000000000000000e+00 0.000000000000000000e+00 0.000000000000000000e+00 0.000000000000000000e+00
0.000000000000000000e+00 0.000000000000000000e+00 0.000000000000000000e+00 0.000000000000000000e+00 0.000000000000000000e+00 0.000000000000000000e+00 0.000000000000000000e+00
0.000000000000000000e+00 0.000000000000000000e+00 0.000000000000000000e+00 0.000000000000000000e+00 0.000000000000000000e+00 0.000000000000000000e+00 0.000000000000000000e+00
0.000000000000000000e+00 0.000000000000000000e+00 0.000000000000000000e+00 0.000000000000000000e+00 0.000000000000000000e+00 0.000000000000000000e+00 0.000000000000000000e+00
0.000000000000000000e+00 0.000000000000000000e+00 0.000000000000000000e+00 0.000000000000000000e+00 0.000000000000000000e+00 0.000000000000000000e+00 0.000000000000000000e+00
1.920599825263345495e-01 2.732407528338009484e-01 4.247804474286486776e-01 2.371978078410183766e-01 1.727683730293574915e-01 3.268949205124718760e-01 2.876104381166534885e-01
0.000000000000000000e+00 0.000000000000000000e+00 0.000000000000000000e+00 0.000000000000000000e+00 0.000000000000000000e+00 0.000000000000000000e+00 0.000000000000000000e+00
3.439967214511795990e-01 3.006091518138661045e-01 3.338058723045682630e-01 3.921296586647355364e-01 2.762717317998700239e-01 3.078811717337230913e-01 3.981729297815832513e-01
5.256222990920450533e-01 2.694519628727409799e-01 2.361279886427476438e-01 1.923987712982832554e-01 5.137728644557281177e-01 6.443747114795245201e-01 3.333187864026445069e-01
3.038821276037985131e-01 4.541567771707351042e-01 5.519551408134215631e-01 3.078419438521714513e-01 2.491444868982531091e-01 4.306016586839863103e-01 1.465907512782135547e-01
4.046668106872142734e-01 2.696061330682844592e-01 7.520218251511731622e-02 5.450061722767238215e-02 2.376200110987222169e-01 1.540624578456693539e-01 4.059547151303781742e-01
0.000000000000000000e+00 0.000000000000000000e+00 0.000000000000000000e+00 0.000000000000000000e+00 0.000000000000000000e+00 0.000000000000000000e+00 0.000000000000000000e+00
0.000000000000000000e+00 0.000000000000000000e+00 0.000000000000000000e+00 0.000000000000000000e+00 0.000000000000000000e+00 0.000000000000000000e+00 0.000000000000000000e+00
0.000000000000000000e+00 0.000000000000000000e+00 0.000000000000000000e+00 0.000000000000000000e+00 0.000000000000000000e+00 0.000000000000000000e+00 0.000000000000000000e+00
6.681724726413416082e-01 6.472709191952283891e-01 7.276637353197961122e-01 6.203193983716779325e-01 3.614388227827501909e-01 2.075440145685701065e-01 4.194616191093501478e-01
7.404966910980376182e-01 5.743470215011997615e-01 5.797978218534128869e-01 7.310358407017417681e-01 5.888456049923155300e-01 3.462548203850716877e-02 2.271329844769209849e-01
2.988234226707318086e-01 2.969552645925949697e-01 4.287607272657429358e-01 5.496956121516437532e-01 2.673765800387172820e-01 4.253589313713297959e-01 6.905683648005673803e-01
0.000000000000000000e+00 0.000000000000000000e+00 0.000000000000000000e+00 0.000000000000000000e+00 0.000000000000000000e+00 0.000000000000000000e+00 0.000000000000000000e+00
4.511645277828189582e-01 3.807502080319219440e-01 3.740133882824089318e-01 3.146074099872207541e-01 5.723419342779580976e-01 5.365119878286622734e-01 3.419165986983744299e-01
3.362892515130235238e-01 2.423790448444174406e-01 3.004994127112973756e-01 4.188019263745022536e-01 2.782835001311404488e-01 5.206803676808081649e-01 4.610569306322519489e-01
3.842118487583993658e-01 4.519782487448803510e-01 6.030100899823003235e-01 6.151531764907369748e-01 5.178074487747622578e-01 5.052452909500644296e-01 5.513725980891347467e-01
5.488556224645249060e-01 5.046795482854611326e-01 4.862817801447325561e-01 4.917211667199409275e-01 6.941717192526815072e-01 6.495689131883423117e-01 4.833487621553683167e-01
6.180716929708239826e-01 6.509781713760874888e-01 5.473898082198834780e-01 3.717675338368810478e-01 6.970252909212770742e-02 3.199360615277396236e-01 1.780795507963187363e-01
0.000000000000000000e+00 0.000000000000000000e+00 0.000000000000000000e+00 0.000000000000000000e+00 0.000000000000000000e+00 0.000000000000000000e+00 0.000000000000000000e+00
0.000000000000000000e+00 0.000000000000000000e+00 0.000000000000000000e+00 0.000000000000000000e+00 0.000000000000000000e+00 0.000000000000000000e+00 0.000000000000000000e+00
9.166001632827304180e-01 9.113368409640124623e-01 8.914397206132476104e-01 9.209437082626282800e-01 8.909513731127355340e-01 6.558659849378479789e-01 4.358113055634132427e-01
0.000000000000000000e+00 0.000000000000000000e+00 0.000000000000000000e+00 0.000000000000000000e+00 0.000000000000000000e+00 0.000000000000000000e+00 0.000000000000000000e+00
8.919840209702943890e-01 9.369095901357749057e-01 9.612293914754075352e-01 9.653813044336406746e-01 9.683288967476839648e-01 9.511562876614459983e-01 9.299764038494041651e-01
8.148748377279240174e-01 8.662820443895330458e-01 8.633009078266794534e-01 7.822026192846847081e-01 3.481747738362332978e-01 4.368086205166852865e-01 5.282502796696054714e-01
9.526669541201168157e-01 9.704716843006462312e-01 9.821225839248047818e-01 9.859321802886943376e-01 9.259986613537303235e-01 5.182870602044341579e-01 5.491395975612557434e-01
0.000000000000000000e+00 0.000000000000000000e+00 0.000000000000000000e+00 0.000000000000000000e+00 0.000000000000000000e+00 0.000000000000000000e+00 0.000000000000000000e+00
9.717789182778061585e-01 9.733293564252034624e-01 9.744391525480057270e-01 9.662061630913857391e-01 9.177096034361318377e-01 6.116127979804701909e-01 8.207784849073415101e-01
5.467790019484526365e-01 6.508253280374555194e-01 5.033692121745669823e-01 2.543284605735647852e-01 3.342844154340606777e-01 3.185330462932190465e-01 2.571931298338916427e-01
9.575218446359787805e-01 9.703285450038937610e-01 9.767551738256599059e-01 9.782118128430481452e-01 9.460738496934150144e-01 7.976785530187975315e-01 7.572875104751171094e-01
8.841120583620534212e-01 8.698588141211037739e-01 7.843331374180202431e-01 6.236531634172308713e-01 6.552043778067926372e-01 6.987465023546109988e-01 9.263081280847986765e-01
9.626003840990808857e-01 9.674653261621012357e-01 9.565795551978126809e-01 8.896456797671534744e-01 7.230636495520998963e-01 7.511031466379870514e-01 3.312535299346288098e-01
9.888429516046488565e-01 9.824083191979533503e-01 9.662924889109542059e-01 9.719649298369006374e-01 9.554243577037684343e-01 9.536829955801241487e-01 9.435001779786410525e-01
9.571887309399437216e-01 9.737312049223285637e-01 9.864749009006120728e-01 9.879531871723095104e-01 9.827507548645871838e-01 9.659237630464674318e-01 9.406130300634264474e-01
8.793952864800317348e-01 8.920369886968072537e-01 8.941721727805346243e-01 9.248716573762559845e-01 9.674190170685652568e-01 9.175302003133206652e-01 7.304867659957926529e-01
9.588906878524146027e-01 9.317775788066545717e-01 8.310866471954421186e-01 8.934651337045982356e-01 9.680882713042404664e-01 9.107001111276110672e-01 8.275692608008891060e-01
9.179877119453971890e-01 7.117547899163559899e-01 7.399341802811951752e-01 8.919549715046241056e-01 9.412874794765413444e-01 9.755290780644966242e-01 9.706519718299753130e-01
9.715557619708182768e-01 9.582402462892213313e-01 9.356333521057287328e-01 9.491350858004677926e-01 9.520160790721551303e-01 9.265877738674396236e-01 9.146999879772470532e-01
9.868186790441851874e-01 9.747951577513965793e-01 9.675151299702576813e-01 9.716287395364997526e-01 9.718472935890783981e-01 9.567405127026490375e-01 9.626449677401710536e-01
9.676976923180576895e-01 9.740756385604533163e-01 9.762275514779344965e-01 9.681122657733827186e-01 9.630813082092187782e-01 9.608152425957896536e-01 9.550802845083624648e-01
2.815289119618698543e-01 2.941391486058989591e-01 1.729494567182780218e-01 1.546237555876172065e-01 1.008157458993148708e-01 6.665170733369110145e-01 1.425632448755585757e-01
4.737579334920251073e-01 4.336797728525867979e-01 3.357214470950530827e-01 3.246170904538232538e-01 3.422704684983742252e-01 6.758687384311263813e-01 3.084205949037936989e-01
2.735215899890608982e-01 3.829717495194256416e-01 4.663900020293664794e-01 5.507572862840959260e-01 6.957764681936711160e-01 7.332845367050822016e-01 4.608363258171891963e-01
0.000000000000000000e+00 0.000000000000000000e+00 0.000000000000000000e+00 0.000000000000000000e+00 0.000000000000000000e+00 0.000000000000000000e+00 0.000000000000000000e+00
3.317803048035068425e-01 1.433549570168444753e-01 3.538995012863794254e-01 4.147979049789083938e-01 4.341705480433986630e-01 5.910920987354341127e-01 4.936007531615303479e-01
4.060518264105987818e-01 4.267034379231293140e-01 5.742843874472243204e-01 5.163206244707717607e-01 5.927479757370408553e-01 6.024695242879462009e-01 5.303525391226570074e-01
3.925460803069668048e-01 3.277958088405291681e-01 4.333288026825296013e-01 3.883547057865234242e-01 2.197854807222777984e-01 4.561555153456913758e-01 5.851721020909781412e-01
0.000000000000000000e+00 0.000000000000000000e+00 0.000000000000000000e+00 0.000000000000000000e+00 0.000000000000000000e+00 0.000000000000000000e+00 0.000000000000000000e+00
3.646626755276371479e-01 4.778890789362108538e-01 5.754509622246744005e-01 3.762871378061026229e-01 2.115835037808223018e-01 5.148915963407393326e-01 5.622934481897458037e-01
0.000000000000000000e+00 0.000000000000000000e+00 0.000000000000000000e+00 0.000000000000000000e+00 0.000000000000000000e+00 0.000000000000000000e+00 0.000000000000000000e+00
6.644214417487033231e-01 2.841053443518867794e-01 1.306898729495367950e-01 4.013829774996180433e-02 2.331783167684257640e-01 3.789507039471030070e-01 5.482847944814528418e-01
9.443822678895033018e-01 9.595826983500985730e-01 9.686786329984845567e-01 8.101298176999555123e-01 4.385742076088621211e-01 6.130643595550381297e-01 6.153143420895121896e-01
0.000000000000000000e+00 0.000000000000000000e+00 0.000000000000000000e+00 0.000000000000000000e+00 0.000000000000000000e+00 0.000000000000000000e+00 0.000000000000000000e+00
8.612297957330368181e-01 9.093948148335270210e-01 9.358004971082182211e-01 9.516170879085980028e-01 9.430126176977757790e-01 9.554200480792821581e-01 9.504358930643094228e-01
0.000000000000000000e+00 0.000000000000000000e+00 0.000000000000000000e+00 0.000000000000000000e+00 0.000000000000000000e+00 0.000000000000000000e+00 0.000000000000000000e+00
9.052447313199775136e-01 9.396660686844756638e-01 9.770767480088995427e-01 9.826647495796931864e-01 9.594338246457545516e-01 9.192889787114248978e-01 7.212574258505661806e-01
0.000000000000000000e+00 0.000000000000000000e+00 0.000000000000000000e+00 0.000000000000000000e+00 0.000000000000000000e+00 0.000000000000000000e+00 0.000000000000000000e+00
8.730211837533350394e-01 8.305450586456587514e-01 8.649677973485027094e-01 7.471671174886106437e-01 7.707689895890862397e-01 9.731732928094705137e-01 9.728329939162199125e-01
0.000000000000000000e+00 0.000000000000000000e+00 0.000000000000000000e+00 0.000000000000000000e+00 0.000000000000000000e+00 0.000000000000000000e+00 0.000000000000000000e+00
2.494944715691597981e-01 6.197365484041502670e-01 8.454839095932952242e-01 9.563259183754029280e-01 9.671944768831345352e-01 9.595594840264235481e-01 9.546606671694010116e-01
9.364348630199331724e-01 9.089055971598553052e-01 9.190264394233262912e-01 9.260018711511249778e-01 9.416806002443233181e-01 8.912052033831387998e-01 5.459158553774213773e-01
8.612464043611202102e-01 7.067744328814927757e-01 3.131774259660480286e-01 4.783342880839728251e-01 8.999082677708792888e-01 8.219682176908225113e-01 7.325111034766828011e-01
6.347808727329767864e-01 7.358629436980501648e-01 9.369224243356325532e-01 9.814241368051599412e-01 9.881131627289152508e-01 9.614632445028848950e-01 9.726577715102364685e-01
7.079712346197124528e-01 2.794350270610684306e-01 3.396349105301292304e-01 4.630805348851308456e-01 6.383129296035580102e-01 8.085441551674996674e-01 5.017655168569622459e-01
9.698949987335371281e-01 9.692118297882742484e-01 9.504158550335024547e-01 8.875817991488841319e-01 8.009751038705364978e-01 4.463261321503387280e-01 6.436294825271690057e-01
8.751869402920087193e-01 8.218738766194503276e-01 9.214647371169198964e-01 9.632870372867857744e-01 9.233590261750458383e-01 7.606483637039324064e-01 9.060336635844357112e-01
0.000000000000000000e+00 0.000000000000000000e+00 0.000000000000000000e+00 0.000000000000000000e+00 0.000000000000000000e+00 0.000000000000000000e+00 0.000000000000000000e+00
0.000000000000000000e+00 0.000000000000000000e+00 0.000000000000000000e+00 0.000000000000000000e+00 0.000000000000000000e+00 0.000000000000000000e+00 0.000000000000000000e+00
9.781713271396770271e-01 9.802313375442176513e-01 9.712718595840925673e-01 9.527684276136219044e-01 8.599174495302569499e-01 7.406674614138086810e-01 6.294555963743604377e-01
9.821045460586339537e-01 9.756364016314633680e-01 9.629801014170471518e-01 9.240032465423262398e-01 8.300153418501299285e-01 3.733929376229463415e-01 3.707606912534854859e-01
9.450846972606352647e-01 9.439992118875749627e-01 9.347263837195172176e-01 8.606645724542961728e-01 9.506774699096910419e-01 8.363954735052077094e-01 9.177227901888393991e-01
9.016371342881976947e-01 9.263852302187971510e-01 8.967692667457335398e-01 8.128475428776869016e-01 7.119274440877297883e-01 3.211286564901675300e-01 8.366372716170420443e-01
0.000000000000000000e+00 0.000000000000000000e+00 0.000000000000000000e+00 0.000000000000000000e+00 0.000000000000000000e+00 0.000000000000000000e+00 0.000000000000000000e+00
9.469896485499156302e-01 9.353811245678617103e-01 9.506572137861553085e-01 9.596697666467789434e-01 9.696239488303651788e-01 9.767770902122705490e-01 9.427103699573435858e-01
9.466085961290761075e-01 9.578220703151625326e-01 9.307931478556288329e-01 8.438320469502562649e-01 8.577169212903175133e-01 8.750275152985214078e-01 7.937870970188369846e-01
8.862538911893009796e-01 9.324815302069523471e-01 9.333026394146504146e-01 9.279482598015671435e-01 9.273328587181328686e-01 6.884183516087777344e-01 5.711404342818313662e-01
0.000000000000000000e+00 0.000000000000000000e+00 0.000000000000000000e+00 0.000000000000000000e+00 0.000000000000000000e+00 0.000000000000000000e+00 0.000000000000000000e+00
9.214534603478540253e-01 9.195445869752734147e-01 9.303774083219840119e-01 8.740420666709577402e-01 8.808021016749194576e-01 7.578802321838877809e-01 9.510032003573761772e-01
9.232933988309388607e-01 9.359501618670190703e-01 9.351048165022177727e-01 9.253261904844288788e-01 9.382927127843851967e-01 9.450644073806182544e-01 9.689300783466857636e-01
0.000000000000000000e+00 0.000000000000000000e+00 0.000000000000000000e+00 0.000000000000000000e+00 0.000000000000000000e+00 0.000000000000000000e+00 0.000000000000000000e+00
0.000000000000000000e+00 0.000000000000000000e+00 0.000000000000000000e+00 0.000000000000000000e+00 0.000000000000000000e+00 0.000000000000000000e+00 0.000000000000000000e+00
0.000000000000000000e+00 0.000000000000000000e+00 0.000000000000000000e+00 0.000000000000000000e+00 0.000000000000000000e+00 0.000000000000000000e+00 0.000000000000000000e+00
9.698451148561267887e-01 9.710496719956254186e-01 9.743072347110636189e-01 9.773540100676849640e-01 9.855922766178832894e-01 6.065706928441553236e-01 5.154770701409814304e-01
9.204380642230780563e-01 9.401225043255424518e-01 9.234969084029606146e-01 4.513793758807447820e-01 2.557650028318844693e-01 2.733063677645957146e-01 1.934746371103007179e-01
9.013705887459098065e-01 9.484235210932913107e-01 9.762065951814720144e-01 9.583733057793352161e-01 8.316323204297485505e-01 7.709071561686298146e-01 9.467454269656530030e-01
9.140684878981391037e-01 9.079691924917928647e-01 8.348414162063456656e-01 4.575476342976279587e-01 2.238238921298285333e-01 2.028713193569073314e-01 2.246501804278335235e-01
0.000000000000000000e+00 0.000000000000000000e+00 0.000000000000000000e+00 0.000000000000000000e+00 0.000000000000000000e+00 0.000000000000000000e+00 0.000000000000000000e+00
9.440810400279029402e-01 9.611864733828062723e-01 9.727218137908486550e-01 9.702487325299611332e-01 8.873292848741407557e-01 6.494337268857403034e-01 6.322089341053001021e-01
9.160165391262686807e-01 8.930863515391186391e-01 9.496624142768513854e-01 9.773071807475750550e-01 9.577318217042412041e-01 8.407986460260290507e-01 8.024897645003660207e-01
0.000000000000000000e+00 0.000000000000000000e+00 0.000000000000000000e+00 0.000000000000000000e+00 0.000000000000000000e+00 0.000000000000000000e+00 0.000000000000000000e+00
0.000000000000000000e+00 0.000000000000000000e+00 0.000000000000000000e+00 0.000000000000000000e+00 0.000000000000000000e+00 0.000000000000000000e+00 0.000000000000000000e+00
8.864871286828155394e-01 8.965841211832598079e-01 9.229633431511637953e-01 9.608252454503397599e-01 8.742758153785825659e-01 9.304997762724398491e-01 9.608946288766269106e-01
9.079391728690349161e-01 7.679031774647513409e-01 5.459905936523086201e-01 4.528051447796192508e-01 3.910718521869719355e-01 4.188941648035225951e-01 6.167862581469019112e-01
3.402134320424711200e-01 4.125940557218075178e-01 3.785813889163229806e-01 4.702823463736353626e-01 6.846037596799071645e-01 5.955845408161954957e-01 5.492174847642842250e-01
9.806479059097300555e-01 9.908558401050583386e-01 9.915734871657754246e-01 9.767480135235282468e-01 9.774634497793264210e-01 9.543904075316935742e-01 8.152781545521381457e-01
9.249123073271907636e-01 9.478208698646468644e-01 9.676501524009737398e-01 9.782084662320761348e-01 9.423139891842565730e-01 8.670915636494282985e-01 6.702997224738567184e-01
0.000000000000000000e+00 0.000000000000000000e+00 0.000000000000000000e+00 0.000000000000000000e+00 0.000000000000000000e+00 0.000000000000000000e+00 0.000000000000000000e+00
0.000000000000000000e+00 0.000000000000000000e+00 0.000000000000000000e+00 0.000000000000000000e+00 0.000000000000000000e+00 0.000000000000000000e+00 0.000000000000000000e+00
