5.930307397602024855e-01 5.054545713093704373e-01 5.602329451700539531e-01 5.032701714213835276e-01 5.228435297615817712e-01 3.248722541928532048e-01 5.020620826225945521e-01
9.617316156665914884e-01 9.721142932362457634e-01 9.655836525979246687e-01 9.631635321965972274e-01 9.620769447830387344e-01 9.597664009614012004e-01 9.449752995620319673e-01
9.378152634038406932e-01 9.177975484449822918e-01 8.784284398372854685e-01 8.533622311765892698e-01 7.902157147602214549e-01 6.402195384610214202e-01 8.929117670174935295e-01
9.785249990673594578e-01 9.722796569777378828e-01 9.630009320376037296e-01 9.551221114269529133e-01 9.428525478049477604e-01 7.500904963583282514e-01 8.283823407439094844e-01
9.590222549951856745e-01 9.425533286907916697e-01 8.765451223439194584e-01 8.824927195174004924e-01 8.595480393910576167e-01 6.103518884993502924e-01 7.961847726695180372e-01
9.774790458375713920e-01 9.805282449320830152e-01 9.746104483333029034e-01 9.670756092071020049e-01 9.490978185573111237e-01 9.133895038492667595e-01 9.092215696545399295e-01
9.694405785374773377e-01 9.804963331792125869e-01 9.708666035585313825e-01 9.186682517093840428e-01 8.624478300202869097e-01 5.436140454460777205e-01 8.464369766158321706e-01
9.322134236933438123e-01 8.810275081861155266e-01 8.379351032034773050e-01 8.991312089351115588e-01 9.441673349399707371e-01 8.609150314911688806e-01 9.143957926793351287e-01
0.000000000000000000e+00 0.000000000000000000e+00 0.000000000000000000e+00 0.000000000000000000e+00 0.000000000000000000e+00 0.000000000000000000e+00 0.000000000000000000e+00
0.000000000000000000e+00 0.000000000000000000e+00 0.000000000000000000e+00 0.000000000000000000e+00 0.000000000000000000e+00 0.000000000000000000e+00 0.000000000000000000e+00
9.784579898928489339e-01 9.865394029344368709e-01 9.853982149228477372e-01 9.606882748426133212e-01 8.799285434905110836e-01 3.827300573236155357e-01 3.259777190319356754e-01
0.000000000000000000e+00 0.000000000000000000e+00 0.000000000000000000e+00 0.000000000000000000e+00 0.000000000000000000e+00 0.000000000000000000e+00 0.000000000000000000e+00
0.000000000000000000e+00 0.000000000000000000e+00 0.000000000000000000e+00 0.000000000000000000e+00 0.000000000000000000e+00 0.000000000000000000e+00 0.000000000000000000e+00
0.000000000000000000e+00 0.000000000000000000e+00 0.000000000000000000e+00 0.000000000000000000e+00 0.000000000000000000e+00 0.000000000000000000e+00 0.000000000000000000e+00
0.000000000000000000e+00 0.000000000000000000e+00 0.000000000000000000e+00 0.000000000000000000e+00 0.000000000000000000e+00 0.000000000000000000e+00 0.000000000000000000e+00
0.000000000000000000e+00 0.000000000000000000e+00 0.000000000000000000e+00 0.000000000000000000e+00 0.000000000000000000e+00 0.000000000000000000e+00 0.000000000000000000e+00
0.000000000000000000e+00 0.000000000000000000e+00 0.000000000000000000e+00 0.000000000000000000e+00 0.000000000000000000e+00 0.000000000000000000e+00 0.000000000000000000e+00
0.000000000000000000e+00 0.000000000000000000e+00 0.000000000000000000e+00 0.000000000000000000e+00 0.000000000000000000e+00 0.000000000000000000e+00 0.000000000000000000e+00
0.000000000000000000e+00 0.000000000000000000e+00 0.000000000000000000e+00 0.000000000000000000e+00 0.000000000000000000e+00 0.000000000000000000e+00 0.000000000000000000e+00
0.000000000000000000e+00 0.000000000000000000e+00 0.000000000000000000e+00 0.000000000000000000e+00 0.000000000000000000e+00 0.000000000000000000e+00 0.000000000000000000e+00
9.589471787440544404e-01 9.715448116983583793e-01 9.812222959034458958e-01 9.657377684398041895e-01 9.595019288747986819e-01 9.317421569761037414e-01 8.452312391318834717e-01
9.619387384933588692e-01 9.576026976779400401e-01 9.479010187186113212e-01 9.390318170833366063e-01 9.397256808249381255e-01 9.253124126422822560e-01 9.361007714602684882e-01
7.966136021998252437e-01 8.541705660454027571e-01 9.486383161971199129e-01 8.679982101820308271e-01 9.455303547986220192e-01 9.764365289211901500e-01 9.626130670857777627e-01
9.901097053725299579e-01 9.881766617789584650e-01 9.769334582738045114e-01 9.487182802773421741e-01 9.385564522540246202e-01 9.632743618889320070e-01 9.683467071089169043e-01
7.346671854252041500e-01 5.775335437796410565e-01 4.194722942548962941e-01 2.623860120475397517e-01 2.165635687100175011e-01 5.649496799365303357e-01 8.119983257752101391e-01
9.522006381944527753e-01 9.529280629059285745e-01 9.565830580530643168e-01 9.577725549194674448e-01 9.675380230156435113e-01 9.177105513648907698e-01 7.962392364235856279e-01
0.000000000000000000e+00 0.000000000000000000e+00 0.000000000000000000e+00 0.000000000000000000e+00 0.000000000000000000e+00 0.000000000000000000e+00 0.000000000000000000e+00
0.000000000000000000e+00 0.000000000000000000e+00 0.000000000000000000e+00 0.000000000000000000e+00 0.000000000000000000e+00 0.000000000000000000e+00 0.000000000000000000e+00
8.626803472332729150e-01 9.121683386705492502e-01 9.366364470630481609e-01 8.863003664455214592e-01 5.299977876992927328e-01 6.629847475859217132e-02 1.326967195045314352e-01
7.802881504846115313e-01 7.155452031946344382e-01 4.770237054795963272e-01 3.453693146692568550e-01 5.485206817940333490e-01 6.441801865767390334e-01 4.716220093924634593e-01
9.517263097807195926e-01 9.688418662165438899e-01 9.690415291338273507e-01 9.081021654414914712e-01 6.839769297686054683e-01 4.226845862375920304e-01 5.200924195082147206e-01
2.338689473033268851e-01 1.711302831095520838e-01 1.979244494326651005e-01 2.445623463217485305e-01 3.956150315862880795e-01 2.207318316477943354e-01 1.024558036030197294e-01
0.000000000000000000e+00 0.000000000000000000e+00 0.000000000000000000e+00 0.000000000000000000e+00 0.000000000000000000e+00 0.000000000000000000e+00 0.000000000000000000e+00
2.681778577466640834e-01 3.785825899875219780e-01 4.307063248524702348e-01 2.972101604564054700e-01 5.201237301673738989e-01 6.750433319416356825e-01 5.923289084977274577e-01
9.653245545477201484e-01 9.774512858804076387e-01 9.683826015273783172e-01 9.307526669291247279e-01 7.271582111259343728e-01 2.580158373325990850e-01 1.817711614397105879e-01
4.840452304583252596e-01 6.518449398055580213e-01 7.596716049912624058e-01 8.582611148141474633e-01 8.955593573887840053e-01 7.990295109030274290e-01 1.630452933457027520e-01
2.463908594505364869e-01 1.871711712363286761e-01 2.355258290886359240e-01 3.537167959414365681e-01 3.833007300940764472e-01 1.644936475501543316e-01 4.940876893646245493e-02
1.833604590843650184e-01 2.072957445147359523e-02 4.883119126001816621e-03 1.071363636196769747e-01 2.221016286695512709e-01 1.100003148979805667e-01 8.475656732868447341e-02
6.294824056860319761e-01 6.001571689672597909e-01 1.815047079074803282e-01 4.199042015970619324e-02 2.082294308321954585e-02 6.171189647081824076e-02 1.392088563166259396e-01
