7.345729684180241748e+00 4.595729684180241748e+00 3.530957296841802417e+02 1.059572968418024175e+01 3.515957296841802417e+02 1.734572968418024175e+01 1.883457296841802417e+02
2.546826321573865926e+01 6.468263215738659255e+00 7.468263215738659255e+00 8.968263215738659255e+00 9.968263215738659255e+00 2.968263215738659255e+00 5.321826321573865926e+01
3.606256186504879224e-01 3.473606256186504879e+02 3.303606256186504879e+02 8.110625618650487922e+00 3.548606256186504879e+02 3.493606256186504879e+02 3.496106256186504879e+02
5.466066023057294387e+00 1.646606602305729439e+01 3.471606602305729439e+01 3.096606602305729439e+01 3.419660660230572944e+02 3.399660660230572944e+02 8.466066023057294387e+00
3.533638782579430426e+00 1.628363878257943043e+01 2.978363878257943043e+01 3.078363878257943043e+01 1.028363878257943043e+01 3.495336387825794304e+02 3.457836387825794304e+02
6.789542591649762926e+00 3.392895425916497629e+02 3.555395425916497629e+02 3.555395425916497629e+02 3.522895425916497629e+02 3.539542591649762926e+00 7.789542591649762926e+00
6.629729662495606135e+00 1.037972966249560614e+01 2.737972966249560614e+01 4.037972966249560614e+01 2.462972966249560614e+01 3.037972966249560614e+01 1.237972966249560614e+01
3.479184083334956199e+02 2.166840833349561990e+01 2.441840833349561990e+01 9.668408333495619900e+00 1.316840833349561990e+01 8.918408333495619900e+00 2.668408333495619900e+00
0.000000000000000000e+00 0.000000000000000000e+00 0.000000000000000000e+00 0.000000000000000000e+00 0.000000000000000000e+00 0.000000000000000000e+00 0.000000000000000000e+00
0.000000000000000000e+00 0.000000000000000000e+00 0.000000000000000000e+00 0.000000000000000000e+00 0.000000000000000000e+00 0.000000000000000000e+00 0.000000000000000000e+00
3.591123892591275535e+02 4.836238925912755349e+01 5.211238925912755349e+01 3.936238925912755349e+01 2.661238925912755349e+01 2.133623892591275535e+02 3.478623892591275535e+02
0.000000000000000000e+00 0.000000000000000000e+00 0.000000000000000000e+00 0.000000000000000000e+00 0.000000000000000000e+00 0.000000000000000000e+00 0.000000000000000000e+00
0.000000000000000000e+00 0.000000000000000000e+00 0.000000000000000000e+00 0.000000000000000000e+00 0.000000000000000000e+00 0.000000000000000000e+00 0.000000000000000000e+00
0.000000000000000000e+00 0.000000000000000000e+00 0.000000000000000000e+00 0.000000000000000000e+00 0.000000000000000000e+00 0.000000000000000000e+00 0.000000000000000000e+00
0.000000000000000000e+00 0.000000000000000000e+00 0.000000000000000000e+00 0.000000000000000000e+00 0.000000000000000000e+00 0.000000000000000000e+00 0.000000000000000000e+00
0.000000000000000000e+00 0.000000000000000000e+00 0.000000000000000000e+00 0.000000000000000000e+00 0.000000000000000000e+00 0.000000000000000000e+00 0.000000000000000000e+00
0.000000000000000000e+00 0.000000000000000000e+00 0.000000000000000000e+00 0.000000000000000000e+00 0.000000000000000000e+00 0.000000000000000000e+00 0.000000000000000000e+00
0.000000000000000000e+00 0.000000000000000000e+00 0.000000000000000000e+00 0.000000000000000000e+00 0.000000000000000000e+00 0.000000000000000000e+00 0.000000000000000000e+00
0.000000000000000000e+00 0.000000000000000000e+00 0.000000000000000000e+00 0.000000000000000000e+00 0.000000000000000000e+00 0.000000000000000000e+00 0.000000000000000000e+00
0.000000000000000000e+00 0.000000000000000000e+00 0.000000000000000000e+00 0.000000000000000000e+00 0.000000000000000000e+00 0.000000000000000000e+00 0.000000000000000000e+00
6.919150415862088721e+01 7.294150415862088721e+01 6.941504158620887210e+00 3.516915041586208872e+02 2.996915041586208872e+02 3.064415041586208872e+02 2.936915041586208872e+02
3.421363767845194843e+02 3.391363767845194843e+02 3.408863767845194843e+02 3.446363767845194843e+02 3.566363767845194843e+02 2.636376784519484318e+00 4.388637678451948432e+01
3.554481771017503888e+02 3.501981771017503888e+02 3.404481771017503888e+02 3.336981771017503888e+02 3.346981771017503888e+02 3.471981771017503888e+02 3.514481771017503888e+02
1.110552661503163563e+01 8.555266150316356288e-01 3.593555266150316356e+02 1.835552661503163563e+01 6.605526615031635629e+00 3.335552661503163563e+01 3.546055266150316356e+02
7.212158399188410840e+00 3.424621583991884108e+02 3.294621583991884108e+02 3.119621583991884108e+02 3.244621583991884108e+02 3.317121583991884108e+02 3.359621583991884108e+02
7.537540522657764086e+00 3.590375405226577641e+02 3.527875405226577641e+02 3.555375405226577641e+02 3.477875405226577641e+02 3.407875405226577641e+02 3.330375405226577641e+02
0.000000000000000000e+00 0.000000000000000000e+00 0.000000000000000000e+00 0.000000000000000000e+00 0.000000000000000000e+00 0.000000000000000000e+00 0.000000000000000000e+00
0.000000000000000000e+00 0.000000000000000000e+00 0.000000000000000000e+00 0.000000000000000000e+00 0.000000000000000000e+00 0.000000000000000000e+00 0.000000000000000000e+00
8.090066910774976350e+01 8.165066910774976350e+01 8.140066910774976350e+01 8.240066910774976350e+01 8.190066910774976350e+01 8.215066910774976350e+01 8.240066910774976350e+01
4.498978696575656500e+01 2.067397869657565650e+02 2.212397869657565650e+02 4.723978696575656500e+01 4.623978696575656500e+01 4.548978696575656500e+01 4.523978696575656500e+01
4.781531070447272214e+01 4.756531070447272214e+01 4.756531070447272214e+01 4.756531070447272214e+01 4.831531070447272214e+01 4.731531070447272214e+01 2.283153107044727221e+02
8.566257271143712160e+01 8.516257271143712160e+01 8.541257271143712160e+01 8.641257271143712160e+01 8.641257271143712160e+01 8.616257271143712160e+01 2.661625727114371216e+02
0.000000000000000000e+00 0.000000000000000000e+00 0.000000000000000000e+00 0.000000000000000000e+00 0.000000000000000000e+00 0.000000000000000000e+00 0.000000000000000000e+00
3.217331742432173769e+02 3.217331742432173769e+02 3.217331742432173769e+02 3.217331742432173769e+02 3.217331742432173769e+02 3.217331742432173769e+02 3.217331742432173769e+02
4.284903315357195197e+01 4.284903315357195197e+01 4.334903315357195197e+01 4.334903315357195197e+01 4.359903315357195197e+01 4.309903315357195197e+01 4.284903315357195197e+01
1.999137979605023929e+01 1.974137979605023929e+01 1.749137979605023929e+01 1.999913797960502393e+02 1.992413797960502393e+02 1.989913797960502393e+02 1.994913797960502393e+02
1.111027940746158720e+02 2.928527940746158720e+02 2.936027940746158720e+02 1.111027940746158720e+02 1.113527940746158720e+02 2.913527940746158720e+02 2.911027940746158720e+02
3.067839449773539400e+02 1.202839449773539400e+02 1.202839449773539400e+02 1.235339449773539400e+02 1.227839449773539400e+02 1.207839449773539400e+02 1.230339449773539400e+02
1.064092928458235292e+02 1.509092928458235292e+02 1.501592928458235292e+02 3.316592928458235292e+02 3.321592928458235292e+02 3.331592928458235292e+02 3.314092928458235292e+02
