7.923128987979837223e-01 6.847689338185228847e-01 6.703887763166618274e-01 6.215876404132584243e-01 4.710137547083287357e-01 2.684130984249191165e-01 4.247090347714184144e-01
6.739325485234038959e-01 7.201406092894181432e-01 8.372970949408073960e-01 8.399905516707960595e-01 8.792738249885869717e-01 8.742073608044238497e-01 9.259721191702919851e-01
8.578579421818892659e-01 8.347893483847925733e-01 6.876219441154067802e-01 8.383152873856590803e-01 9.122956861926873051e-01 9.525491340955464237e-01 9.656533852324311606e-01
6.233680980437310559e-01 7.720907040894724460e-01 8.555952566111301172e-01 7.953554360584340621e-01 7.198882297737304592e-01 3.709690706891555223e-01 1.688225817009051111e-01
6.643362461387545270e-01 8.927427358270743074e-01 9.079049534955495604e-01 8.292928908941704647e-01 8.070467876195305257e-01 5.542248563532259364e-01 2.536979826373879643e-01
8.164753822945357564e-01 8.049600424203586790e-01 8.206705568301704279e-01 8.522117046876722668e-01 6.232195526404840091e-01 4.676380716925999104e-01 4.321704439192665670e-01
6.202074952696414734e-01 7.580429803206715222e-01 7.915100124430782813e-01 7.507915171145308486e-01 8.279286085658019712e-01 8.895398722530243329e-01 6.167836478550018375e-01
5.667357235303365215e-01 7.685663433361209496e-01 7.299584751287334639e-01 8.226249388863140499e-01 4.646055843845165456e-01 5.773184412343138616e-01 7.926295448613817074e-01
0.000000000000000000e+00 0.000000000000000000e+00 0.000000000000000000e+00 0.000000000000000000e+00 0.000000000000000000e+00 0.000000000000000000e+00 0.000000000000000000e+00
8.520781985179268769e-01 8.525087738039280882e-01 7.773012700822109489e-01 8.872542648429273537e-01 9.110388203976760302e-01 9.451394573808759025e-01 9.610099318023967996e-01
3.645825292352467550e-01 4.700252495169545686e-01 4.278939342904519716e-01 5.014720016449530915e-01 5.523112295689196483e-01 6.275009960313601143e-01 5.550815966266029466e-01
4.395057946614716604e-01 1.593228757242576010e-01 3.833222953425260981e-01 2.951639458626310608e-01 1.256413461172815327e-01 3.153557498849848262e-01 4.134442854043062221e-01
5.794060645957872513e-01 4.056846715912935664e-01 7.740433793939522911e-01 7.431095456318657089e-01 6.463506067059905380e-01 8.886707795644455121e-01 9.463237819215475355e-01
0.000000000000000000e+00 0.000000000000000000e+00 0.000000000000000000e+00 0.000000000000000000e+00 0.000000000000000000e+00 0.000000000000000000e+00 0.000000000000000000e+00
8.345872557638139844e-01 7.651985898551154630e-01 8.891479355859048805e-01 8.579602801688435143e-01 7.504307189817814860e-01 7.765007539165047490e-01 6.817853961245122774e-01
0.000000000000000000e+00 0.000000000000000000e+00 0.000000000000000000e+00 0.000000000000000000e+00 0.000000000000000000e+00 0.000000000000000000e+00 0.000000000000000000e+00
0.000000000000000000e+00 0.000000000000000000e+00 0.000000000000000000e+00 0.000000000000000000e+00 0.000000000000000000e+00 0.000000000000000000e+00 0.000000000000000000e+00
0.000000000000000000e+00 0.000000000000000000e+00 0.000000000000000000e+00 0.000000000000000000e+00 0.000000000000000000e+00 0.000000000000000000e+00 0.000000000000000000e+00
0.000000000000000000e+00 0.000000000000000000e+00 0.000000000000000000e+00 0.000000000000000000e+00 0.000000000000000000e+00 0.000000000000000000e+00 0.000000000000000000e+00
0.000000000000000000e+00 0.000000000000000000e+00 0.000000000000000000e+00 0.000000000000000000e+00 0.000000000000000000e+00 0.000000000000000000e+00 0.000000000000000000e+00
4.805732555459262256e-01 6.444805995201448034e-01 4.342302755946378379e-01 3.370782393766318386e-01 2.942000041710355895e-01 3.351908505258374693e-01 4.200479751518486626e-01
7.430715285265699910e-01 8.023984448219780852e-01 8.038513541737069001e-01 9.230031459283327688e-01 9.423428623150712502e-01 8.953751923674491131e-01 5.902675833875861144e-01
7.966429599230422376e-01 8.876509933997707158e-01 9.390338796189117154e-01 9.617499205714638011e-01 9.686066935025883229e-01 9.549978266371258462e-01 9.143711426636972339e-01
8.231453136924795633e-01 8.048496370961554236e-01 6.840542783645560121e-01 6.039578755987511371e-01 4.264513956260128635e-01 3.517639716010919626e-01 3.819027167002745360e-01
6.982532077653575975e-01 8.564475132491643494e-01 8.971764713516648948e-01 9.272911329586522866e-01 8.695662425083632296e-01 8.866101257026540727e-01 8.261804789179010289e-01
8.660349666048786643e-01 8.569902999361025397e-01 6.782435403918118944e-01 7.661589058801127061e-01 8.807017600105918609e-01 8.172118584060417135e-01 3.875529480273876004e-01
7.651917933193843613e-01 7.436251196204642921e-01 7.803501061947794026e-01 9.298403908391582595e-01 9.766319364182667329e-01 9.817232944011277107e-01 9.797448096097035597e-01
0.000000000000000000e+00 0.000000000000000000e+00 0.000000000000000000e+00 0.000000000000000000e+00 0.000000000000000000e+00 0.000000000000000000e+00 0.000000000000000000e+00
7.225247664789682389e-01 7.581720349964031769e-01 5.863412237382297221e-01 8.021876868841192332e-01 8.061994982318309022e-01 7.621318466075072129e-01 3.076882704707750160e-01
4.208135590409285975e-01 3.999225732976823822e-01 2.223296101780471989e-01 7.728324288059193470e-02 4.039301398715131053e-01 2.866752938834395970e-01 1.092673605709263418e-01
7.425845827515996644e-01 8.342531185974729757e-01 9.142766102407462459e-01 7.686010625187986722e-01 4.606040270282418247e-01 3.364956193583300004e-01 5.074192197886404632e-01
8.806813647864255579e-01 9.313458579036553164e-01 9.470420325613166934e-01 9.190410997625149125e-01 9.057189642152277953e-01 6.418934722117699554e-01 2.763472318657013149e-01
0.000000000000000000e+00 0.000000000000000000e+00 0.000000000000000000e+00 0.000000000000000000e+00 0.000000000000000000e+00 0.000000000000000000e+00 0.000000000000000000e+00
7.058256675116111323e-01 8.516287978390022495e-01 8.619472727536857670e-01 9.309821874130099761e-01 9.737809806385987477e-01 9.849923655504787545e-01 9.898933577756985347e-01
7.544486039181694803e-01 8.426695261004687465e-01 9.033200534817048544e-01 8.309916862863154785e-01 7.862170249094645458e-01 8.104392393874990663e-01 8.626782758185387312e-01
9.393776180000412701e-01 9.476114467277203524e-01 9.000945069880275096e-01 8.168058254934005280e-01 8.759948797657800545e-01 6.369218680520996045e-01 3.064750089599043714e-01
7.284203899943223481e-01 5.084551635833984840e-01 6.688220961366316830e-01 6.369083437128756353e-01 7.861733933207554204e-01 8.348056955017071346e-01 8.813955917579385790e-01
6.949109038099827718e-01 7.746013745739079859e-01 8.019456512120292091e-01 7.548618632670012207e-01 5.377407067286316122e-01 3.014794720881098788e-01 4.823773933796746682e-01
4.933597599055102867e-01 5.515048230262981077e-01 6.789858695617608797e-01 6.777156924097395008e-01 8.387181476519135481e-01 8.280978838117718510e-01 8.901224626752265445e-01
