8.454288929604580893e-01 7.804867540792166380e-01 6.088616358434970621e-01 4.647067402047025952e-01 4.668043328569818073e-01 2.528729045423213639e-01 1.877903222778389281e-01
6.569419223088629467e-01 8.701158455787187940e-01 9.461405321275784264e-01 9.451649514615765302e-01 9.115527874598865488e-01 6.489512990199591824e-01 7.473520841660752367e-01
8.436369282247890844e-01 8.712390681321262598e-01 8.543731437006744089e-01 8.124973905824317555e-01 9.247806404900260624e-01 9.608897716323568927e-01 9.821002617380329980e-01
7.638735357890071853e-01 9.008919936601637035e-01 9.325429197114516455e-01 8.053571328507752591e-01 7.995695811079515103e-01 7.303366421206517467e-01 4.581917521733444021e-01
7.307187233951455418e-01 9.247311264767404948e-01 8.896599555974831208e-01 7.688423612990668010e-01 8.119128506340682616e-01 7.519877071280736125e-01 5.641984081486238756e-01
9.373323365398587015e-01 8.767927100445498390e-01 8.099306752647220664e-01 7.562650353784051704e-01 7.025650427438141499e-01 6.126846566046311171e-01 7.276285253504566342e-01
6.665396988125773525e-01 8.130362587368642480e-01 9.056948210067431448e-01 9.255836791503163630e-01 9.442972300594334456e-01 9.285416964470433188e-01 9.596949446497069491e-01
8.926264247112614125e-01 8.683673057457788058e-01 7.720090559944605690e-01 7.026859913269928315e-01 6.267724421484290875e-01 6.184999091287581852e-01 8.955649077532131797e-01
0.000000000000000000e+00 0.000000000000000000e+00 0.000000000000000000e+00 0.000000000000000000e+00 0.000000000000000000e+00 0.000000000000000000e+00 0.000000000000000000e+00
8.572022189551091742e-01 8.715078409472644116e-01 8.003243196748578425e-01 8.553755910583586974e-01 9.593672034585306596e-01 9.722073375075998003e-01 9.845353602756459210e-01
8.157561415270231375e-01 6.910469922010432642e-01 5.793441595273800537e-01 3.056395374286670075e-01 1.861496245069729494e-01 3.246593994088832202e-01 6.230263798071502546e-01
5.000521554098060761e-01 2.089667235863217343e-01 1.647357484122105031e-01 2.476618653701768702e-01 1.860854244183918482e-01 3.198434152586233647e-01 4.747384974990612738e-01
7.197060831769030997e-01 7.615992773693137652e-01 8.343947273756707750e-01 8.743662643357517084e-01 8.764418705360430550e-01 8.692317697820780564e-01 9.606429353546795946e-01
0.000000000000000000e+00 0.000000000000000000e+00 0.000000000000000000e+00 0.000000000000000000e+00 0.000000000000000000e+00 0.000000000000000000e+00 0.000000000000000000e+00
8.224908823754625287e-01 8.642402581575597820e-01 8.803571830637372253e-01 9.158369328031302770e-01 9.176196131099780828e-01 9.660564987287374450e-01 9.765144305402995162e-01
0.000000000000000000e+00 0.000000000000000000e+00 0.000000000000000000e+00 0.000000000000000000e+00 0.000000000000000000e+00 0.000000000000000000e+00 0.000000000000000000e+00
0.000000000000000000e+00 0.000000000000000000e+00 0.000000000000000000e+00 0.000000000000000000e+00 0.000000000000000000e+00 0.000000000000000000e+00 0.000000000000000000e+00
0.000000000000000000e+00 0.000000000000000000e+00 0.000000000000000000e+00 0.000000000000000000e+00 0.000000000000000000e+00 0.000000000000000000e+00 0.000000000000000000e+00
0.000000000000000000e+00 0.000000000000000000e+00 0.000000000000000000e+00 0.000000000000000000e+00 0.000000000000000000e+00 0.000000000000000000e+00 0.000000000000000000e+00
0.000000000000000000e+00 0.000000000000000000e+00 0.000000000000000000e+00 0.000000000000000000e+00 0.000000000000000000e+00 0.000000000000000000e+00 0.000000000000000000e+00
8.192774004545917421e-01 8.593767490552527422e-01 6.693596274725726047e-01 6.832121106841962943e-01 5.616987030613649345e-01 6.289354144350223219e-01 3.670931332843870298e-01
8.562955881576402861e-01 9.112777536399822020e-01 9.319890231545409076e-01 9.409843342610839656e-01 9.422650187619392437e-01 8.487439658384909880e-01 3.664647999156967484e-01
8.858724638698561860e-01 9.237053233191233614e-01 8.883841566629735453e-01 9.051247265131119324e-01 8.867694308598532693e-01 9.615668503449315008e-01 9.711497990740490804e-01
8.600331876449446300e-01 9.320249188895078918e-01 9.404349560892315552e-01 8.782522545535133007e-01 8.408176848323730690e-01 6.529707284368898579e-01 6.851808246631129196e-01
9.091680055279552919e-01 8.772224109042894291e-01 8.726294265072550571e-01 9.151292230418875961e-01 9.026914365613861735e-01 9.462835401084581655e-01 9.188099109955275567e-01
9.290846424157442884e-01 9.175252939652356332e-01 8.724130797819920069e-01 7.893347894485159832e-01 8.453097706708883052e-01 9.110754965600369459e-01 7.951439362603749395e-01
8.798500323586619931e-01 8.730693137053516795e-01 8.789328850131696846e-01 9.032075893908421138e-01 9.582836472364955060e-01 9.685551037959175824e-01 9.880641984790395904e-01
0.000000000000000000e+00 0.000000000000000000e+00 0.000000000000000000e+00 0.000000000000000000e+00 0.000000000000000000e+00 0.000000000000000000e+00 0.000000000000000000e+00
8.904471656087163955e-01 9.220976827066382775e-01 9.094230682579540481e-01 8.926797372751996695e-01 8.864987424771609836e-01 5.284692689869628923e-01 4.843046552171720864e-01
1.268277184486397147e-01 2.654889016212763631e-01 5.158042718420066119e-01 1.450506319990143289e-01 3.302195138307982836e-01 4.956655735422695885e-01 3.219956872026270012e-01
8.871950213482627801e-01 8.973646709211999806e-01 9.111813149069237783e-01 8.166584271365034953e-01 8.056504681568064097e-01 6.765842740363677832e-01 7.814265339153076972e-01
9.007233841949376929e-01 8.807962390564368915e-01 8.700194331796686775e-01 8.633134282108593238e-01 8.214204597357092075e-01 8.953104236922648784e-01 7.817396902154838401e-01
0.000000000000000000e+00 0.000000000000000000e+00 0.000000000000000000e+00 0.000000000000000000e+00 0.000000000000000000e+00 0.000000000000000000e+00 0.000000000000000000e+00
8.829623375619312098e-01 9.153843123168368123e-01 9.199536962414566199e-01 9.105830264724855683e-01 9.774229483593754875e-01 9.923530712935846321e-01 9.839235169172780848e-01
8.836508700117141624e-01 9.451240825276731039e-01 7.976907597341180711e-01 7.516529055141123461e-01 8.715668029386187676e-01 8.422489455604615927e-01 8.084950905928601772e-01
8.281171168986299902e-01 8.286940157685037667e-01 8.351433530622590640e-01 6.547295181505445871e-01 8.546933431311801721e-01 8.110815851982632330e-01 7.691353449113522700e-01
8.456414861389697224e-01 7.054382909351922804e-01 4.359936696276037194e-01 6.573668199259494749e-01 7.886039647244497131e-01 6.921947104793390038e-01 8.729570386485134836e-01
7.233343233489939461e-01 7.507516519107961805e-01 7.676521137905436554e-01 7.039173639979702246e-01 4.313705886845088378e-01 3.467364589193151492e-01 2.596457688098222638e-01
5.184499298792741850e-01 7.183428118038663879e-01 7.273951556988556000e-01 8.090978468419991465e-01 9.191898273586391888e-01 8.546845882955065310e-01 9.194105360019566575e-01
5.485275168006765734e-01 4.722338978109388852e-01 6.789011058387620645e-01 6.312859786995788092e-01 3.296093340548421624e-01 3.312817703756638088e-01 3.573599911139299090e-01
8.954027140095001114e-01 9.204171505475530202e-01 8.916293571356780356e-01 7.964915835285204526e-01 6.767915693014846523e-01 6.219783087613240946e-01 6.209603803646650544e-01
0.000000000000000000e+00 0.000000000000000000e+00 0.000000000000000000e+00 0.000000000000000000e+00 0.000000000000000000e+00 0.000000000000000000e+00 0.000000000000000000e+00
8.736006151514492668e-01 8.717336678361106150e-01 8.288240410994892615e-01 7.678257741556964167e-01 5.219541335964624773e-01 3.194818690435219932e-01 5.695739145568128325e-01
8.033681016621732063e-01 7.820222294386866002e-01 4.564409127834267443e-01 6.370195469859516457e-01 6.449274797975765861e-01 7.305609383421238778e-01 7.761421235386287698e-01
7.192481627160541846e-01 6.930634341288088862e-01 7.093621343790288414e-01 5.569182449432922288e-01 7.202388001755682945e-01 4.970311529912885828e-01 6.038971727955511071e-01
6.640019923284478098e-01 4.041905752002736829e-01 5.914597764383582312e-01 8.281792499935977103e-01 6.854903480907380553e-01 5.621309680937711661e-01 5.717323747182170290e-01
8.321437019842504723e-01 7.804108342596079995e-01 9.053038859647801750e-01 8.169380734108523390e-01 7.196394637234940772e-01 8.459848718755419439e-01 9.329839702046403005e-01
0.000000000000000000e+00 0.000000000000000000e+00 0.000000000000000000e+00 0.000000000000000000e+00 0.000000000000000000e+00 0.000000000000000000e+00 0.000000000000000000e+00
0.000000000000000000e+00 0.000000000000000000e+00 0.000000000000000000e+00 0.000000000000000000e+00 0.000000000000000000e+00 0.000000000000000000e+00 0.000000000000000000e+00
6.240883848848224336e-01 7.169505665038410358e-01 8.348552253057918149e-01 6.910712028638086313e-01 5.440619311901659927e-01 3.893772231332525702e-01 6.657705386073925480e-01
8.146629588227630725e-01 8.491034246803550456e-01 8.412930392519332168e-01 7.965193517625762665e-01 7.377760275123808054e-01 4.596207788514441450e-01 5.408173520174547333e-01
8.010033738677647674e-01 6.950882554866886220e-01 3.409170098496451251e-01 2.444348689493810733e-01 5.095007429381817055e-01 7.071381288889088124e-01 7.638574502261114008e-01
0.000000000000000000e+00 0.000000000000000000e+00 0.000000000000000000e+00 0.000000000000000000e+00 0.000000000000000000e+00 0.000000000000000000e+00 0.000000000000000000e+00
0.000000000000000000e+00 0.000000000000000000e+00 0.000000000000000000e+00 0.000000000000000000e+00 0.000000000000000000e+00 0.000000000000000000e+00 0.000000000000000000e+00
0.000000000000000000e+00 0.000000000000000000e+00 0.000000000000000000e+00 0.000000000000000000e+00 0.000000000000000000e+00 0.000000000000000000e+00 0.000000000000000000e+00
0.000000000000000000e+00 0.000000000000000000e+00 0.000000000000000000e+00 0.000000000000000000e+00 0.000000000000000000e+00 0.000000000000000000e+00 0.000000000000000000e+00
0.000000000000000000e+00 0.000000000000000000e+00 0.000000000000000000e+00 0.000000000000000000e+00 0.000000000000000000e+00 0.000000000000000000e+00 0.000000000000000000e+00
0.000000000000000000e+00 0.000000000000000000e+00 0.000000000000000000e+00 0.000000000000000000e+00 0.000000000000000000e+00 0.000000000000000000e+00 0.000000000000000000e+00
0.000000000000000000e+00 0.000000000000000000e+00 0.000000000000000000e+00 0.000000000000000000e+00 0.000000000000000000e+00 0.000000000000000000e+00 0.000000000000000000e+00
4.933023855981576999e-01 5.848414313608446546e-01 7.675300312841208950e-01 8.376995613290224574e-01 8.045068509989424799e-01 6.946234306392660152e-01 7.482762539656531153e-01
5.463007211833884602e-01 5.047550905331718019e-01 7.997509980690339360e-01 8.691678042932001746e-01 9.186456822261592770e-01 9.497472786497347386e-01 9.522799047580285947e-01
9.469575698878995862e-01 9.654829680640730771e-01 9.753391382120009112e-01 9.449297361377811955e-01 9.020589553566019658e-01 6.736098628036467639e-01 4.360709681636597002e-01
0.000000000000000000e+00 0.000000000000000000e+00 0.000000000000000000e+00 0.000000000000000000e+00 0.000000000000000000e+00 0.000000000000000000e+00 0.000000000000000000e+00
0.000000000000000000e+00 0.000000000000000000e+00 0.000000000000000000e+00 0.000000000000000000e+00 0.000000000000000000e+00 0.000000000000000000e+00 0.000000000000000000e+00
0.000000000000000000e+00 0.000000000000000000e+00 0.000000000000000000e+00 0.000000000000000000e+00 0.000000000000000000e+00 0.000000000000000000e+00 0.000000000000000000e+00
0.000000000000000000e+00 0.000000000000000000e+00 0.000000000000000000e+00 0.000000000000000000e+00 0.000000000000000000e+00 0.000000000000000000e+00 0.000000000000000000e+00
0.000000000000000000e+00 0.000000000000000000e+00 0.000000000000000000e+00 0.000000000000000000e+00 0.000000000000000000e+00 0.000000000000000000e+00 0.000000000000000000e+00
8.203637727572724581e-01 7.761714989899080042e-01 6.803214993162555180e-01 5.745002418312071812e-01 4.067013535610546904e-01 4.004585336043553490e-01 7.000137983877222636e-01
