8.677618052213887934e-01 6.545784306005540953e-01 6.220330507802228626e-01 5.850345049062313230e-01 6.727675032532521859e-01 4.614743669899399325e-01 1.429424217846418932e-01
8.546855294359525512e-01 8.989417904557953642e-01 8.932996987284562707e-01 9.372337096849784333e-01 9.038925245537334785e-01 6.772410035607897560e-01 6.927795717098474970e-01
7.811271196025482144e-01 7.785043392218365943e-01 5.325415355735955147e-01 7.362432481139135065e-01 8.826683050653512108e-01 9.178849828689424895e-01 9.511688531897193322e-01
7.157695039257402359e-01 8.452449362179413894e-01 9.220948877756142137e-01 9.328640682536213369e-01 9.381942620815986178e-01 7.636239821891356305e-01 5.418222022868484089e-01
5.650128841859807238e-01 8.103066781952203979e-01 9.071579338172989226e-01 9.065795727952262739e-01 9.268178617369372541e-01 8.102759582129110960e-01 5.761764628169770974e-01
8.993165942355674236e-01 9.094186927621107364e-01 8.488514500083790271e-01 9.105529713823683480e-01 8.523283461033615005e-01 8.244665515326680127e-01 9.006702714739268645e-01
8.281918919059823025e-01 8.528281942124046333e-01 8.427465916552256964e-01 8.990699968724090718e-01 8.143649809144192231e-01 8.234449583390998084e-01 6.719455262446593080e-01
8.213823422776219685e-01 8.539859141031137524e-01 7.841116927963076577e-01 7.238451433947082903e-01 5.023777533933838635e-01 5.043381206858222887e-01 9.127386226040608008e-01
0.000000000000000000e+00 0.000000000000000000e+00 0.000000000000000000e+00 0.000000000000000000e+00 0.000000000000000000e+00 0.000000000000000000e+00 0.000000000000000000e+00
9.087468876554024577e-01 9.245998528258677629e-01 7.283430726250014198e-01 8.491216759248777501e-01 9.312403340510985172e-01 9.554325028598258385e-01 9.718309996158910335e-01
3.480118289672312626e-01 5.867913675086010583e-01 2.445307164055343652e-01 3.527775574940346104e-01 6.021225094158745295e-01 4.229970512488557266e-01 4.516713499176214786e-01
2.095147530414609716e-01 2.857241155581904390e-01 1.740683691450620463e-01 1.234656518867440489e-01 3.162310266694460248e-01 5.487197293545136301e-01 2.841276397707199197e-01
7.175524976502165586e-01 8.009319609174535559e-01 8.348126869212175727e-01 8.808503964468541447e-01 8.011236558857057766e-01 7.408215795376498214e-01 9.469665371565009204e-01
0.000000000000000000e+00 0.000000000000000000e+00 0.000000000000000000e+00 0.000000000000000000e+00 0.000000000000000000e+00 0.000000000000000000e+00 0.000000000000000000e+00
8.884211592055245577e-01 8.791407838393078267e-01 8.117282021827070260e-01 8.875638814383436381e-01 7.881201609573865730e-01 7.130937451933969662e-01 7.830313373590193082e-01
0.000000000000000000e+00 0.000000000000000000e+00 0.000000000000000000e+00 0.000000000000000000e+00 0.000000000000000000e+00 0.000000000000000000e+00 0.000000000000000000e+00
0.000000000000000000e+00 0.000000000000000000e+00 0.000000000000000000e+00 0.000000000000000000e+00 0.000000000000000000e+00 0.000000000000000000e+00 0.000000000000000000e+00
0.000000000000000000e+00 0.000000000000000000e+00 0.000000000000000000e+00 0.000000000000000000e+00 0.000000000000000000e+00 0.000000000000000000e+00 0.000000000000000000e+00
0.000000000000000000e+00 0.000000000000000000e+00 0.000000000000000000e+00 0.000000000000000000e+00 0.000000000000000000e+00 0.000000000000000000e+00 0.000000000000000000e+00
0.000000000000000000e+00 0.000000000000000000e+00 0.000000000000000000e+00 0.000000000000000000e+00 0.000000000000000000e+00 0.000000000000000000e+00 0.000000000000000000e+00
6.665443905174220918e-01 7.647037900683116840e-01 7.000934551538920969e-01 3.244587078459071905e-01 2.168232587306191672e-01 1.009719086763995466e-01 5.140495349961096139e-01
8.726765425561807676e-01 8.684586838117345220e-01 8.814872584293625968e-01 9.272996774484281168e-01 9.382244376471902125e-01 9.267387534162844220e-01 8.317034779903502706e-01
7.710603102558278854e-01 8.576643424396033222e-01 9.309827111621074014e-01 9.635499126490949529e-01 9.343473197855886037e-01 9.108086180401571141e-01 8.348150886004803706e-01
9.282783149406906853e-01 9.324654731759690618e-01 8.960141258857367008e-01 9.582126590860048365e-01 9.414128026789119197e-01 8.675151140363699387e-01 8.558678110903541469e-01
7.977537388255463435e-01 8.372658610025207615e-01 9.112580562158961728e-01 8.957606010790467588e-01 8.780122158687592160e-01 8.983727204802615107e-01 9.042976713140616907e-01
8.664258665925640424e-01 7.136206173869243941e-01 8.258872152154478341e-01 9.604312611893061069e-01 9.590882230836698108e-01 8.444143083867889921e-01 3.644825682610553508e-01
7.058407755824011032e-01 7.619044985665249792e-01 7.991495350535793296e-01 8.564689835223897596e-01 8.289681130263214515e-01 8.993180822927087092e-01 6.023065259204276600e-01
0.000000000000000000e+00 0.000000000000000000e+00 0.000000000000000000e+00 0.000000000000000000e+00 0.000000000000000000e+00 0.000000000000000000e+00 0.000000000000000000e+00
9.337789899583989195e-01 9.200689710774297980e-01 8.417654761493698068e-01 9.090625148707001113e-01 8.640326250380696571e-01 7.004457276200076743e-01 6.067186904525450064e-01
2.436672034448655877e-01 4.690052580487145684e-01 7.292586001702222598e-01 5.902946968151641105e-01 8.305971425881314429e-02 2.390830075015611678e-01 2.115947218041839550e-01
8.578090740479659138e-01 8.761436727782706546e-01 9.098924479483232464e-01 6.091024452888126328e-01 3.802468601261950742e-01 6.331060559341991079e-01 8.463046887537326590e-01
8.778803876095164771e-01 9.262883930706441449e-01 9.467756537855421817e-01 9.151433535318710399e-01 8.416100095325779185e-01 3.681469451635665524e-01 2.504686933768666135e-01
0.000000000000000000e+00 0.000000000000000000e+00 0.000000000000000000e+00 0.000000000000000000e+00 0.000000000000000000e+00 0.000000000000000000e+00 0.000000000000000000e+00
7.835181640203463527e-01 9.336068154218919446e-01 9.583907947799660265e-01 9.788027713686289211e-01 9.921228143789684317e-01 9.920972095750665298e-01 9.901379754144251644e-01
8.597223986580702082e-01 8.253896602435413232e-01 8.103321188628797023e-01 9.055394800822845758e-01 8.771358881902214799e-01 7.815945058430063819e-01 1.373888013384590989e-01
9.101088228725764395e-01 9.117739693077997476e-01 8.059698774454087111e-01 1.894146695808906211e-01 4.024717824154230295e-01 5.344176785592498202e-01 2.885718520615248028e-01
7.890144784050932003e-01 7.466981479079266570e-01 5.975795770640399684e-01 3.840008394529873526e-01 7.454791335851960188e-01 8.436294614369073130e-01 8.773542320650240534e-01
7.362540698071449174e-01 6.863813671573011366e-01 2.099108496690438030e-01 2.119965641204482054e-01 2.797195695617574751e-01 3.669988076146689648e-01 4.037528844890577728e-01
4.466896424614200112e-01 5.024864060923260878e-01 7.162439082344008723e-01 8.614047684184329423e-01 8.861536784898355057e-01 5.602232860694407179e-01 3.597339933606824580e-01
